      40.0000     0.100000  3.27709e-12
      40.0000     0.200000  1.30907e-11
      40.0000     0.300000  2.94229e-11
      40.0000     0.400000  5.22647e-11
      40.0000     0.500000  8.16159e-11
      40.0000     0.600000  1.17483e-10
      40.0000     0.700000  1.59880e-10
      40.0000     0.800000  2.08826e-10
      40.0000     0.900000  2.64353e-10
      40.0000      1.00000  3.26495e-10
      40.0000      1.10000  3.95295e-10
      40.0000      1.20000  4.70809e-10
      40.0000      1.30000  5.53096e-10
      40.0000      1.40000  6.42219e-10
      40.0000      1.50000  7.38251e-10
      40.0000      1.60000  8.41272e-10
      40.0000      1.70000  9.51352e-10
      40.0000      2.00000  1.32461e-09
      40.0000      2.50000  2.09168e-09
      40.0000      3.00000  3.03355e-09
      40.0000      3.50000  4.13170e-09
      40.0000      4.00000  5.36764e-09
      40.0000      4.50000  6.73148e-09
      40.0000      5.00000  8.22006e-09
      40.0000      5.50000  9.83268e-09
      40.0000      6.00000  1.15683e-08
      40.0000      6.50000  1.34250e-08
      40.0000      7.00000  1.54003e-08
      40.0000      7.50000  1.74911e-08
      40.0000      8.00000  1.96941e-08
      40.0000      8.50000  2.20061e-08
      40.0000      9.00000  2.44239e-08
      40.0000      9.50000  2.69447e-08
      40.0000      10.0000  2.95659e-08
      40.0000      10.5000  3.22855e-08
      40.0000      11.0000  3.51019e-08
      40.0000      11.5000  3.80134e-08
      40.0000      12.0000  4.10195e-08
      40.0000      14.0000  5.39591e-08
      40.0000      16.0000  6.82365e-08
      40.0000      18.0000  8.35375e-08
      40.0000      20.0000  9.94304e-08
      40.0000      25.0000  1.39143e-07
      40.0000      30.0000  1.75405e-07
      40.0000      35.0000  2.05795e-07
      40.0000      40.0000  2.29533e-07
      40.0000      45.0000  2.46817e-07
      40.0000      50.0000  2.58368e-07
      40.0000      55.0000  2.65085e-07
      40.0000      60.0000  2.67834e-07
      40.0000      65.0000  2.67439e-07
      40.0000      70.0000  2.64605e-07
      40.0000      75.0000  2.59953e-07
      40.0000      80.0000  2.53963e-07
      40.0000      85.0000  2.47020e-07
      40.0000      90.0000  2.39449e-07
      40.0000      95.0000  2.31485e-07
      40.0000      100.000  2.23327e-07
      40.0000      110.000  2.06953e-07
      40.0000      120.000  1.91058e-07
      40.0000      130.000  1.76055e-07
      40.0000      140.000  1.62117e-07
      40.0000      150.000  1.49284e-07
      40.0000      160.000  1.37553e-07
      40.0000      170.000  1.26927e-07
      40.0000      180.000  1.17244e-07
      40.0000      190.000  1.08531e-07
      40.0000      200.000  1.00799e-07
      40.0000      210.000  9.41127e-08
      40.0000      220.000  8.86676e-08
      40.0000      230.000  8.48387e-08
      40.0000      240.000  8.32770e-08
      40.0000      250.000  8.52361e-08
      40.0000      260.000  9.31003e-08
      40.0000      270.000  1.11140e-07
      40.0000      280.000  1.49942e-07
      40.0000      290.000  2.30544e-07
      40.0000      300.000  3.93733e-07
      40.0000      310.000  6.41233e-07
      40.0000      320.000  1.10410e-06
      40.0000      330.000  1.83128e-06
      40.0000      340.000  2.76977e-06
      40.0000      350.000  4.21863e-06
      40.0000      360.000  5.26136e-06
      40.0000      365.000  5.03860e-06
      40.0000      370.000  5.13775e-06
      40.0000      380.000  5.06846e-06
      40.0000      390.000  4.46851e-06
      40.0000      400.000  3.78852e-06
      40.0000      410.000  3.09294e-06
      40.0000      420.000  2.58249e-06
      40.0000      430.000  2.16160e-06
      40.0000      440.000  1.82006e-06
      40.0000      450.000  1.54304e-06
      40.0000      460.000  1.32008e-06
      40.0000      470.000  1.14163e-06
      40.0000      480.000  1.00199e-06
      40.0000      490.000  8.99171e-07
      40.0000      500.000  8.35134e-07
      40.0000      510.000  8.19928e-07
      40.0000      520.000  8.79096e-07
      40.0000      530.000  1.08509e-06
      40.0000      540.000  1.47876e-06
      40.0000      550.000  2.21564e-06
      40.0000      560.000  3.44761e-06
      40.0000      570.000  5.08718e-06
      40.0000      580.000  7.39953e-06
      40.0000      590.000  9.36628e-06
      40.0000      600.000  9.40329e-06
      40.0000      610.000  9.39520e-06
      40.0000      620.000  8.42956e-06
      40.0000      630.000  7.15584e-06
      40.0000      640.000  5.84664e-06
      40.0000      650.000  4.85228e-06
      40.0000      660.000  4.03376e-06
      40.0000      670.000  3.37205e-06
      40.0000      680.000  2.83990e-06
      40.0000      690.000  2.41217e-06
      40.0000      700.000  2.06805e-06
      40.0000      710.000  1.78758e-06
      40.0000      720.000  1.55077e-06
      40.0000      730.000  1.35399e-06
      40.0000      740.000  1.18447e-06
      40.0000      750.000  1.03988e-06
      40.0000      760.000  9.16606e-07
      40.0000      770.000  8.11248e-07
      40.0000      780.000  7.20884e-07
      40.0000      790.000  6.43124e-07
      40.0000      800.000  5.75788e-07
      40.0000      810.000  5.17188e-07
      40.0000      820.000  4.66021e-07
      40.0000      830.000  4.21169e-07
      40.0000      840.000  3.81876e-07
      40.0000      850.000  3.47088e-07
      40.0000      860.000  3.16542e-07
      40.0000      870.000  2.89848e-07
      40.0000      880.000  2.67697e-07
      40.0000      890.000  2.49355e-07
      40.0000      900.000  2.36313e-07
      40.0000      910.000  2.29877e-07
      40.0000      920.000  2.30520e-07
      40.0000      930.000  2.37961e-07
      40.0000      940.000  2.56472e-07
      40.0000      950.000  2.49236e-07
      40.0000      960.000  2.38003e-07
      40.0000      970.000  2.20708e-07
      40.0000      980.000  1.97260e-07
      40.0000      990.000  1.73968e-07
      40.0000      1000.00  1.53274e-07
      40.0000      1010.00  1.35596e-07
      40.0000      1020.00  1.20664e-07
      40.0000      1030.00  1.08063e-07
      40.0000      1040.00  9.73825e-08
      40.0000      1050.00  8.82303e-08
      40.0000      1060.00  8.03779e-08
      40.0000      1070.00  7.36189e-08
      40.0000      1080.00  6.78388e-08
      40.0000      1090.00  6.29887e-08
      40.0000      1100.00  5.93298e-08
      40.0000      1110.00  5.68438e-08
      40.0000      1120.00  5.59057e-08
      40.0000      1130.00  5.72786e-08
      40.0000      1140.00  6.22124e-08
      40.0000      1150.00  7.13812e-08
      40.0000      1160.00  8.46524e-08
      40.0000      1170.00  1.05633e-07
      40.0000      1180.00  1.13593e-07
      40.0000      1190.00  1.11093e-07
      40.0000      1200.00  1.06539e-07
      40.0000      1210.00  9.57988e-08
      40.0000      1220.00  8.37792e-08
      40.0000      1230.00  7.27782e-08
      40.0000      1240.00  6.33763e-08
      40.0000      1250.00  5.55246e-08
      40.0000      1260.00  4.89998e-08
      40.0000      1270.00  4.35561e-08
      40.0000      1280.00  3.89787e-08
      40.0000      1290.00  3.50926e-08
      40.0000      1300.00  3.17616e-08
      40.0000      1325.00  2.52250e-08
      40.0000      1350.00  2.04530e-08
      40.0000      1375.00  1.68341e-08
      40.0000      1400.00  1.40058e-08
      40.0000      1425.00  1.17550e-08
      40.0000      1450.00  9.94182e-09
      40.0000      1475.00  8.47917e-09
      40.0000      1500.00  7.31475e-09
      40.0000      1525.00  6.53672e-09
      40.0000      1550.00  6.30480e-09
      40.0000      1575.00  7.30007e-09
      40.0000      1600.00  9.86852e-09
      40.0000      1625.00  1.54704e-08
      40.0000      1650.00  1.67870e-08
      40.0000      1675.00  1.73868e-08
      40.0000      1700.00  1.66102e-08
      40.0000      1725.00  1.48957e-08
      40.0000      1750.00  1.29173e-08
      40.0000      1775.00  1.10137e-08
      40.0000      1800.00  9.31209e-09
      40.0000      1825.00  7.84325e-09
      40.0000      1850.00  6.59765e-09
      40.0000      1875.00  5.55099e-09
      40.0000      1900.00  4.67524e-09
      40.0000      1925.00  3.94439e-09
      40.0000      1950.00  3.33449e-09
      40.0000      1975.00  2.82533e-09
      40.0000      2000.00  2.39905e-09
      40.0000      2025.00  2.04199e-09
      40.0000      2050.00  1.74238e-09
      40.0000      2075.00  1.49043e-09
      40.0000      2100.00  1.27766e-09
      40.0000      2125.00  1.09777e-09
      40.0000      2150.00  9.45650e-10
      40.0000      2175.00  8.16534e-10
      40.0000      2200.00  7.06386e-10
      40.0000      2225.00  6.12275e-10
      40.0000      2250.00  5.31980e-10
      40.0000      2275.00  4.63206e-10
      40.0000      2300.00  4.04102e-10
      40.0000      2325.00  3.53021e-10
      40.0000      2350.00  3.08985e-10
      40.0000      2375.00  2.71060e-10
      40.0000      2400.00  2.38284e-10

      51.6620     0.100000  2.33389e-12
      51.6620     0.200000  9.32758e-12
      51.6620     0.300000  2.09728e-11
      51.6620     0.400000  3.72667e-11
      51.6620     0.500000  5.82115e-11
      51.6620     0.600000  8.38145e-11
      51.6620     0.700000  1.14090e-10
      51.6620     0.800000  1.49056e-10
      51.6620     0.900000  1.88735e-10
      51.6620      1.00000  2.33157e-10
      51.6620      1.10000  2.82349e-10
      51.6620      1.20000  3.36344e-10
      51.6620      1.30000  3.95179e-10
      51.6620      1.40000  4.58881e-10
      51.6620      1.50000  5.27475e-10
      51.6620      1.60000  6.00980e-10
      51.6620      1.70000  6.79414e-10
      51.6620      2.00000  9.44226e-10
      51.6620      2.50000  1.48232e-09
      51.6620      3.00000  2.13570e-09
      51.6620      3.50000  2.89762e-09
      51.6620      4.00000  3.76362e-09
      51.6620      4.50000  4.73147e-09
      51.6620      5.00000  5.79945e-09
      51.6620      5.50000  6.96609e-09
      51.6620      6.00000  8.22941e-09
      51.6620      6.50000  9.58743e-09
      51.6620      7.00000  1.10381e-08
      51.6620      7.50000  1.25788e-08
      51.6620      8.00000  1.42075e-08
      51.6620      8.50000  1.59218e-08
      51.6620      9.00000  1.77195e-08
      51.6620      9.50000  1.95988e-08
      51.6620      10.0000  2.15578e-08
      51.6620      10.5000  2.35951e-08
      51.6620      11.0000  2.57097e-08
      51.6620      11.5000  2.79006e-08
      51.6620      12.0000  3.01668e-08
      51.6620      14.0000  3.99643e-08
      51.6620      16.0000  5.08456e-08
      51.6620      18.0000  6.26176e-08
      51.6620      20.0000  7.50306e-08
      51.6620      25.0000  1.07256e-07
      51.6620      30.0000  1.38647e-07
      51.6620      35.0000  1.66964e-07
      51.6620      40.0000  1.91047e-07
      51.6620      45.0000  2.10520e-07
      51.6620      50.0000  2.25507e-07
      51.6620      55.0000  2.36376e-07
      51.6620      60.0000  2.43608e-07
      51.6620      65.0000  2.47725e-07
      51.6620      70.0000  2.49236e-07
      51.6620      75.0000  2.48622e-07
      51.6620      80.0000  2.46299e-07
      51.6620      85.0000  2.42624e-07
      51.6620      90.0000  2.37899e-07
      51.6620      95.0000  2.32400e-07
      51.6620      100.000  2.26341e-07
      51.6620      110.000  2.13200e-07
      51.6620      120.000  1.99485e-07
      51.6620      130.000  1.85866e-07
      51.6620      140.000  1.72755e-07
      51.6620      150.000  1.60318e-07
      51.6620      160.000  1.48794e-07
      51.6620      170.000  1.38237e-07
      51.6620      180.000  1.28702e-07
      51.6620      190.000  1.20209e-07
      51.6620      200.000  1.13660e-07
      51.6620      210.000  1.07214e-07
      51.6620      220.000  1.03741e-07
      51.6620      230.000  1.03502e-07
      51.6620      240.000  1.07381e-07
      51.6620      250.000  1.17143e-07
      51.6620      260.000  1.40374e-07
      51.6620      270.000  1.78198e-07
      51.6620      280.000  2.44557e-07
      51.6620      290.000  3.56605e-07
      51.6620      300.000  5.61404e-07
      51.6620      310.000  8.76319e-07
      51.6620      320.000  1.37945e-06
      51.6620      330.000  2.07157e-06
      51.6620      340.000  2.84819e-06
      51.6620      350.000  3.90724e-06
      51.6620      360.000  4.90413e-06
      51.6620      365.000  4.68450e-06
      51.6620      370.000  4.77545e-06
      51.6620      380.000  4.75301e-06
      51.6620      390.000  4.26249e-06
      51.6620      400.000  3.69068e-06
      51.6620      410.000  3.03373e-06
      51.6620      420.000  2.58713e-06
      51.6620      430.000  2.20531e-06
      51.6620      440.000  1.88688e-06
      51.6620      450.000  1.62524e-06
      51.6620      460.000  1.41276e-06
      51.6620      470.000  1.24593e-06
      51.6620      480.000  1.11479e-06
      51.6620      490.000  1.03084e-06
      51.6620      500.000  1.00431e-06
      51.6620      510.000  1.03277e-06
      51.6620      520.000  1.15770e-06
      51.6620      530.000  1.46563e-06
      51.6620      540.000  1.95071e-06
      51.6620      550.000  2.73695e-06
      51.6620      560.000  3.88694e-06
      51.6620      570.000  5.27299e-06
      51.6620      580.000  7.07576e-06
      51.6620      590.000  8.66991e-06
      51.6620      600.000  8.75106e-06
      51.6620      610.000  8.79425e-06
      51.6620      620.000  8.00629e-06
      51.6620      630.000  6.93881e-06
      51.6620      640.000  5.72812e-06
      51.6620      650.000  4.85447e-06
      51.6620      660.000  4.10793e-06
      51.6620      670.000  3.48513e-06
      51.6620      680.000  2.97091e-06
      51.6620      690.000  2.54748e-06
      51.6620      700.000  2.19946e-06
      51.6620      710.000  1.91049e-06
      51.6620      720.000  1.66512e-06
      51.6620      730.000  1.45906e-06
      51.6620      740.000  1.28193e-06
      51.6620      750.000  1.13003e-06
      51.6620      760.000  9.99621e-07
      51.6620      770.000  8.87455e-07
      51.6620      780.000  7.90769e-07
      51.6620      790.000  7.07054e-07
      51.6620      800.000  6.34343e-07
      51.6620      810.000  5.70864e-07
      51.6620      820.000  5.15283e-07
      51.6620      830.000  4.66494e-07
      51.6620      840.000  4.23619e-07
      51.6620      850.000  3.85869e-07
      51.6620      860.000  3.52956e-07
      51.6620      870.000  3.24275e-07
      51.6620      880.000  3.00026e-07
      51.6620      890.000  2.80873e-07
      51.6620      900.000  2.67873e-07
      51.6620      910.000  2.59217e-07
      51.6620      920.000  2.55698e-07
      51.6620      930.000  2.60700e-07
      51.6620      940.000  2.66378e-07
      51.6620      950.000  2.56029e-07
      51.6620      960.000  2.43818e-07
      51.6620      970.000  2.27407e-07
      51.6620      980.000  2.06231e-07
      51.6620      990.000  1.84679e-07
      51.6620      1000.00  1.64905e-07
      51.6620      1010.00  1.47511e-07
      51.6620      1020.00  1.32451e-07
      51.6620      1030.00  1.19456e-07
      51.6620      1040.00  1.08268e-07
      51.6620      1050.00  9.86154e-08
      51.6620      1060.00  9.02850e-08
      51.6620      1070.00  8.31449e-08
      51.6620      1080.00  7.73784e-08
      51.6620      1090.00  7.21824e-08
      51.6620      1100.00  6.83231e-08
      51.6620      1110.00  6.58752e-08
      51.6620      1120.00  6.60828e-08
      51.6620      1130.00  6.77435e-08
      51.6620      1140.00  7.22672e-08
      51.6620      1150.00  8.01944e-08
      51.6620      1160.00  9.72881e-08
      51.6620      1170.00  1.07179e-07
      51.6620      1180.00  1.09487e-07
      51.6620      1190.00  1.07490e-07
      51.6620      1200.00  1.03434e-07
      51.6620      1210.00  9.47104e-08
      51.6620      1220.00  8.44823e-08
      51.6620      1230.00  7.46974e-08
      51.6620      1240.00  6.60176e-08
      51.6620      1250.00  5.85427e-08
      51.6620      1260.00  5.21684e-08
      51.6620      1270.00  4.67369e-08
      51.6620      1280.00  4.20931e-08
      51.6620      1290.00  3.80962e-08
      51.6620      1300.00  3.46350e-08
      51.6620      1325.00  2.77467e-08
      51.6620      1350.00  2.26466e-08
      51.6620      1375.00  1.87388e-08
      51.6620      1400.00  1.56679e-08
      51.6620      1425.00  1.32151e-08
      51.6620      1450.00  1.12411e-08
      51.6620      1475.00  9.66807e-09
      51.6620      1500.00  8.48152e-09
      51.6620      1525.00  7.75641e-09
      51.6620      1550.00  7.82947e-09
      51.6620      1575.00  8.86296e-09
      51.6620      1600.00  1.13694e-08
      51.6620      1625.00  1.55981e-08
      51.6620      1650.00  1.66831e-08
      51.6620      1675.00  1.71315e-08
      51.6620      1700.00  1.64757e-08
      51.6620      1725.00  1.49981e-08
      51.6620      1750.00  1.32165e-08
      51.6620      1775.00  1.14377e-08
      51.6620      1800.00  9.79805e-09
      51.6620      1825.00  8.34757e-09
      51.6620      1850.00  7.09236e-09
      51.6620      1875.00  6.01951e-09
      51.6620      1900.00  5.10933e-09
      51.6620      1925.00  4.33984e-09
      51.6620      1950.00  3.69118e-09
      51.6620      1975.00  3.14427e-09
      51.6620      2000.00  2.68285e-09
      51.6620      2025.00  2.29375e-09
      51.6620      2050.00  1.96487e-09
      51.6620      2075.00  1.68661e-09
      51.6620      2100.00  1.45071e-09
      51.6620      2125.00  1.25034e-09
      51.6620      2150.00  1.07998e-09
      51.6620      2175.00  9.34677e-10
      51.6620      2200.00  8.10501e-10
      51.6620      2225.00  7.04144e-10
      51.6620      2250.00  6.13001e-10
      51.6620      2275.00  5.34672e-10
      51.6620      2300.00  4.67180e-10
      51.6620      2325.00  4.08883e-10
      51.6620      2350.00  3.58496e-10
      51.6620      2375.00  3.14889e-10
      51.6620      2400.00  2.77075e-10

      66.7240     0.100000  1.67125e-12
      66.7240     0.200000  6.68516e-12
      66.7240     0.300000  1.50445e-11
      66.7240     0.400000  2.67549e-11
      66.7240     0.500000  4.18243e-11
      66.7240     0.600000  6.02621e-11
      66.7240     0.700000  8.20798e-11
      66.7240     0.800000  1.07286e-10
      66.7240     0.900000  1.35893e-10
      66.7240      1.00000  1.67910e-10
      66.7240      1.10000  2.03338e-10
      66.7240      1.20000  2.42187e-10
      66.7240      1.30000  2.84450e-10
      66.7240      1.40000  3.30126e-10
      66.7240      1.50000  3.79208e-10
      66.7240      1.60000  4.31687e-10
      66.7240      1.70000  4.87546e-10
      66.7240      2.00000  6.75272e-10
      66.7240      2.50000  1.05419e-09
      66.7240      3.00000  1.51387e-09
      66.7240      3.50000  2.05271e-09
      66.7240      4.00000  2.66951e-09
      66.7240      4.50000  3.36327e-09
      66.7240      5.00000  4.13295e-09
      66.7240      5.50000  4.97766e-09
      66.7240      6.00000  5.89622e-09
      66.7240      6.50000  6.88747e-09
      66.7240      7.00000  7.94990e-09
      66.7240      7.50000  9.08199e-09
      66.7240      8.00000  1.02820e-08
      66.7240      8.50000  1.15481e-08
      66.7240      9.00000  1.28790e-08
      66.7240      9.50000  1.42730e-08
      66.7240      10.0000  1.57293e-08
      66.7240      10.5000  1.72468e-08
      66.7240      11.0000  1.88248e-08
      66.7240      11.5000  2.04631e-08
      66.7240      12.0000  2.21604e-08
      66.7240      14.0000  2.95292e-08
      66.7240      16.0000  3.77667e-08
      66.7240      18.0000  4.67568e-08
      66.7240      20.0000  5.63521e-08
      66.7240      25.0000  8.20023e-08
      66.7240      30.0000  1.08281e-07
      66.7240      35.0000  1.33393e-07
      66.7240      40.0000  1.56183e-07
      66.7240      45.0000  1.76047e-07
      66.7240      50.0000  1.92739e-07
      66.7240      55.0000  2.06276e-07
      66.7240      60.0000  2.16819e-07
      66.7240      65.0000  2.24618e-07
      66.7240      70.0000  2.29967e-07
      66.7240      75.0000  2.33171e-07
      66.7240      80.0000  2.34539e-07
      66.7240      85.0000  2.34349e-07
      66.7240      90.0000  2.32855e-07
      66.7240      95.0000  2.30317e-07
      66.7240      100.000  2.26897e-07
      66.7240      110.000  2.18187e-07
      66.7240      120.000  2.07842e-07
      66.7240      130.000  1.96754e-07
      66.7240      140.000  1.85421e-07
      66.7240      150.000  1.74406e-07
      66.7240      160.000  1.63980e-07
      66.7240      170.000  1.54195e-07
      66.7240      180.000  1.45768e-07
      66.7240      190.000  1.38687e-07
      66.7240      200.000  1.33014e-07
      66.7240      210.000  1.30605e-07
      66.7240      220.000  1.31007e-07
      66.7240      230.000  1.35392e-07
      66.7240      240.000  1.48633e-07
      66.7240      250.000  1.71528e-07
      66.7240      260.000  2.09004e-07
      66.7240      270.000  2.71903e-07
      66.7240      280.000  3.68899e-07
      66.7240      290.000  5.19503e-07
      66.7240      300.000  7.64929e-07
      66.7240      310.000  1.09818e-06
      66.7240      320.000  1.56909e-06
      66.7240      330.000  2.19803e-06
      66.7240      340.000  2.89737e-06
      66.7240      350.000  3.63274e-06
      66.7240      360.000  4.54935e-06
      66.7240      365.000  4.35112e-06
      66.7240      370.000  4.44291e-06
      66.7240      380.000  4.45706e-06
      66.7240      390.000  4.06278e-06
      66.7240      400.000  3.59125e-06
      66.7240      410.000  2.99366e-06
      66.7240      420.000  2.61359e-06
      66.7240      430.000  2.27380e-06
      66.7240      440.000  1.98637e-06
      66.7240      450.000  1.74634e-06
      66.7240      460.000  1.54976e-06
      66.7240      470.000  1.40007e-06
      66.7240      480.000  1.29576e-06
      66.7240      490.000  1.24841e-06
      66.7240      500.000  1.24655e-06
      66.7240      510.000  1.34274e-06
      66.7240      520.000  1.51505e-06
      66.7240      530.000  1.90741e-06
      66.7240      540.000  2.42604e-06
      66.7240      550.000  3.20373e-06
      66.7240      560.000  4.32989e-06
      66.7240      570.000  5.59967e-06
      66.7240      580.000  6.73234e-06
      66.7240      590.000  8.13157e-06
      66.7240      600.000  8.17553e-06
      66.7240      610.000  8.26155e-06
      66.7240      620.000  7.62230e-06
      66.7240      630.000  6.73911e-06
      66.7240      640.000  5.64238e-06
      66.7240      650.000  4.88558e-06
      66.7240      660.000  4.21355e-06
      66.7240      670.000  3.63401e-06
      66.7240      680.000  3.14148e-06
      66.7240      690.000  2.72571e-06
      66.7240      700.000  2.37516e-06
      66.7240      710.000  2.07915e-06
      66.7240      720.000  1.82469e-06
      66.7240      730.000  1.60854e-06
      66.7240      740.000  1.42192e-06
      66.7240      750.000  1.26084e-06
      66.7240      760.000  1.12175e-06
      66.7240      770.000  1.00151e-06
      66.7240      780.000  8.98321e-07
      66.7240      790.000  8.07633e-07
      66.7240      800.000  7.30358e-07
      66.7240      810.000  6.61126e-07
      66.7240      820.000  6.00650e-07
      66.7240      830.000  5.46292e-07
      66.7240      840.000  4.98335e-07
      66.7240      850.000  4.55220e-07
      66.7240      860.000  4.17395e-07
      66.7240      870.000  3.84060e-07
      66.7240      880.000  3.56312e-07
      66.7240      890.000  3.32909e-07
      66.7240      900.000  3.16273e-07
      66.7240      910.000  3.02957e-07
      66.7240      920.000  2.97342e-07
      66.7240      930.000  2.90130e-07
      66.7240      940.000  2.88411e-07
      66.7240      950.000  2.76456e-07
      66.7240      960.000  2.62326e-07
      66.7240      970.000  2.45496e-07
      66.7240      980.000  2.25206e-07
      66.7240      990.000  2.04419e-07
      66.7240      1000.00  1.84888e-07
      66.7240      1010.00  1.67275e-07
      66.7240      1020.00  1.51668e-07
      66.7240      1030.00  1.37935e-07
      66.7240      1040.00  1.25958e-07
      66.7240      1050.00  1.15474e-07
      66.7240      1060.00  1.06412e-07
      66.7240      1070.00  9.85766e-08
      66.7240      1080.00  9.20171e-08
      66.7240      1090.00  8.66108e-08
      66.7240      1100.00  8.28248e-08
      66.7240      1110.00  8.00858e-08
      66.7240      1120.00  8.05028e-08
      66.7240      1130.00  8.10429e-08
      66.7240      1140.00  8.75877e-08
      66.7240      1150.00  9.14508e-08
      66.7240      1160.00  1.01595e-07
      66.7240      1170.00  1.06551e-07
      66.7240      1180.00  1.09875e-07
      66.7240      1190.00  1.07879e-07
      66.7240      1200.00  1.04017e-07
      66.7240      1210.00  9.66573e-08
      66.7240      1220.00  8.77966e-08
      66.7240      1230.00  7.89929e-08
      66.7240      1240.00  7.09019e-08
      66.7240      1250.00  6.37107e-08
      66.7240      1260.00  5.74103e-08
      66.7240      1270.00  5.19168e-08
      66.7240      1280.00  4.71290e-08
      66.7240      1290.00  4.29420e-08
      66.7240      1300.00  3.92673e-08
      66.7240      1325.00  3.18315e-08
      66.7240      1350.00  2.62334e-08
      66.7240      1375.00  2.19395e-08
      66.7240      1400.00  1.85409e-08
      66.7240      1425.00  1.57827e-08
      66.7240      1450.00  1.35252e-08
      66.7240      1475.00  1.17793e-08
      66.7240      1500.00  1.05390e-08
      66.7240      1525.00  9.89111e-09
      66.7240      1550.00  9.95945e-09
      66.7240      1575.00  1.10940e-08
      66.7240      1600.00  1.34489e-08
      66.7240      1625.00  1.62748e-08
      66.7240      1650.00  1.71105e-08
      66.7240      1675.00  1.73909e-08
      66.7240      1700.00  1.67930e-08
      66.7240      1725.00  1.54887e-08
      66.7240      1750.00  1.38642e-08
      66.7240      1775.00  1.21848e-08
      66.7240      1800.00  1.05905e-08
      66.7240      1825.00  9.14206e-09
      66.7240      1850.00  7.85981e-09
      66.7240      1875.00  6.74247e-09
      66.7240      1900.00  5.77835e-09
      66.7240      1925.00  4.95147e-09
      66.7240      1950.00  4.24510e-09
      66.7240      1975.00  3.64379e-09
      66.7240      2000.00  3.13183e-09
      66.7240      2025.00  2.69736e-09
      66.7240      2050.00  2.33109e-09
      66.7240      2075.00  2.01501e-09
      66.7240      2100.00  1.74512e-09
      66.7240      2125.00  1.51359e-09
      66.7240      2150.00  1.31405e-09
      66.7240      2175.00  1.14213e-09
      66.7240      2200.00  9.94040e-10
      66.7240      2225.00  8.66522e-10
      66.7240      2250.00  7.56392e-10
      66.7240      2275.00  6.61232e-10
      66.7240      2300.00  5.78992e-10
      66.7240      2325.00  5.07860e-10
      66.7240      2350.00  4.46150e-10
      66.7240      2375.00  3.92472e-10
      66.7240      2400.00  3.45748e-10

      86.1770     0.100000  1.22491e-12
      86.1770     0.200000  4.90073e-12
      86.1770     0.300000  1.10288e-11
      86.1770     0.400000  1.96104e-11
      86.1770     0.500000  3.06457e-11
      86.1770     0.600000  4.41344e-11
      86.1770     0.700000  6.00754e-11
      86.1770     0.800000  7.84675e-11
      86.1770     0.900000  9.93057e-11
      86.1770      1.00000  1.22591e-10
      86.1770      1.10000  1.48314e-10
      86.1770      1.20000  1.76473e-10
      86.1770      1.30000  2.07065e-10
      86.1770      1.40000  2.40082e-10
      86.1770      1.50000  2.75522e-10
      86.1770      1.60000  3.13381e-10
      86.1770      1.70000  3.53652e-10
      86.1770      2.00000  4.88899e-10
      86.1770      2.50000  7.62208e-10
      86.1770      3.00000  1.09508e-09
      86.1770      3.50000  1.48728e-09
      86.1770      4.00000  1.93854e-09
      86.1770      4.50000  2.44859e-09
      86.1770      5.00000  3.01702e-09
      86.1770      5.50000  3.64318e-09
      86.1770      6.00000  4.32610e-09
      86.1770      6.50000  5.06453e-09
      86.1770      7.00000  5.85720e-09
      86.1770      7.50000  6.70263e-09
      86.1770      8.00000  7.59934e-09
      86.1770      8.50000  8.54624e-09
      86.1770      9.00000  9.54239e-09
      86.1770      9.50000  1.05870e-08
      86.1770      10.0000  1.16795e-08
      86.1770      10.5000  1.28196e-08
      86.1770      11.0000  1.40067e-08
      86.1770      11.5000  1.52409e-08
      86.1770      12.0000  1.65220e-08
      86.1770      14.0000  2.21045e-08
      86.1770      16.0000  2.83876e-08
      86.1770      18.0000  3.53044e-08
      86.1770      20.0000  4.27697e-08
      86.1770      25.0000  6.32230e-08
      86.1770      30.0000  8.50028e-08
      86.1770      35.0000  1.06706e-07
      86.1770      40.0000  1.27363e-07
      86.1770      45.0000  1.46356e-07
      86.1770      50.0000  1.63319e-07
      86.1770      55.0000  1.78087e-07
      86.1770      60.0000  1.90628e-07
      86.1770      65.0000  2.00985e-07
      86.1770      70.0000  2.09263e-07
      86.1770      75.0000  2.15626e-07
      86.1770      80.0000  2.20265e-07
      86.1770      85.0000  2.23354e-07
      86.1770      90.0000  2.25052e-07
      86.1770      95.0000  2.25563e-07
      86.1770      100.000  2.25073e-07
      86.1770      110.000  2.21592e-07
      86.1770      120.000  2.15740e-07
      86.1770      130.000  2.08339e-07
      86.1770      140.000  2.00216e-07
      86.1770      150.000  1.91789e-07
      86.1770      160.000  1.83832e-07
      86.1770      170.000  1.76445e-07
      86.1770      180.000  1.70700e-07
      86.1770      190.000  1.66390e-07
      86.1770      200.000  1.65241e-07
      86.1770      210.000  1.67141e-07
      86.1770      220.000  1.74642e-07
      86.1770      230.000  1.89158e-07
      86.1770      240.000  2.13728e-07
      86.1770      250.000  2.52659e-07
      86.1770      260.000  3.12172e-07
      86.1770      270.000  4.01198e-07
      86.1770      280.000  5.32637e-07
      86.1770      290.000  7.23447e-07
      86.1770      300.000  9.92231e-07
      86.1770      310.000  1.28589e-06
      86.1770      320.000  1.72846e-06
      86.1770      330.000  2.24513e-06
      86.1770      340.000  2.77125e-06
      86.1770      350.000  3.35941e-06
      86.1770      360.000  3.86971e-06
      86.1770      365.000  3.83235e-06
      86.1770      370.000  3.90433e-06
      86.1770      380.000  3.92263e-06
      86.1770      390.000  3.68758e-06
      86.1770      400.000  3.36352e-06
      86.1770      410.000  2.96299e-06
      86.1770      420.000  2.64805e-06
      86.1770      430.000  2.35882e-06
      86.1770      440.000  2.10980e-06
      86.1770      450.000  1.90068e-06
      86.1770      460.000  1.73415e-06
      86.1770      470.000  1.61238e-06
      86.1770      480.000  1.53934e-06
      86.1770      490.000  1.52201e-06
      86.1770      500.000  1.57160e-06
      86.1770      510.000  1.70463e-06
      86.1770      520.000  1.94415e-06
      86.1770      530.000  2.36504e-06
      86.1770      540.000  2.93327e-06
      86.1770      550.000  3.71107e-06
      86.1770      560.000  4.68880e-06
      86.1770      570.000  5.65603e-06
      86.1770      580.000  6.75224e-06
      86.1770      590.000  7.34284e-06
      86.1770      600.000  7.41839e-06
      86.1770      610.000  7.45576e-06
      86.1770      620.000  7.03845e-06
      86.1770      630.000  6.39545e-06
      86.1770      640.000  5.62477e-06
      86.1770      650.000  4.96898e-06
      86.1770      660.000  4.36627e-06
      86.1770      670.000  3.83001e-06
      86.1770      680.000  3.36119e-06
      86.1770      690.000  2.95480e-06
      86.1770      700.000  2.60487e-06
      86.1770      710.000  2.30258e-06
      86.1770      720.000  2.04017e-06
      86.1770      730.000  1.81438e-06
      86.1770      740.000  1.61837e-06
      86.1770      750.000  1.44869e-06
      86.1770      760.000  1.30202e-06
      86.1770      770.000  1.17566e-06
      86.1770      780.000  1.06699e-06
      86.1770      790.000  9.73218e-07
      86.1770      800.000  8.90884e-07
      86.1770      810.000  8.20310e-07
      86.1770      820.000  7.53999e-07
      86.1770      830.000  6.93028e-07
      86.1770      840.000  6.37692e-07
      86.1770      850.000  5.85818e-07
      86.1770      860.000  5.38128e-07
      86.1770      870.000  4.95546e-07
      86.1770      880.000  4.58549e-07
      86.1770      890.000  4.27228e-07
      86.1770      900.000  4.01621e-07
      86.1770      910.000  3.81219e-07
      86.1770      920.000  3.64713e-07
      86.1770      930.000  3.50483e-07
      86.1770      940.000  3.39273e-07
      86.1770      950.000  3.22746e-07
      86.1770      960.000  3.04423e-07
      86.1770      970.000  2.85118e-07
      86.1770      980.000  2.63466e-07
      86.1770      990.000  2.41515e-07
      86.1770      1000.00  2.20801e-07
      86.1770      1010.00  2.01755e-07
      86.1770      1020.00  1.84667e-07
      86.1770      1030.00  1.69359e-07
      86.1770      1040.00  1.55806e-07
      86.1770      1050.00  1.43851e-07
      86.1770      1060.00  1.33397e-07
      86.1770      1070.00  1.24350e-07
      86.1770      1080.00  1.16697e-07
      86.1770      1090.00  1.10455e-07
      86.1770      1100.00  1.05735e-07
      86.1770      1110.00  1.02727e-07
      86.1770      1120.00  1.01755e-07
      86.1770      1130.00  1.03297e-07
      86.1770      1140.00  1.08008e-07
      86.1770      1150.00  1.15444e-07
      86.1770      1160.00  1.18859e-07
      86.1770      1170.00  1.26869e-07
      86.1770      1180.00  1.17514e-07
      86.1770      1190.00  1.14819e-07
      86.1770      1200.00  1.10819e-07
      86.1770      1210.00  1.04066e-07
      86.1770      1220.00  9.58786e-08
      86.1770      1230.00  8.75690e-08
      86.1770      1240.00  7.97344e-08
      86.1770      1250.00  7.25826e-08
      86.1770      1260.00  6.61611e-08
      86.1770      1270.00  6.04380e-08
      86.1770      1280.00  5.53497e-08
      86.1770      1290.00  5.08291e-08
      86.1770      1300.00  4.68018e-08
      86.1770      1325.00  3.85151e-08
      86.1770      1350.00  3.22102e-08
      86.1770      1375.00  2.73929e-08
      86.1770      1400.00  2.36309e-08
      86.1770      1425.00  2.04041e-08
      86.1770      1450.00  1.76711e-08
      86.1770      1475.00  1.54731e-08
      86.1770      1500.00  1.39662e-08
      86.1770      1525.00  1.31724e-08
      86.1770      1550.00  1.31778e-08
      86.1770      1575.00  1.40165e-08
      86.1770      1600.00  1.56697e-08
      86.1770      1625.00  1.78135e-08
      86.1770      1650.00  1.83554e-08
      86.1770      1675.00  1.84280e-08
      86.1770      1700.00  1.78124e-08
      86.1770      1725.00  1.65882e-08
      86.1770      1750.00  1.50509e-08
      86.1770      1775.00  1.34235e-08
      86.1770      1800.00  1.18379e-08
      86.1770      1825.00  1.03614e-08
      86.1770      1850.00  9.02492e-09
      86.1770      1875.00  7.83746e-09
      86.1770      1900.00  6.79383e-09
      86.1770      1925.00  5.88585e-09
      86.1770      1950.00  5.10024e-09
      86.1770      1975.00  4.42530e-09
      86.1770      2000.00  3.84802e-09
      86.1770      2025.00  3.35743e-09
      86.1770      2050.00  2.94181e-09
      86.1770      2075.00  2.58211e-09
      86.1770      2100.00  2.26518e-09
      86.1770      2125.00  1.98784e-09
      86.1770      2150.00  1.74311e-09
      86.1770      2175.00  1.52728e-09
      86.1770      2200.00  1.33775e-09
      86.1770      2225.00  1.17203e-09
      86.1770      2250.00  1.02734e-09
      86.1770      2275.00  9.01257e-10
      86.1770      2300.00  7.91546e-10
      86.1770      2325.00  6.95898e-10
      86.1770      2350.00  6.12609e-10
      86.1770      2375.00  5.39860e-10
      86.1770      2400.00  4.76470e-10

      111.302     0.100000  9.04802e-13
      111.302     0.200000  3.61746e-12
      111.302     0.300000  8.13530e-12
      111.302     0.400000  1.44555e-11
      111.302     0.500000  2.25754e-11
      111.302     0.600000  3.24924e-11
      111.302     0.700000  4.42043e-11
      111.302     0.800000  5.77086e-11
      111.302     0.900000  7.30024e-11
      111.302      1.00000  9.00855e-11
      111.302      1.10000  1.08955e-10
      111.302      1.20000  1.29610e-10
      111.302      1.30000  1.52050e-10
      111.302      1.40000  1.76271e-10
      111.302      1.50000  2.02277e-10
      111.302      1.60000  2.30062e-10
      111.302      1.70000  2.59633e-10
      111.302      2.00000  3.59028e-10
      111.302      2.50000  5.60345e-10
      111.302      3.00000  8.06298e-10
      111.302      3.50000  1.09693e-09
      111.302      4.00000  1.43220e-09
      111.302      4.50000  1.81184e-09
      111.302      5.00000  2.23535e-09
      111.302      5.50000  2.70210e-09
      111.302      6.00000  3.21113e-09
      111.302      6.50000  3.76156e-09
      111.302      7.00000  4.35255e-09
      111.302      7.50000  4.98323e-09
      111.302      8.00000  5.65291e-09
      111.302      8.50000  6.36113e-09
      111.302      9.00000  7.10760e-09
      111.302      9.50000  7.89183e-09
      111.302      10.0000  8.71379e-09
      111.302      10.5000  9.57312e-09
      111.302      11.0000  1.04697e-08
      111.302      11.5000  1.14037e-08
      111.302      12.0000  1.23744e-08
      111.302      14.0000  1.66213e-08
      111.302      16.0000  2.14304e-08
      111.302      18.0000  2.67627e-08
      111.302      20.0000  3.25703e-08
      111.302      25.0000  4.87774e-08
      111.302      30.0000  6.65558e-08
      111.302      35.0000  8.49049e-08
      111.302      40.0000  1.03066e-07
      111.302      45.0000  1.20506e-07
      111.302      50.0000  1.36847e-07
      111.302      55.0000  1.51837e-07
      111.302      60.0000  1.65317e-07
      111.302      65.0000  1.77229e-07
      111.302      70.0000  1.87559e-07
      111.302      75.0000  1.96352e-07
      111.302      80.0000  2.03675e-07
      111.302      85.0000  2.09602e-07
      111.302      90.0000  2.14248e-07
      111.302      95.0000  2.17739e-07
      111.302      100.000  2.20237e-07
      111.302      110.000  2.22494e-07
      111.302      120.000  2.21920e-07
      111.302      130.000  2.19617e-07
      111.302      140.000  2.15826e-07
      111.302      150.000  2.11492e-07
      111.302      160.000  2.07752e-07
      111.302      170.000  2.04551e-07
      111.302      180.000  2.02955e-07
      111.302      190.000  2.04550e-07
      111.302      200.000  2.08141e-07
      111.302      210.000  2.17576e-07
      111.302      220.000  2.32901e-07
      111.302      230.000  2.57262e-07
      111.302      240.000  2.93444e-07
      111.302      250.000  3.45385e-07
      111.302      260.000  4.27699e-07
      111.302      270.000  5.21282e-07
      111.302      280.000  6.65041e-07
      111.302      290.000  8.49316e-07
      111.302      300.000  1.09303e-06
      111.302      310.000  1.41429e-06
      111.302      320.000  1.79430e-06
      111.302      330.000  2.26376e-06
      111.302      340.000  2.62496e-06
      111.302      350.000  3.06502e-06
      111.302      360.000  3.36731e-06
      111.302      365.000  3.38927e-06
      111.302      370.000  3.45004e-06
      111.302      380.000  3.48384e-06
      111.302      390.000  3.35526e-06
      111.302      400.000  3.14116e-06
      111.302      410.000  2.88051e-06
      111.302      420.000  2.63755e-06
      111.302      430.000  2.41467e-06
      111.302      440.000  2.21744e-06
      111.302      450.000  2.05516e-06
      111.302      460.000  1.93074e-06
      111.302      470.000  1.85004e-06
      111.302      480.000  1.83906e-06
      111.302      490.000  1.84467e-06
      111.302      500.000  1.94730e-06
      111.302      510.000  2.11506e-06
      111.302      520.000  2.39261e-06
      111.302      530.000  2.82176e-06
      111.302      540.000  3.31730e-06
      111.302      550.000  4.01684e-06
      111.302      560.000  4.81743e-06
      111.302      570.000  5.46202e-06
      111.302      580.000  6.34551e-06
      111.302      590.000  6.80228e-06
      111.302      600.000  6.89292e-06
      111.302      610.000  6.92096e-06
      111.302      620.000  6.64186e-06
      111.302      630.000  6.16658e-06
      111.302      640.000  5.60366e-06
      111.302      650.000  5.04894e-06
      111.302      660.000  4.52085e-06
      111.302      670.000  4.03618e-06
      111.302      680.000  3.59979e-06
      111.302      690.000  3.21251e-06
      111.302      700.000  2.87076e-06
      111.302      710.000  2.57111e-06
      111.302      720.000  2.30886e-06
      111.302      730.000  2.07923e-06
      111.302      740.000  1.88099e-06
      111.302      750.000  1.70882e-06
      111.302      760.000  1.56208e-06
      111.302      770.000  1.43749e-06
      111.302      780.000  1.33341e-06
      111.302      790.000  1.26567e-06
      111.302      800.000  1.16844e-06
      111.302      810.000  1.11938e-06
      111.302      820.000  1.03730e-06
      111.302      830.000  9.69142e-07
      111.302      840.000  9.05166e-07
      111.302      850.000  8.39550e-07
      111.302      860.000  7.75192e-07
      111.302      870.000  7.14050e-07
      111.302      880.000  6.59398e-07
      111.302      890.000  6.10743e-07
      111.302      900.000  5.68652e-07
      111.302      910.000  5.32411e-07
      111.302      920.000  5.00641e-07
      111.302      930.000  4.79622e-07
      111.302      940.000  4.47563e-07
      111.302      950.000  4.20882e-07
      111.302      960.000  3.94717e-07
      111.302      970.000  3.69396e-07
      111.302      980.000  3.43469e-07
      111.302      990.000  3.18247e-07
      111.302      1000.00  2.94768e-07
      111.302      1010.00  2.73635e-07
      111.302      1020.00  2.53825e-07
      111.302      1030.00  2.37663e-07
      111.302      1040.00  2.20279e-07
      111.302      1050.00  2.05430e-07
      111.302      1060.00  1.92076e-07
      111.302      1070.00  1.79910e-07
      111.302      1080.00  1.69209e-07
      111.302      1090.00  1.59660e-07
      111.302      1100.00  1.52242e-07
      111.302      1110.00  1.45933e-07
      111.302      1120.00  1.41861e-07
      111.302      1130.00  1.39525e-07
      111.302      1140.00  1.38821e-07
      111.302      1150.00  1.44267e-07
      111.302      1160.00  1.39526e-07
      111.302      1170.00  1.43328e-07
      111.302      1180.00  1.38545e-07
      111.302      1190.00  1.34152e-07
      111.302      1200.00  1.29126e-07
      111.302      1210.00  1.21967e-07
      111.302      1220.00  1.13594e-07
      111.302      1230.00  1.05067e-07
      111.302      1240.00  9.68872e-08
      111.302      1250.00  8.92686e-08
      111.302      1260.00  8.22714e-08
      111.302      1270.00  7.59154e-08
      111.302      1280.00  7.01690e-08
      111.302      1290.00  6.49828e-08
      111.302      1300.00  6.03129e-08
      111.302      1325.00  5.05936e-08
      111.302      1350.00  4.32314e-08
      111.302      1375.00  3.77598e-08
      111.302      1400.00  3.34852e-08
      111.302      1425.00  2.94676e-08
      111.302      1450.00  2.56775e-08
      111.302      1475.00  2.25292e-08
      111.302      1500.00  2.02672e-08
      111.302      1525.00  1.89024e-08
      111.302      1550.00  1.84059e-08
      111.302      1575.00  1.86860e-08
      111.302      1600.00  1.96181e-08
      111.302      1625.00  2.08599e-08
      111.302      1650.00  2.09475e-08
      111.302      1675.00  2.06612e-08
      111.302      1700.00  1.98610e-08
      111.302      1725.00  1.85778e-08
      111.302      1750.00  1.70238e-08
      111.302      1775.00  1.53740e-08
      111.302      1800.00  1.37433e-08
      111.302      1825.00  1.21972e-08
      111.302      1850.00  1.07723e-08
      111.302      1875.00  9.48275e-09
      111.302      1900.00  8.33242e-09
      111.302      1925.00  7.31902e-09
      111.302      1950.00  6.43659e-09
      111.302      1975.00  5.67707e-09
      111.302      2000.00  5.02970e-09
      111.302      2025.00  4.48191e-09
      111.302      2050.00  4.02263e-09
      111.302      2075.00  3.60728e-09
      111.302      2100.00  3.22963e-09
      111.302      2125.00  2.88905e-09
      111.302      2150.00  2.57527e-09
      111.302      2175.00  2.28701e-09
      111.302      2200.00  2.02554e-09
      111.302      2225.00  1.79085e-09
      111.302      2250.00  1.58146e-09
      111.302      2275.00  1.39596e-09
      111.302      2300.00  1.23233e-09
      111.302      2325.00  1.08862e-09
      111.302      2350.00  9.62616e-10
      111.302      2375.00  8.52275e-10
      111.302      2400.00  7.56046e-10

      143.753     0.100000  6.72175e-13
      143.753     0.200000  2.68757e-12
      143.753     0.300000  6.04468e-12
      143.753     0.400000  1.07422e-11
      143.753     0.500000  1.67787e-11
      143.753     0.600000  2.41538e-11
      143.753     0.700000  3.28664e-11
      143.753     0.800000  4.29154e-11
      143.753     0.900000  5.43019e-11
      143.753      1.00000  6.70241e-11
      143.753      1.10000  8.10827e-11
      143.753      1.20000  9.64773e-11
      143.753      1.30000  1.13207e-10
      143.753      1.40000  1.31273e-10
      143.753      1.50000  1.50677e-10
      143.753      1.60000  1.71417e-10
      143.753      1.70000  1.93492e-10
      143.753      2.00000  2.67746e-10
      143.753      2.50000  4.18253e-10
      143.753      3.00000  6.02176e-10
      143.753      3.50000  8.19396e-10
      143.753      4.00000  1.06969e-09
      143.753      4.50000  1.35276e-09
      143.753      5.00000  1.66820e-09
      143.753      5.50000  2.01562e-09
      143.753      6.00000  2.39461e-09
      143.753      6.50000  2.80474e-09
      143.753      7.00000  3.24585e-09
      143.753      7.50000  3.71748e-09
      143.753      8.00000  4.21957e-09
      143.753      8.50000  4.75192e-09
      143.753      9.00000  5.31424e-09
      143.753      9.50000  5.90663e-09
      143.753      10.0000  6.52869e-09
      143.753      10.5000  7.18051e-09
      143.753      11.0000  7.86173e-09
      143.753      11.5000  8.57240e-09
      143.753      12.0000  9.31210e-09
      143.753      14.0000  1.25574e-08
      143.753      16.0000  1.62467e-08
      143.753      18.0000  2.03567e-08
      143.753      20.0000  2.48593e-08
      143.753      25.0000  3.75976e-08
      143.753      30.0000  5.19282e-08
      143.753      35.0000  6.71979e-08
      143.753      40.0000  8.28619e-08
      143.753      45.0000  9.84801e-08
      143.753      50.0000  1.13701e-07
      143.753      55.0000  1.28249e-07
      143.753      60.0000  1.41948e-07
      143.753      65.0000  1.54638e-07
      143.753      70.0000  1.66246e-07
      143.753      75.0000  1.76738e-07
      143.753      80.0000  1.86092e-07
      143.753      85.0000  1.94341e-07
      143.753      90.0000  2.01580e-07
      143.753      95.0000  2.07815e-07
      143.753      100.000  2.13049e-07
      143.753      110.000  2.21122e-07
      143.753      120.000  2.26418e-07
      143.753      130.000  2.29700e-07
      143.753      140.000  2.31612e-07
      143.753      150.000  2.32902e-07
      143.753      160.000  2.34375e-07
      143.753      170.000  2.36659e-07
      143.753      180.000  2.40837e-07
      143.753      190.000  2.47790e-07
      143.753      200.000  2.58552e-07
      143.753      210.000  2.75038e-07
      143.753      220.000  2.98253e-07
      143.753      230.000  3.31363e-07
      143.753      240.000  3.76734e-07
      143.753      250.000  4.37212e-07
      143.753      260.000  5.19632e-07
      143.753      270.000  6.24890e-07
      143.753      280.000  7.62657e-07
      143.753      290.000  9.40265e-07
      143.753      300.000  1.15630e-06
      143.753      310.000  1.44600e-06
      143.753      320.000  1.72722e-06
      143.753      330.000  2.11263e-06
      143.753      340.000  2.34404e-06
      143.753      350.000  2.77820e-06
      143.753      360.000  2.86336e-06
      143.753      365.000  2.90630e-06
      143.753      370.000  2.95999e-06
      143.753      380.000  3.01214e-06
      143.753      390.000  2.95856e-06
      143.753      400.000  2.84016e-06
      143.753      410.000  2.67414e-06
      143.753      420.000  2.52074e-06
      143.753      430.000  2.37999e-06
      143.753      440.000  2.25022e-06
      143.753      450.000  2.15081e-06
      143.753      460.000  2.08446e-06
      143.753      470.000  2.05544e-06
      143.753      480.000  2.09329e-06
      143.753      490.000  2.14948e-06
      143.753      500.000  2.28549e-06
      143.753      510.000  2.49533e-06
      143.753      520.000  2.77833e-06
      143.753      530.000  3.17474e-06
      143.753      540.000  3.70465e-06
      143.753      550.000  4.22652e-06
      143.753      560.000  4.95887e-06
      143.753      570.000  5.39597e-06
      143.753      580.000  6.12803e-06
      143.753      590.000  6.37417e-06
      143.753      600.000  6.47000e-06
      143.753      610.000  6.50266e-06
      143.753      620.000  6.32004e-06
      143.753      630.000  5.97365e-06
      143.753      640.000  5.52439e-06
      143.753      650.000  5.07957e-06
      143.753      660.000  4.63902e-06
      143.753      670.000  4.22044e-06
      143.753      680.000  3.83306e-06
      143.753      690.000  3.48082e-06
      143.753      700.000  3.16392e-06
      143.753      710.000  2.88183e-06
      143.753      720.000  2.63326e-06
      143.753      730.000  2.41636e-06
      143.753      740.000  2.22984e-06
      143.753      750.000  2.07270e-06
      143.753      760.000  1.94031e-06
      143.753      770.000  1.83517e-06
      143.753      780.000  1.74763e-06
      143.753      790.000  1.67755e-06
      143.753      800.000  1.62286e-06
      143.753      810.000  1.56569e-06
      143.753      820.000  1.49424e-06
      143.753      830.000  1.42092e-06
      143.753      840.000  1.34882e-06
      143.753      850.000  1.26727e-06
      143.753      860.000  1.18057e-06
      143.753      870.000  1.09463e-06
      143.753      880.000  1.01337e-06
      143.753      890.000  9.38309e-07
      143.753      900.000  8.70097e-07
      143.753      910.000  8.10548e-07
      143.753      920.000  7.54606e-07
      143.753      930.000  7.04886e-07
      143.753      940.000  6.60004e-07
      143.753      950.000  6.17203e-07
      143.753      960.000  5.78352e-07
      143.753      970.000  5.43132e-07
      143.753      980.000  5.09677e-07
      143.753      990.000  4.79295e-07
      143.753      1000.00  4.51678e-07
      143.753      1010.00  4.26455e-07
      143.753      1020.00  4.05511e-07
      143.753      1030.00  3.84201e-07
      143.753      1040.00  3.62923e-07
      143.753      1050.00  3.42728e-07
      143.753      1060.00  3.23785e-07
      143.753      1070.00  3.05181e-07
      143.753      1080.00  2.86924e-07
      143.753      1090.00  2.70060e-07
      143.753      1100.00  2.55331e-07
      143.753      1110.00  2.41930e-07
      143.753      1120.00  2.31337e-07
      143.753      1130.00  2.22035e-07
      143.753      1140.00  2.14447e-07
      143.753      1150.00  2.11291e-07
      143.753      1160.00  2.02851e-07
      143.753      1170.00  1.97460e-07
      143.753      1180.00  1.89730e-07
      143.753      1190.00  1.81638e-07
      143.753      1200.00  1.73398e-07
      143.753      1210.00  1.63870e-07
      143.753      1220.00  1.53619e-07
      143.753      1230.00  1.43349e-07
      143.753      1240.00  1.33459e-07
      143.753      1250.00  1.24138e-07
      143.753      1260.00  1.15480e-07
      143.753      1270.00  1.07507e-07
      143.753      1280.00  1.00201e-07
      143.753      1290.00  9.35571e-08
      143.753      1300.00  8.75037e-08
      143.753      1325.00  7.48682e-08
      143.753      1350.00  6.53823e-08
      143.753      1375.00  5.84397e-08
      143.753      1400.00  5.27936e-08
      143.753      1425.00  4.70790e-08
      143.753      1450.00  4.13488e-08
      143.753      1475.00  3.62457e-08
      143.753      1500.00  3.22991e-08
      143.753      1525.00  2.95437e-08
      143.753      1550.00  2.78719e-08
      143.753      1575.00  2.71037e-08
      143.753      1600.00  2.70127e-08
      143.753      1625.00  2.70957e-08
      143.753      1650.00  2.63895e-08
      143.753      1675.00  2.53907e-08
      143.753      1700.00  2.40477e-08
      143.753      1725.00  2.24044e-08
      143.753      1750.00  2.05998e-08
      143.753      1775.00  1.87502e-08
      143.753      1800.00  1.69430e-08
      143.753      1825.00  1.52325e-08
      143.753      1850.00  1.36374e-08
      143.753      1875.00  1.21805e-08
      143.753      1900.00  1.08649e-08
      143.753      1925.00  9.69958e-09
      143.753      1950.00  8.68558e-09
      143.753      1975.00  7.81654e-09
      143.753      2000.00  7.07965e-09
      143.753      2025.00  6.45849e-09
      143.753      2050.00  5.93738e-09
      143.753      2075.00  5.44778e-09
      143.753      2100.00  4.98313e-09
      143.753      2125.00  4.54866e-09
      143.753      2150.00  4.13060e-09
      143.753      2175.00  3.73004e-09
      143.753      2200.00  3.35267e-09
      143.753      2225.00  3.00301e-09
      143.753      2250.00  2.68350e-09
      143.753      2275.00  2.39442e-09
      143.753      2300.00  2.13515e-09
      143.753      2325.00  1.90482e-09
      143.753      2350.00  1.70184e-09
      143.753      2375.00  1.52455e-09
      143.753      2400.00  1.37110e-09

      185.664     0.100000  5.12583e-13
      185.664     0.200000  2.04995e-12
      185.664     0.300000  4.61169e-12
      185.664     0.400000  8.19733e-12
      185.664     0.500000  1.28063e-11
      185.664     0.600000  1.84387e-11
      185.664     0.700000  2.50940e-11
      185.664     0.800000  3.27723e-11
      185.664     0.900000  4.14717e-11
      185.664      1.00000  5.11935e-11
      185.664      1.10000  6.19376e-11
      185.664      1.20000  7.37033e-11
      185.664      1.30000  8.64900e-11
      185.664      1.40000  1.00297e-10
      185.664      1.50000  1.15123e-10
      185.664      1.60000  1.30972e-10
      185.664      1.70000  1.47838e-10
      185.664      2.00000  2.04553e-10
      185.664      2.50000  3.19420e-10
      185.664      3.00000  4.59633e-10
      185.664      3.50000  6.25074e-10
      185.664      4.00000  8.15627e-10
      185.664      4.50000  1.03112e-09
      185.664      5.00000  1.27144e-09
      185.664      5.50000  1.53644e-09
      185.664      6.00000  1.82591e-09
      185.664      6.50000  2.13986e-09
      185.664      7.00000  2.47810e-09
      185.664      7.50000  2.84049e-09
      185.664      8.00000  3.22700e-09
      185.664      8.50000  3.63744e-09
      185.664      9.00000  4.07174e-09
      185.664      9.50000  4.52982e-09
      185.664      10.0000  5.01137e-09
      185.664      10.5000  5.51661e-09
      185.664      11.0000  6.04490e-09
      185.664      11.5000  6.59653e-09
      185.664      12.0000  7.17117e-09
      185.664      14.0000  9.69580e-09
      185.664      16.0000  1.25740e-08
      185.664      18.0000  1.57924e-08
      185.664      20.0000  1.93340e-08
      185.664      25.0000  2.94644e-08
      185.664      30.0000  4.10966e-08
      185.664      35.0000  5.38195e-08
      185.664      40.0000  6.72423e-08
      185.664      45.0000  8.10269e-08
      185.664      50.0000  9.48823e-08
      185.664      55.0000  1.08565e-07
      185.664      60.0000  1.21876e-07
      185.664      65.0000  1.34683e-07
      185.664      70.0000  1.46857e-07
      185.664      75.0000  1.58329e-07
      185.664      80.0000  1.69061e-07
      185.664      85.0000  1.79003e-07
      185.664      90.0000  1.88177e-07
      185.664      95.0000  1.96566e-07
      185.664      100.000  2.04242e-07
      185.664      110.000  2.17524e-07
      185.664      120.000  2.28448e-07
      185.664      130.000  2.37583e-07
      185.664      140.000  2.45251e-07
      185.664      150.000  2.52356e-07
      185.664      160.000  2.59594e-07
      185.664      170.000  2.67713e-07
      185.664      180.000  2.77567e-07
      185.664      190.000  2.90143e-07
      185.664      200.000  3.06608e-07
      185.664      210.000  3.28240e-07
      185.664      220.000  3.56631e-07
      185.664      230.000  3.93391e-07
      185.664      240.000  4.40805e-07
      185.664      250.000  5.01779e-07
      185.664      260.000  5.80012e-07
      185.664      270.000  6.81048e-07
      185.664      280.000  8.01449e-07
      185.664      290.000  9.37854e-07
      185.664      300.000  1.11173e-06
      185.664      310.000  1.34029e-06
      185.664      320.000  1.54626e-06
      185.664      330.000  1.76621e-06
      185.664      340.000  1.97767e-06
      185.664      350.000  2.19868e-06
      185.664      360.000  2.34086e-06
      185.664      365.000  2.38642e-06
      185.664      370.000  2.43476e-06
      185.664      380.000  2.49934e-06
      185.664      390.000  2.50161e-06
      185.664      400.000  2.45958e-06
      185.664      410.000  2.38468e-06
      185.664      420.000  2.31471e-06
      185.664      430.000  2.24894e-06
      185.664      440.000  2.19679e-06
      185.664      450.000  2.16597e-06
      185.664      460.000  2.16433e-06
      185.664      470.000  2.20832e-06
      185.664      480.000  2.25729e-06
      185.664      490.000  2.36959e-06
      185.664      500.000  2.53690e-06
      185.664      510.000  2.76431e-06
      185.664      520.000  3.05822e-06
      185.664      530.000  3.42544e-06
      185.664      540.000  3.86002e-06
      185.664      550.000  4.37422e-06
      185.664      560.000  4.95546e-06
      185.664      570.000  5.22927e-06
      185.664      580.000  5.61905e-06
      185.664      590.000  5.94073e-06
      185.664      600.000  6.03784e-06
      185.664      610.000  6.08198e-06
      185.664      620.000  5.97328e-06
      185.664      630.000  5.73531e-06
      185.664      640.000  5.40004e-06
      185.664      650.000  5.06138e-06
      185.664      660.000  4.71313e-06
      185.664      670.000  4.37210e-06
      185.664      680.000  4.04829e-06
      185.664      690.000  3.74802e-06
      185.664      700.000  3.47449e-06
      185.664      710.000  3.22954e-06
      185.664      720.000  3.01409e-06
      185.664      730.000  2.83021e-06
      185.664      740.000  2.67165e-06
      185.664      750.000  2.53615e-06
      185.664      760.000  2.43282e-06
      185.664      770.000  2.35399e-06
      185.664      780.000  2.29551e-06
      185.664      790.000  2.24903e-06
      185.664      800.000  2.20338e-06
      185.664      810.000  2.17506e-06
      185.664      820.000  2.09252e-06
      185.664      830.000  2.01986e-06
      185.664      840.000  1.94255e-06
      185.664      850.000  1.84925e-06
      185.664      860.000  1.74388e-06
      185.664      870.000  1.63463e-06
      185.664      880.000  1.52702e-06
      185.664      890.000  1.42464e-06
      185.664      900.000  1.32988e-06
      185.664      910.000  1.24171e-06
      185.664      920.000  1.15980e-06
      185.664      930.000  1.08710e-06
      185.664      940.000  1.02286e-06
      185.664      950.000  9.65014e-07
      185.664      960.000  9.11828e-07
      185.664      970.000  8.66274e-07
      185.664      980.000  8.26808e-07
      185.664      990.000  7.92910e-07
      185.664      1000.00  7.64062e-07
      185.664      1010.00  7.38583e-07
      185.664      1020.00  7.14084e-07
      185.664      1030.00  6.94199e-07
      185.664      1040.00  6.63177e-07
      185.664      1050.00  6.35467e-07
      185.664      1060.00  6.07757e-07
      185.664      1070.00  5.77596e-07
      185.664      1080.00  5.45791e-07
      185.664      1090.00  5.14157e-07
      185.664      1100.00  4.84180e-07
      185.664      1110.00  4.55254e-07
      185.664      1120.00  4.29239e-07
      185.664      1130.00  4.05699e-07
      185.664      1140.00  3.84480e-07
      185.664      1150.00  3.65074e-07
      185.664      1160.00  3.47047e-07
      185.664      1170.00  3.30267e-07
      185.664      1180.00  3.12065e-07
      185.664      1190.00  2.95347e-07
      185.664      1200.00  2.79180e-07
      185.664      1210.00  2.62902e-07
      185.664      1220.00  2.46716e-07
      185.664      1230.00  2.31031e-07
      185.664      1240.00  2.16134e-07
      185.664      1250.00  2.02147e-07
      185.664      1260.00  1.89124e-07
      185.664      1270.00  1.77090e-07
      185.664      1280.00  1.65993e-07
      185.664      1290.00  1.55846e-07
      185.664      1300.00  1.46571e-07
      185.664      1325.00  1.26973e-07
      185.664      1350.00  1.12117e-07
      185.664      1375.00  1.00813e-07
      185.664      1400.00  9.09745e-08
      185.664      1425.00  8.14442e-08
      185.664      1450.00  7.19228e-08
      185.664      1475.00  6.31882e-08
      185.664      1500.00  5.60052e-08
      185.664      1525.00  5.04364e-08
      185.664      1550.00  4.65315e-08
      185.664      1575.00  4.38323e-08
      185.664      1600.00  4.19257e-08
      185.664      1625.00  4.05429e-08
      185.664      1650.00  3.83955e-08
      185.664      1675.00  3.59616e-08
      185.664      1700.00  3.33317e-08
      185.664      1725.00  3.06557e-08
      185.664      1750.00  2.80363e-08
      185.664      1775.00  2.55437e-08
      185.664      1800.00  2.32149e-08
      185.664      1825.00  2.10756e-08
      185.664      1850.00  1.90977e-08
      185.664      1875.00  1.72749e-08
      185.664      1900.00  1.56080e-08
      185.664      1925.00  1.41195e-08
      185.664      1950.00  1.28251e-08
      185.664      1975.00  1.17171e-08
      185.664      2000.00  1.07897e-08
      185.664      2025.00  9.99278e-09
      185.664      2050.00  9.30117e-09
      185.664      2075.00  8.66537e-09
      185.664      2100.00  8.03602e-09
      185.664      2125.00  7.43351e-09
      185.664      2150.00  6.84314e-09
      185.664      2175.00  6.26556e-09
      185.664      2200.00  5.71079e-09
      185.664      2225.00  5.18638e-09
      185.664      2250.00  4.69927e-09
      185.664      2275.00  4.25206e-09
      185.664      2300.00  3.84683e-09
      185.664      2325.00  3.48513e-09
      185.664      2350.00  3.16543e-09
      185.664      2375.00  2.88531e-09
      185.664      2400.00  2.64656e-09

      239.794     0.100000  3.95492e-13
      239.794     0.200000  1.58171e-12
      239.794     0.300000  3.55828e-12
      239.794     0.400000  6.32480e-12
      239.794     0.500000  9.88076e-12
      239.794     0.600000  1.42260e-11
      239.794     0.700000  1.93601e-11
      239.794     0.800000  2.52828e-11
      239.794     0.900000  3.19932e-11
      239.794      1.00000  3.94914e-11
      239.794      1.10000  4.77767e-11
      239.794      1.20000  5.68482e-11
      239.794      1.30000  6.67080e-11
      239.794      1.40000  7.73552e-11
      239.794      1.50000  8.87846e-11
      239.794      1.60000  1.01002e-10
      239.794      1.70000  1.14003e-10
      239.794      2.00000  1.57717e-10
      239.794      2.50000  2.46247e-10
      239.794      3.00000  3.54330e-10
      239.794      3.50000  4.81926e-10
      239.794      4.00000  6.28998e-10
      239.794      4.50000  7.95488e-10
      239.794      5.00000  9.81339e-10
      239.794      5.50000  1.18651e-09
      239.794      6.00000  1.41092e-09
      239.794      6.50000  1.65451e-09
      239.794      7.00000  1.91718e-09
      239.794      7.50000  2.19891e-09
      239.794      8.00000  2.49955e-09
      239.794      8.50000  2.81905e-09
      239.794      9.00000  3.15728e-09
      239.794      9.50000  3.51421e-09
      239.794      10.0000  3.88978e-09
      239.794      10.5000  4.28366e-09
      239.794      11.0000  4.69593e-09
      239.794      11.5000  5.12660e-09
      239.794      12.0000  5.57550e-09
      239.794      14.0000  7.55131e-09
      239.794      16.0000  9.81066e-09
      239.794      18.0000  1.23461e-08
      239.794      20.0000  1.51478e-08
      239.794      25.0000  2.32356e-08
      239.794      30.0000  3.26794e-08
      239.794      35.0000  4.32125e-08
      239.794      40.0000  5.45663e-08
      239.794      45.0000  6.64962e-08
      239.794      50.0000  7.87803e-08
      239.794      55.0000  9.12263e-08
      239.794      60.0000  1.03670e-07
      239.794      65.0000  1.15991e-07
      239.794      70.0000  1.28048e-07
      239.794      75.0000  1.39777e-07
      239.794      80.0000  1.51114e-07
      239.794      85.0000  1.61992e-07
      239.794      90.0000  1.72377e-07
      239.794      95.0000  1.82286e-07
      239.794      100.000  1.91676e-07
      239.794      110.000  2.09016e-07
      239.794      120.000  2.24563e-07
      239.794      130.000  2.38650e-07
      239.794      140.000  2.51747e-07
      239.794      150.000  2.64258e-07
      239.794      160.000  2.76726e-07
      239.794      170.000  2.90029e-07
      239.794      180.000  3.04809e-07
      239.794      190.000  3.22065e-07
      239.794      200.000  3.41560e-07
      239.794      210.000  3.66177e-07
      239.794      220.000  3.95950e-07
      239.794      230.000  4.31795e-07
      239.794      240.000  4.77055e-07
      239.794      250.000  5.33122e-07
      239.794      260.000  5.99530e-07
      239.794      270.000  6.78021e-07
      239.794      280.000  7.75606e-07
      239.794      290.000  8.89784e-07
      239.794      300.000  1.02734e-06
      239.794      310.000  1.16905e-06
      239.794      320.000  1.31992e-06
      239.794      330.000  1.47155e-06
      239.794      340.000  1.61275e-06
      239.794      350.000  1.75643e-06
      239.794      360.000  1.87186e-06
      239.794      365.000  1.91632e-06
      239.794      370.000  1.95955e-06
      239.794      380.000  2.03142e-06
      239.794      390.000  2.07117e-06
      239.794      400.000  2.08299e-06
      239.794      410.000  2.07773e-06
      239.794      420.000  2.07254e-06
      239.794      430.000  2.07298e-06
      239.794      440.000  2.08445e-06
      239.794      450.000  2.12155e-06
      239.794      460.000  2.15790e-06
      239.794      470.000  2.23537e-06
      239.794      480.000  2.34143e-06
      239.794      490.000  2.47811e-06
      239.794      500.000  2.66312e-06
      239.794      510.000  2.89788e-06
      239.794      520.000  3.17780e-06
      239.794      530.000  3.47940e-06
      239.794      540.000  3.82837e-06
      239.794      550.000  4.20109e-06
      239.794      560.000  4.58481e-06
      239.794      570.000  5.04624e-06
      239.794      580.000  5.24044e-06
      239.794      590.000  5.41806e-06
      239.794      600.000  5.52427e-06
      239.794      610.000  5.58174e-06
      239.794      620.000  5.53586e-06
      239.794      630.000  5.39126e-06
      239.794      640.000  5.16833e-06
      239.794      650.000  4.93389e-06
      239.794      660.000  4.68200e-06
      239.794      670.000  4.42986e-06
      239.794      680.000  4.18505e-06
      239.794      690.000  3.95385e-06
      239.794      700.000  3.74266e-06
      239.794      710.000  3.55313e-06
      239.794      720.000  3.38670e-06
      239.794      730.000  3.24186e-06
      239.794      740.000  3.12632e-06
      239.794      750.000  3.03602e-06
      239.794      760.000  2.97752e-06
      239.794      770.000  2.91285e-06
      239.794      780.000  2.89064e-06
      239.794      790.000  2.86169e-06
      239.794      800.000  2.79842e-06
      239.794      810.000  2.79053e-06
      239.794      820.000  2.71950e-06
      239.794      830.000  2.65292e-06
      239.794      840.000  2.57845e-06
      239.794      850.000  2.48538e-06
      239.794      860.000  2.37538e-06
      239.794      870.000  2.25697e-06
      239.794      880.000  2.13607e-06
      239.794      890.000  2.01932e-06
      239.794      900.000  1.90823e-06
      239.794      910.000  1.80501e-06
      239.794      920.000  1.71135e-06
      239.794      930.000  1.62737e-06
      239.794      940.000  1.55196e-06
      239.794      950.000  1.48537e-06
      239.794      960.000  1.43086e-06
      239.794      970.000  1.38603e-06
      239.794      980.000  1.34855e-06
      239.794      990.000  1.31838e-06
      239.794      1000.00  1.29971e-06
      239.794      1010.00  1.27850e-06
      239.794      1020.00  1.24363e-06
      239.794      1030.00  1.23073e-06
      239.794      1040.00  1.19321e-06
      239.794      1050.00  1.15807e-06
      239.794      1060.00  1.12033e-06
      239.794      1070.00  1.07573e-06
      239.794      1080.00  1.02491e-06
      239.794      1090.00  9.71065e-07
      239.794      1100.00  9.16877e-07
      239.794      1110.00  8.64180e-07
      239.794      1120.00  8.14733e-07
      239.794      1130.00  7.65907e-07
      239.794      1140.00  7.21275e-07
      239.794      1150.00  6.79261e-07
      239.794      1160.00  6.38932e-07
      239.794      1170.00  6.02207e-07
      239.794      1180.00  5.66286e-07
      239.794      1190.00  5.32843e-07
      239.794      1200.00  5.01314e-07
      239.794      1210.00  4.71175e-07
      239.794      1220.00  4.42342e-07
      239.794      1230.00  4.15056e-07
      239.794      1240.00  3.89419e-07
      239.794      1250.00  3.65460e-07
      239.794      1260.00  3.43162e-07
      239.794      1270.00  3.22504e-07
      239.794      1280.00  3.03385e-07
      239.794      1290.00  2.85733e-07
      239.794      1300.00  2.69525e-07
      239.794      1325.00  2.34718e-07
      239.794      1350.00  2.07051e-07
      239.794      1375.00  1.86495e-07
      239.794      1400.00  1.65372e-07
      239.794      1425.00  1.47570e-07
      239.794      1450.00  1.30762e-07
      239.794      1475.00  1.15422e-07
      239.794      1500.00  1.02421e-07
      239.794      1525.00  9.18062e-08
      239.794      1550.00  8.35833e-08
      239.794      1575.00  7.74094e-08
      239.794      1600.00  7.26112e-08
      239.794      1625.00  6.79908e-08
      239.794      1650.00  6.31597e-08
      239.794      1675.00  5.80599e-08
      239.794      1700.00  5.29209e-08
      239.794      1725.00  4.80776e-08
      239.794      1750.00  4.36547e-08
      239.794      1775.00  3.96895e-08
      239.794      1800.00  3.61818e-08
      239.794      1825.00  3.30590e-08
      239.794      1850.00  3.01865e-08
      239.794      1875.00  2.75359e-08
      239.794      1900.00  2.50635e-08
      239.794      1925.00  2.28166e-08
      239.794      1950.00  2.08351e-08
      239.794      1975.00  1.91453e-08
      239.794      2000.00  1.77084e-08
      239.794      2025.00  1.64880e-08
      239.794      2050.00  1.54118e-08
      239.794      2075.00  1.43709e-08
      239.794      2100.00  1.33820e-08
      239.794      2125.00  1.24323e-08
      239.794      2150.00  1.15097e-08
      239.794      2175.00  1.06190e-08
      239.794      2200.00  9.77042e-09
      239.794      2225.00  8.97277e-09
      239.794      2250.00  8.23211e-09
      239.794      2275.00  7.55318e-09
      239.794      2300.00  6.94009e-09
      239.794      2325.00  6.39361e-09
      239.794      2350.00  5.91385e-09
      239.794      2375.00  5.49515e-09
      239.794      2400.00  5.13178e-09

      309.705     0.100000  3.04953e-13
      309.705     0.200000  1.21967e-12
      309.705     0.300000  2.74389e-12
      309.705     0.400000  4.87745e-12
      309.705     0.500000  7.62013e-12
      309.705     0.600000  1.09716e-11
      309.705     0.700000  1.49317e-11
      309.705     0.800000  1.95006e-11
      309.705     0.900000  2.46775e-11
      309.705      1.00000  3.04626e-11
      309.705      1.10000  3.68559e-11
      309.705      1.20000  4.38561e-11
      309.705      1.30000  5.14648e-11
      309.705      1.40000  5.96803e-11
      309.705      1.50000  6.85032e-11
      309.705      1.60000  7.79336e-11
      309.705      1.70000  8.79694e-11
      309.705      2.00000  1.21718e-10
      309.705      2.50000  1.90086e-10
      309.705      3.00000  2.73589e-10
      309.705      3.50000  3.72200e-10
      309.705      4.00000  4.85873e-10
      309.705      4.50000  6.14610e-10
      309.705      5.00000  7.58353e-10
      309.705      5.50000  9.17064e-10
      309.705      6.00000  1.09070e-09
      309.705      6.50000  1.27923e-09
      309.705      7.00000  1.48262e-09
      309.705      7.50000  1.70080e-09
      309.705      8.00000  1.93378e-09
      309.705      8.50000  2.18141e-09
      309.705      9.00000  2.44375e-09
      309.705      9.50000  2.72064e-09
      309.705      10.0000  3.01218e-09
      309.705      10.5000  3.31824e-09
      309.705      11.0000  3.63877e-09
      309.705      11.5000  3.97376e-09
      309.705      12.0000  4.32321e-09
      309.705      14.0000  5.86401e-09
      309.705      16.0000  7.63046e-09
      309.705      18.0000  9.61866e-09
      309.705      20.0000  1.18220e-08
      309.705      25.0000  1.82261e-08
      309.705      30.0000  2.57984e-08
      309.705      35.0000  3.43773e-08
      309.705      40.0000  4.37883e-08
      309.705      45.0000  5.38659e-08
      309.705      50.0000  6.44592e-08
      309.705      55.0000  7.54185e-08
      309.705      60.0000  8.66197e-08
      309.705      65.0000  9.79499e-08
      309.705      70.0000  1.09320e-07
      309.705      75.0000  1.20644e-07
      309.705      80.0000  1.31845e-07
      309.705      85.0000  1.42880e-07
      309.705      90.0000  1.53711e-07
      309.705      95.0000  1.64275e-07
      309.705      100.000  1.74571e-07
      309.705      110.000  1.94369e-07
      309.705      120.000  2.13043e-07
      309.705      130.000  2.30803e-07
      309.705      140.000  2.47908e-07
      309.705      150.000  2.64464e-07
      309.705      160.000  2.81130e-07
      309.705      170.000  2.98205e-07
      309.705      180.000  3.16509e-07
      309.705      190.000  3.36041e-07
      309.705      200.000  3.58374e-07
      309.705      210.000  3.83096e-07
      309.705      220.000  4.12406e-07
      309.705      230.000  4.47062e-07
      309.705      240.000  4.85504e-07
      309.705      250.000  5.31935e-07
      309.705      260.000  5.85358e-07
      309.705      270.000  6.49988e-07
      309.705      280.000  7.19090e-07
      309.705      290.000  8.04892e-07
      309.705      300.000  8.89862e-07
      309.705      310.000  9.94485e-07
      309.705      320.000  1.12049e-06
      309.705      330.000  1.20519e-06
      309.705      340.000  1.30608e-06
      309.705      350.000  1.44798e-06
      309.705      360.000  1.49647e-06
      309.705      365.000  1.53555e-06
      309.705      370.000  1.57408e-06
      309.705      380.000  1.64666e-06
      309.705      390.000  1.70394e-06
      309.705      400.000  1.74871e-06
      309.705      410.000  1.78289e-06
      309.705      420.000  1.82223e-06
      309.705      430.000  1.86726e-06
      309.705      440.000  1.91867e-06
      309.705      450.000  1.98603e-06
      309.705      460.000  2.06445e-06
      309.705      470.000  2.16807e-06
      309.705      480.000  2.30068e-06
      309.705      490.000  2.43983e-06
      309.705      500.000  2.61885e-06
      309.705      510.000  2.81985e-06
      309.705      520.000  3.06343e-06
      309.705      530.000  3.32076e-06
      309.705      540.000  3.59484e-06
      309.705      550.000  3.87978e-06
      309.705      560.000  4.16947e-06
      309.705      570.000  4.41904e-06
      309.705      580.000  4.61200e-06
      309.705      590.000  4.78837e-06
      309.705      600.000  4.89503e-06
      309.705      610.000  4.96534e-06
      309.705      620.000  4.96979e-06
      309.705      630.000  4.90229e-06
      309.705      640.000  4.76720e-06
      309.705      650.000  4.63112e-06
      309.705      660.000  4.47896e-06
      309.705      670.000  4.31901e-06
      309.705      680.000  4.16185e-06
      309.705      690.000  4.01343e-06
      309.705      700.000  3.87089e-06
      309.705      710.000  3.74596e-06
      309.705      720.000  3.63612e-06
      309.705      730.000  3.54870e-06
      309.705      740.000  3.47207e-06
      309.705      750.000  3.42376e-06
      309.705      760.000  3.37727e-06
      309.705      770.000  3.36344e-06
      309.705      780.000  3.39538e-06
      309.705      790.000  3.32736e-06
      309.705      800.000  3.32857e-06
      309.705      810.000  3.28307e-06
      309.705      820.000  3.22660e-06
      309.705      830.000  3.17220e-06
      309.705      840.000  3.11238e-06
      309.705      850.000  3.03526e-06
      309.705      860.000  2.94125e-06
      309.705      870.000  2.83677e-06
      309.705      880.000  2.72950e-06
      309.705      890.000  2.62291e-06
      309.705      900.000  2.52209e-06
      309.705      910.000  2.43132e-06
      309.705      920.000  2.34244e-06
      309.705      930.000  2.26847e-06
      309.705      940.000  2.20299e-06
      309.705      950.000  2.15177e-06
      309.705      960.000  2.10756e-06
      309.705      970.000  2.08042e-06
      309.705      980.000  2.05319e-06
      309.705      990.000  2.04551e-06
      309.705      1000.00  2.08590e-06
      309.705      1010.00  2.02152e-06
      309.705      1020.00  2.01979e-06
      309.705      1030.00  1.98818e-06
      309.705      1040.00  1.94809e-06
      309.705      1050.00  1.90925e-06
      309.705      1060.00  1.86576e-06
      309.705      1070.00  1.81096e-06
      309.705      1080.00  1.74463e-06
      309.705      1090.00  1.67090e-06
      309.705      1100.00  1.59379e-06
      309.705      1110.00  1.51644e-06
      309.705      1120.00  1.44028e-06
      309.705      1130.00  1.36700e-06
      309.705      1140.00  1.29770e-06
      309.705      1150.00  1.23011e-06
      309.705      1160.00  1.16827e-06
      309.705      1170.00  1.10883e-06
      309.705      1180.00  1.05389e-06
      309.705      1190.00  1.00217e-06
      309.705      1200.00  9.55076e-07
      309.705      1210.00  9.08980e-07
      309.705      1220.00  8.67262e-07
      309.705      1230.00  8.30086e-07
      309.705      1240.00  7.87708e-07
      309.705      1250.00  7.49024e-07
      309.705      1260.00  7.12752e-07
      309.705      1270.00  6.78281e-07
      309.705      1280.00  6.44843e-07
      309.705      1290.00  6.12180e-07
      309.705      1300.00  5.80675e-07
      309.705      1325.00  5.08169e-07
      309.705      1350.00  4.45893e-07
      309.705      1375.00  3.92837e-07
      309.705      1400.00  3.46488e-07
      309.705      1425.00  3.06040e-07
      309.705      1450.00  2.69937e-07
      309.705      1475.00  2.38103e-07
      309.705      1500.00  2.10972e-07
      309.705      1525.00  1.88244e-07
      309.705      1550.00  1.69508e-07
      309.705      1575.00  1.54449e-07
      309.705      1600.00  1.41442e-07
      309.705      1625.00  1.29824e-07
      309.705      1650.00  1.18684e-07
      309.705      1675.00  1.07843e-07
      309.705      1700.00  9.74943e-08
      309.705      1725.00  8.80954e-08
      309.705      1750.00  7.97778e-08
      309.705      1775.00  7.25333e-08
      309.705      1800.00  6.63045e-08
      309.705      1825.00  6.07622e-08
      309.705      1850.00  5.56593e-08
      309.705      1875.00  5.09134e-08
      309.705      1900.00  4.64448e-08
      309.705      1925.00  4.22668e-08
      309.705      1950.00  3.85696e-08
      309.705      1975.00  3.53919e-08
      309.705      2000.00  3.26343e-08
      309.705      2025.00  3.02554e-08
      309.705      2050.00  2.82105e-08
      309.705      2075.00  2.62100e-08
      309.705      2100.00  2.43384e-08
      309.705      2125.00  2.25355e-08
      309.705      2150.00  2.08199e-08
      309.705      2175.00  1.92161e-08
      309.705      2200.00  1.77371e-08
      309.705      2225.00  1.63854e-08
      309.705      2250.00  1.51658e-08
      309.705      2275.00  1.40515e-08
      309.705      2300.00  1.30454e-08
      309.705      2325.00  1.21498e-08
      309.705      2350.00  1.13485e-08
      309.705      2375.00  1.06451e-08
      309.705      2400.00  1.00417e-08

      400.000     0.100000  2.35107e-13
      400.000     0.200000  9.40356e-13
      400.000     0.300000  2.11562e-12
      400.000     0.400000  3.76070e-12
      400.000     0.500000  5.87569e-12
      400.000     0.600000  8.46023e-12
      400.000     0.700000  1.15142e-11
      400.000     0.800000  1.50377e-11
      400.000     0.900000  1.90304e-11
      400.000      1.00000  2.34924e-11
      400.000      1.10000  2.84234e-11
      400.000      1.20000  3.38236e-11
      400.000      1.30000  3.96927e-11
      400.000      1.40000  4.60300e-11
      400.000      1.50000  5.28363e-11
      400.000      1.60000  6.01102e-11
      400.000      1.70000  6.78530e-11
      400.000      2.00000  9.38898e-11
      400.000      2.50000  1.46641e-10
      400.000      3.00000  2.11074e-10
      400.000      3.50000  2.87173e-10
      400.000      4.00000  3.74919e-10
      400.000      4.50000  4.74303e-10
      400.000      5.00000  5.85298e-10
      400.000      5.50000  7.07885e-10
      400.000      6.00000  8.42064e-10
      400.000      6.50000  9.87808e-10
      400.000      7.00000  1.14507e-09
      400.000      7.50000  1.31386e-09
      400.000      8.00000  1.49421e-09
      400.000      8.50000  1.68595e-09
      400.000      9.00000  1.88922e-09
      400.000      9.50000  2.10391e-09
      400.000      10.0000  2.32998e-09
      400.000      10.5000  2.56740e-09
      400.000      11.0000  2.81625e-09
      400.000      11.5000  3.07641e-09
      400.000      12.0000  3.34793e-09
      400.000      14.0000  4.54624e-09
      400.000      16.0000  5.92297e-09
      400.000      18.0000  7.47598e-09
      400.000      20.0000  9.20114e-09
      400.000      25.0000  1.42442e-08
      400.000      30.0000  2.02658e-08
      400.000      35.0000  2.71717e-08
      400.000      40.0000  3.48578e-08
      400.000      45.0000  4.32206e-08
      400.000      50.0000  5.21464e-08
      400.000      55.0000  6.15377e-08
      400.000      60.0000  7.12968e-08
      400.000      65.0000  8.13498e-08
      400.000      70.0000  9.16178e-08
      400.000      75.0000  1.02035e-07
      400.000      80.0000  1.12536e-07
      400.000      85.0000  1.23081e-07
      400.000      90.0000  1.33651e-07
      400.000      95.0000  1.44131e-07
      400.000      100.000  1.54564e-07
      400.000      110.000  1.75147e-07
      400.000      120.000  1.95346e-07
      400.000      130.000  2.15105e-07
      400.000      140.000  2.34575e-07
      400.000      150.000  2.53877e-07
      400.000      160.000  2.73222e-07
      400.000      170.000  2.93052e-07
      400.000      180.000  3.13459e-07
      400.000      190.000  3.35159e-07
      400.000      200.000  3.58217e-07
      400.000      210.000  3.83337e-07
      400.000      220.000  4.11239e-07
      400.000      230.000  4.41843e-07
      400.000      240.000  4.77122e-07
      400.000      250.000  5.15499e-07
      400.000      260.000  5.59919e-07
      400.000      270.000  6.08622e-07
      400.000      280.000  6.62038e-07
      400.000      290.000  7.25539e-07
      400.000      300.000  7.89093e-07
      400.000      310.000  8.64110e-07
      400.000      320.000  9.35623e-07
      400.000      330.000  1.01099e-06
      400.000      340.000  1.09486e-06
      400.000      350.000  1.16239e-06
      400.000      360.000  1.23050e-06
      400.000      365.000  1.26441e-06
      400.000      370.000  1.29910e-06
      400.000      380.000  1.36809e-06
      400.000      390.000  1.43199e-06
      400.000      400.000  1.49120e-06
      400.000      410.000  1.54577e-06
      400.000      420.000  1.60769e-06
      400.000      430.000  1.67179e-06
      400.000      440.000  1.74257e-06
      400.000      450.000  1.82582e-06
      400.000      460.000  1.91689e-06
      400.000      470.000  2.02440e-06
      400.000      480.000  2.14546e-06
      400.000      490.000  2.27866e-06
      400.000      500.000  2.44003e-06
      400.000      510.000  2.60691e-06
      400.000      520.000  2.80887e-06
      400.000      530.000  3.00283e-06
      400.000      540.000  3.21423e-06
      400.000      550.000  3.47476e-06
      400.000      560.000  3.62758e-06
      400.000      570.000  3.80519e-06
      400.000      580.000  3.97532e-06
      400.000      590.000  4.09729e-06
      400.000      600.000  4.19551e-06
      400.000      610.000  4.27605e-06
      400.000      620.000  4.31668e-06
      400.000      630.000  4.31234e-06
      400.000      640.000  4.25935e-06
      400.000      650.000  4.20547e-06
      400.000      660.000  4.13561e-06
      400.000      670.000  4.05794e-06
      400.000      680.000  3.97961e-06
      400.000      690.000  3.90184e-06
      400.000      700.000  3.83300e-06
      400.000      710.000  3.76875e-06
      400.000      720.000  3.71925e-06
      400.000      730.000  3.67698e-06
      400.000      740.000  3.64380e-06
      400.000      750.000  3.63388e-06
      400.000      760.000  3.62054e-06
      400.000      770.000  3.62672e-06
      400.000      780.000  3.62687e-06
      400.000      790.000  3.59941e-06
      400.000      800.000  3.63620e-06
      400.000      810.000  3.59979e-06
      400.000      820.000  3.56597e-06
      400.000      830.000  3.53588e-06
      400.000      840.000  3.50184e-06
      400.000      850.000  3.45566e-06
      400.000      860.000  3.39531e-06
      400.000      870.000  3.32628e-06
      400.000      880.000  3.25212e-06
      400.000      890.000  3.17783e-06
      400.000      900.000  3.10954e-06
      400.000      910.000  3.04499e-06
      400.000      920.000  2.99186e-06
      400.000      930.000  2.94397e-06
      400.000      940.000  2.91141e-06
      400.000      950.000  2.88342e-06
      400.000      960.000  2.86474e-06
      400.000      970.000  2.86645e-06
      400.000      980.000  2.86310e-06
      400.000      990.000  2.87522e-06
      400.000      1000.00  2.88135e-06
      400.000      1010.00  2.85918e-06
      400.000      1020.00  2.89299e-06
      400.000      1030.00  2.85769e-06
      400.000      1040.00  2.82140e-06
      400.000      1050.00  2.78647e-06
      400.000      1060.00  2.74572e-06
      400.000      1070.00  2.69047e-06
      400.000      1080.00  2.62019e-06
      400.000      1090.00  2.53791e-06
      400.000      1100.00  2.44828e-06
      400.000      1110.00  2.35593e-06
      400.000      1120.00  2.26241e-06
      400.000      1130.00  2.17091e-06
      400.000      1140.00  2.08135e-06
      400.000      1150.00  1.99500e-06
      400.000      1160.00  1.91405e-06
      400.000      1170.00  1.83573e-06
      400.000      1180.00  1.76378e-06
      400.000      1190.00  1.69426e-06
      400.000      1200.00  1.63135e-06
      400.000      1210.00  1.56884e-06
      400.000      1220.00  1.50622e-06
      400.000      1230.00  1.45504e-06
      400.000      1240.00  1.39539e-06
      400.000      1250.00  1.33844e-06
      400.000      1260.00  1.28472e-06
      400.000      1270.00  1.23289e-06
      400.000      1280.00  1.18161e-06
      400.000      1290.00  1.13036e-06
      400.000      1300.00  1.07953e-06
      400.000      1325.00  9.57888e-07
      400.000      1350.00  8.47842e-07
      400.000      1375.00  7.50135e-07
      400.000      1400.00  6.63920e-07
      400.000      1425.00  5.88069e-07
      400.000      1450.00  5.21266e-07
      400.000      1475.00  4.62447e-07
      400.000      1500.00  4.11536e-07
      400.000      1525.00  3.67860e-07
      400.000      1550.00  3.30813e-07
      400.000      1575.00  2.99604e-07
      400.000      1600.00  2.72050e-07
      400.000      1625.00  2.46730e-07
      400.000      1650.00  2.24156e-07
      400.000      1675.00  2.03214e-07
      400.000      1700.00  1.83807e-07
      400.000      1725.00  1.66362e-07
      400.000      1750.00  1.50956e-07
      400.000      1775.00  1.37497e-07
      400.000      1800.00  1.25727e-07
      400.000      1825.00  1.15192e-07
      400.000      1850.00  1.05616e-07
      400.000      1875.00  9.67675e-08
      400.000      1900.00  8.84707e-08
      400.000      1925.00  8.07852e-08
      400.000      1950.00  7.38931e-08
      400.000      1975.00  6.78237e-08
      400.000      2000.00  6.25270e-08
      400.000      2025.00  5.78985e-08
      400.000      2050.00  5.37941e-08
      400.000      2075.00  4.98045e-08
      400.000      2100.00  4.61668e-08
      400.000      2125.00  4.26864e-08
      400.000      2150.00  3.94087e-08
      400.000      2175.00  3.63924e-08
      400.000      2200.00  3.36561e-08
      400.000      2225.00  3.11977e-08
      400.000      2250.00  2.89897e-08
      400.000      2275.00  2.69955e-08
      400.000      2300.00  2.51809e-08
      400.000      2325.00  2.35425e-08
      400.000      2350.00  2.20521e-08
      400.000      2375.00  2.07170e-08
      400.000      2400.00  1.95278e-08

