      40.0000     0.100000  1.50803e-12
      40.0000     0.200000  6.02399e-12
      40.0000     0.300000  1.35396e-11
      40.0000     0.400000  2.40508e-11
      40.0000     0.500000  3.75574e-11
      40.0000     0.600000  5.40626e-11
      40.0000     0.700000  7.35723e-11
      40.0000     0.800000  9.60961e-11
      40.0000     0.900000  1.21648e-10
      40.0000      1.00000  1.50244e-10
      40.0000      1.10000  1.81904e-10
      40.0000      1.20000  2.16653e-10
      40.0000      1.30000  2.54519e-10
      40.0000      1.40000  2.95531e-10
      40.0000      1.50000  3.39722e-10
      40.0000      1.60000  3.87130e-10
      40.0000      1.70000  4.37785e-10
      40.0000      2.00000  6.09547e-10
      40.0000      2.50000  9.62531e-10
      40.0000      3.00000  1.39595e-09
      40.0000      3.50000  1.90128e-09
      40.0000      4.00000  2.47003e-09
      40.0000      4.50000  3.09763e-09
      40.0000      5.00000  3.78263e-09
      40.0000      5.50000  4.52471e-09
      40.0000      6.00000  5.32341e-09
      40.0000      6.50000  6.17780e-09
      40.0000      7.00000  7.08680e-09
      40.0000      7.50000  8.04890e-09
      40.0000      8.00000  9.06267e-09
      40.0000      8.50000  1.01266e-08
      40.0000      9.00000  1.12392e-08
      40.0000      9.50000  1.23992e-08
      40.0000      10.0000  1.36054e-08
      40.0000      10.5000  1.48569e-08
      40.0000      11.0000  1.61529e-08
      40.0000      11.5000  1.74927e-08
      40.0000      12.0000  1.88760e-08
      40.0000      14.0000  2.48305e-08
      40.0000      16.0000  3.14006e-08
      40.0000      18.0000  3.84417e-08
      40.0000      20.0000  4.57552e-08
      40.0000      25.0000  6.40301e-08
      40.0000      30.0000  8.07178e-08
      40.0000      35.0000  9.47032e-08
      40.0000      40.0000  1.05628e-07
      40.0000      45.0000  1.13584e-07
      40.0000      50.0000  1.18901e-07
      40.0000      55.0000  1.21993e-07
      40.0000      60.0000  1.23260e-07
      40.0000      65.0000  1.23080e-07
      40.0000      70.0000  1.21778e-07
      40.0000      75.0000  1.19639e-07
      40.0000      80.0000  1.16884e-07
      40.0000      85.0000  1.13691e-07
      40.0000      90.0000  1.10209e-07
      40.0000      95.0000  1.06546e-07
      40.0000      100.000  1.02794e-07
      40.0000      110.000  9.52645e-08
      40.0000      120.000  8.79585e-08
      40.0000      130.000  8.10679e-08
      40.0000      140.000  7.46766e-08
      40.0000      150.000  6.88087e-08
      40.0000      160.000  6.34772e-08
      40.0000      170.000  5.87222e-08
      40.0000      180.000  5.44622e-08
      40.0000      190.000  5.07992e-08
      40.0000      200.000  4.78631e-08
      40.0000      210.000  4.59256e-08
      40.0000      220.000  4.55210e-08
      40.0000      230.000  4.74939e-08
      40.0000      240.000  5.32144e-08
      40.0000      250.000  6.52604e-08
      40.0000      260.000  8.84726e-08
      40.0000      270.000  1.31407e-07
      40.0000      280.000  2.15156e-07
      40.0000      290.000  3.79128e-07
      40.0000      300.000  6.86956e-07
      40.0000      310.000  1.19624e-06
      40.0000      320.000  2.10795e-06
      40.0000      330.000  3.51138e-06
      40.0000      340.000  5.37165e-06
      40.0000      350.000  8.01495e-06
      40.0000      360.000  1.06791e-05
      40.0000      365.000  1.00552e-05
      40.0000      370.000  1.03336e-05
      40.0000      380.000  1.02067e-05
      40.0000      390.000  8.94038e-06
      40.0000      400.000  7.56449e-06
      40.0000      410.000  6.13406e-06
      40.0000      420.000  5.11727e-06
      40.0000      430.000  4.27831e-06
      40.0000      440.000  3.59589e-06
      40.0000      450.000  3.04176e-06
      40.0000      460.000  2.59222e-06
      40.0000      470.000  2.22619e-06
      40.0000      480.000  1.92822e-06
      40.0000      490.000  1.68723e-06
      40.0000      500.000  1.49594e-06
      40.0000      510.000  1.35273e-06
      40.0000      520.000  1.26466e-06
      40.0000      530.000  1.27921e-06
      40.0000      540.000  1.37379e-06
      40.0000      550.000  1.63801e-06
      40.0000      560.000  2.13967e-06
      40.0000      570.000  2.83681e-06
      40.0000      580.000  3.85021e-06
      40.0000      590.000  4.71075e-06
      40.0000      600.000  4.68987e-06
      40.0000      610.000  4.65264e-06
      40.0000      620.000  4.17953e-06
      40.0000      630.000  3.56853e-06
      40.0000      640.000  2.93902e-06
      40.0000      650.000  2.46401e-06
      40.0000      660.000  2.07449e-06
      40.0000      670.000  1.76297e-06
      40.0000      680.000  1.51849e-06
      40.0000      690.000  1.32935e-06
      40.0000      700.000  1.18878e-06
      40.0000      710.000  1.07771e-06
      40.0000      720.000  9.62673e-07
      40.0000      730.000  8.66207e-07
      40.0000      740.000  7.65634e-07
      40.0000      750.000  6.73393e-07
      40.0000      760.000  5.92237e-07
      40.0000      770.000  5.22362e-07
      40.0000      780.000  4.62691e-07
      40.0000      790.000  4.11779e-07
      40.0000      800.000  3.68094e-07
      40.0000      810.000  3.30426e-07
      40.0000      820.000  2.97774e-07
      40.0000      830.000  2.69340e-07
      40.0000      840.000  2.44622e-07
      40.0000      850.000  2.22826e-07
      40.0000      860.000  2.03835e-07
      40.0000      870.000  1.87418e-07
      40.0000      880.000  1.74326e-07
      40.0000      890.000  1.63988e-07
      40.0000      900.000  1.57873e-07
      40.0000      910.000  1.57257e-07
      40.0000      920.000  1.62638e-07
      40.0000      930.000  1.73822e-07
      40.0000      940.000  1.94809e-07
      40.0000      950.000  1.91654e-07
      40.0000      960.000  1.84473e-07
      40.0000      970.000  1.71398e-07
      40.0000      980.000  1.52380e-07
      40.0000      990.000  1.33267e-07
      40.0000      1000.00  1.16340e-07
      40.0000      1010.00  1.02000e-07
      40.0000      1020.00  9.00241e-08
      40.0000      1030.00  8.00384e-08
      40.0000      1040.00  7.16887e-08
      40.0000      1050.00  6.46253e-08
      40.0000      1060.00  5.86423e-08
      40.0000      1070.00  5.35584e-08
      40.0000      1080.00  4.92686e-08
      40.0000      1090.00  4.57129e-08
      40.0000      1100.00  4.29389e-08
      40.0000      1110.00  4.06898e-08
      40.0000      1120.00  3.93398e-08
      40.0000      1130.00  3.90212e-08
      40.0000      1140.00  4.00378e-08
      40.0000      1150.00  4.26998e-08
      40.0000      1160.00  4.73567e-08
      40.0000      1170.00  5.34297e-08
      40.0000      1180.00  5.54387e-08
      40.0000      1190.00  5.51331e-08
      40.0000      1200.00  5.39642e-08
      40.0000      1210.00  5.14637e-08
      40.0000      1220.00  4.85505e-08
      40.0000      1230.00  4.55349e-08
      40.0000      1240.00  4.25905e-08
      40.0000      1250.00  3.97879e-08
      40.0000      1260.00  3.71497e-08
      40.0000      1270.00  3.46738e-08
      40.0000      1280.00  3.23533e-08
      40.0000      1290.00  3.01838e-08
      40.0000      1300.00  2.81600e-08
      40.0000      1325.00  2.36836e-08
      40.0000      1350.00  1.99492e-08
      40.0000      1375.00  1.68395e-08
      40.0000      1400.00  1.42447e-08
      40.0000      1425.00  1.20808e-08
      40.0000      1450.00  1.02778e-08
      40.0000      1475.00  8.77705e-09
      40.0000      1500.00  7.53650e-09
      40.0000      1525.00  6.58063e-09
      40.0000      1550.00  5.96763e-09
      40.0000      1575.00  5.99556e-09
      40.0000      1600.00  6.81169e-09
      40.0000      1625.00  9.07994e-09
      40.0000      1650.00  9.42137e-09
      40.0000      1675.00  9.47077e-09
      40.0000      1700.00  8.91933e-09
      40.0000      1725.00  7.96434e-09
      40.0000      1750.00  6.91120e-09
      40.0000      1775.00  5.91183e-09
      40.0000      1800.00  5.02234e-09
      40.0000      1825.00  4.25491e-09
      40.0000      1850.00  3.60259e-09
      40.0000      1875.00  3.05198e-09
      40.0000      1900.00  2.58904e-09
      40.0000      1925.00  2.20093e-09
      40.0000      1950.00  1.87516e-09
      40.0000      1975.00  1.60128e-09
      40.0000      2000.00  1.37046e-09
      40.0000      2025.00  1.17598e-09
      40.0000      2050.00  1.01172e-09
      40.0000      2075.00  8.72523e-10
      40.0000      2100.00  7.54014e-10
      40.0000      2125.00  6.53136e-10
      40.0000      2150.00  5.67401e-10
      40.0000      2175.00  4.93958e-10
      40.0000      2200.00  4.30777e-10
      40.0000      2225.00  3.76345e-10
      40.0000      2250.00  3.29659e-10
      40.0000      2275.00  2.89445e-10
      40.0000      2300.00  2.54518e-10
      40.0000      2325.00  2.24061e-10
      40.0000      2350.00  1.97627e-10
      40.0000      2375.00  1.74746e-10
      40.0000      2400.00  1.54853e-10

      51.6620     0.100000  1.07400e-12
      51.6620     0.200000  4.29234e-12
      51.6620     0.300000  9.65122e-12
      51.6620     0.400000  1.71493e-11
      51.6620     0.500000  2.67876e-11
      51.6620     0.600000  3.85696e-11
      51.6620     0.700000  5.25017e-11
      51.6620     0.800000  6.85923e-11
      51.6620     0.900000  8.68514e-11
      51.6620      1.00000  1.07293e-10
      51.6620      1.10000  1.29931e-10
      51.6620      1.20000  1.54778e-10
      51.6620      1.30000  1.81852e-10
      51.6620      1.40000  2.11166e-10
      51.6620      1.50000  2.42732e-10
      51.6620      1.60000  2.76557e-10
      51.6620      1.70000  3.12651e-10
      51.6620      2.00000  4.34511e-10
      51.6620      2.50000  6.82128e-10
      51.6620      3.00000  9.82799e-10
      51.6620      3.50000  1.33342e-09
      51.6620      4.00000  1.73193e-09
      51.6620      4.50000  2.17731e-09
      51.6620      5.00000  2.66877e-09
      51.6620      5.50000  3.20563e-09
      51.6620      6.00000  3.78698e-09
      51.6620      6.50000  4.41192e-09
      51.6620      7.00000  5.07947e-09
      51.6620      7.50000  5.78849e-09
      51.6620      8.00000  6.53799e-09
      51.6620      8.50000  7.32684e-09
      51.6620      9.00000  8.15412e-09
      51.6620      9.50000  9.01894e-09
      51.6620      10.0000  9.92045e-09
      51.6620      10.5000  1.08580e-08
      51.6620      11.0000  1.18311e-08
      51.6620      11.5000  1.28392e-08
      51.6620      12.0000  1.38821e-08
      51.6620      14.0000  1.83907e-08
      51.6620      16.0000  2.33981e-08
      51.6620      18.0000  2.88153e-08
      51.6620      20.0000  3.45276e-08
      51.6620      25.0000  4.93572e-08
      51.6620      30.0000  6.38032e-08
      51.6620      35.0000  7.68353e-08
      51.6620      40.0000  8.79191e-08
      51.6620      45.0000  9.68819e-08
      51.6620      50.0000  1.03781e-07
      51.6620      55.0000  1.08785e-07
      51.6620      60.0000  1.12116e-07
      51.6620      65.0000  1.14013e-07
      51.6620      70.0000  1.14713e-07
      51.6620      75.0000  1.14435e-07
      51.6620      80.0000  1.13371e-07
      51.6620      85.0000  1.11687e-07
      51.6620      90.0000  1.09519e-07
      51.6620      95.0000  1.06999e-07
      51.6620      100.000  1.04221e-07
      51.6620      110.000  9.82079e-08
      51.6620      120.000  9.19508e-08
      51.6620      130.000  8.57554e-08
      51.6620      140.000  7.98541e-08
      51.6620      150.000  7.43134e-08
      51.6620      160.000  6.93479e-08
      51.6620      170.000  6.50558e-08
      51.6620      180.000  6.15448e-08
      51.6620      190.000  5.88223e-08
      51.6620      200.000  5.82082e-08
      51.6620      210.000  5.82345e-08
      51.6620      220.000  6.25307e-08
      51.6620      230.000  7.25071e-08
      51.6620      240.000  8.94607e-08
      51.6620      250.000  1.15781e-07
      51.6620      260.000  1.66978e-07
      51.6620      270.000  2.52062e-07
      51.6620      280.000  3.92570e-07
      51.6620      290.000  6.23329e-07
      51.6620      300.000  1.02295e-06
      51.6620      310.000  1.64902e-06
      51.6620      320.000  2.63058e-06
      51.6620      330.000  3.96922e-06
      51.6620      340.000  5.53709e-06
      51.6620      350.000  7.53184e-06
      51.6620      360.000  9.97597e-06
      51.6620      365.000  9.37081e-06
      51.6620      370.000  9.61233e-06
      51.6620      380.000  9.58244e-06
      51.6620      390.000  8.53723e-06
      51.6620      400.000  7.37086e-06
      51.6620      410.000  5.99102e-06
      51.6620      420.000  5.10332e-06
      51.6620      430.000  4.34225e-06
      51.6620      440.000  3.70388e-06
      51.6620      450.000  3.17345e-06
      51.6620      460.000  2.73481e-06
      51.6620      470.000  2.37415e-06
      51.6620      480.000  2.07654e-06
      51.6620      490.000  1.83889e-06
      51.6620      500.000  1.65862e-06
      51.6620      510.000  1.52915e-06
      51.6620      520.000  1.46502e-06
      51.6620      530.000  1.53161e-06
      51.6620      540.000  1.66140e-06
      51.6620      550.000  1.94210e-06
      51.6620      560.000  2.40042e-06
      51.6620      570.000  2.97622e-06
      51.6620      580.000  3.75096e-06
      51.6620      590.000  4.43629e-06
      51.6620      600.000  4.43209e-06
      51.6620      610.000  4.41541e-06
      51.6620      620.000  4.02135e-06
      51.6620      630.000  3.50285e-06
      51.6620      640.000  2.91320e-06
      51.6620      650.000  2.49304e-06
      51.6620      660.000  2.13615e-06
      51.6620      670.000  1.84205e-06
      51.6620      680.000  1.60445e-06
      51.6620      690.000  1.41263e-06
      51.6620      700.000  1.26291e-06
      51.6620      710.000  1.13817e-06
      51.6620      720.000  1.01644e-06
      51.6620      730.000  9.13252e-07
      51.6620      740.000  8.12581e-07
      51.6620      750.000  7.20481e-07
      51.6620      760.000  6.38420e-07
      51.6620      770.000  5.66750e-07
      51.6620      780.000  5.04737e-07
      51.6620      790.000  4.51131e-07
      51.6620      800.000  4.04753e-07
      51.6620      810.000  3.64433e-07
      51.6620      820.000  3.29307e-07
      51.6620      830.000  2.98611e-07
      51.6620      840.000  2.71777e-07
      51.6620      850.000  2.48279e-07
      51.6620      860.000  2.28028e-07
      51.6620      870.000  2.10594e-07
      51.6620      880.000  1.96304e-07
      51.6620      890.000  1.85879e-07
      51.6620      900.000  1.80400e-07
      51.6620      910.000  1.78271e-07
      51.6620      920.000  1.80299e-07
      51.6620      930.000  1.89679e-07
      51.6620      940.000  1.99219e-07
      51.6620      950.000  1.93562e-07
      51.6620      960.000  1.85808e-07
      51.6620      970.000  1.73860e-07
      51.6620      980.000  1.57220e-07
      51.6620      990.000  1.39973e-07
      51.6620      1000.00  1.24130e-07
      51.6620      1010.00  1.10272e-07
      51.6620      1020.00  9.83814e-08
      51.6620      1030.00  8.82309e-08
      51.6620      1040.00  7.95740e-08
      51.6620      1050.00  7.21952e-08
      51.6620      1060.00  6.58913e-08
      51.6620      1070.00  6.05766e-08
      51.6620      1080.00  5.61631e-08
      51.6620      1090.00  5.23605e-08
      51.6620      1100.00  4.93382e-08
      51.6620      1110.00  4.70991e-08
      51.6620      1120.00  4.59257e-08
      51.6620      1130.00  4.57643e-08
      51.6620      1140.00  4.63660e-08
      51.6620      1150.00  4.82406e-08
      51.6620      1160.00  5.28681e-08
      51.6620      1170.00  5.59677e-08
      51.6620      1180.00  5.62017e-08
      51.6620      1190.00  5.56457e-08
      51.6620      1200.00  5.43796e-08
      51.6620      1210.00  5.21178e-08
      51.6620      1220.00  4.94231e-08
      51.6620      1230.00  4.66011e-08
      51.6620      1240.00  4.38242e-08
      51.6620      1250.00  4.11587e-08
      51.6620      1260.00  3.86244e-08
      51.6620      1270.00  3.62246e-08
      51.6620      1280.00  3.39608e-08
      51.6620      1290.00  3.18264e-08
      51.6620      1300.00  2.98224e-08
      51.6620      1325.00  2.53382e-08
      51.6620      1350.00  2.15364e-08
      51.6620      1375.00  1.83239e-08
      51.6620      1400.00  1.56126e-08
      51.6620      1425.00  1.33298e-08
      51.6620      1450.00  1.14136e-08
      51.6620      1475.00  9.81824e-09
      51.6620      1500.00  8.52229e-09
      51.6620      1525.00  7.54608e-09
      51.6620      1550.00  7.03126e-09
      51.6620      1575.00  7.03728e-09
      51.6620      1600.00  7.78959e-09
      51.6620      1625.00  9.39321e-09
      51.6620      1650.00  9.59895e-09
      51.6620      1675.00  9.55296e-09
      51.6620      1700.00  9.03434e-09
      51.6620      1725.00  8.16804e-09
      51.6620      1750.00  7.18731e-09
      51.6620      1775.00  6.22988e-09
      51.6620      1800.00  5.35492e-09
      51.6620      1825.00  4.58367e-09
      51.6620      1850.00  3.91591e-09
      51.6620      1875.00  3.34381e-09
      51.6620      1900.00  2.85661e-09
      51.6620      1925.00  2.44310e-09
      51.6620      1950.00  2.09293e-09
      51.6620      1975.00  1.79583e-09
      51.6620      2000.00  1.54375e-09
      51.6620      2025.00  1.32990e-09
      51.6620      2050.00  1.14816e-09
      51.6620      2075.00  9.93192e-10
      51.6620      2100.00  8.60925e-10
      51.6620      2125.00  7.47809e-10
      51.6620      2150.00  6.51074e-10
      51.6620      2175.00  5.67962e-10
      51.6620      2200.00  4.96338e-10
      51.6620      2225.00  4.34537e-10
      51.6620      2250.00  3.81262e-10
      51.6620      2275.00  3.35185e-10
      51.6620      2300.00  2.95145e-10
      51.6620      2325.00  2.60239e-10
      51.6620      2350.00  2.29889e-10
      51.6620      2375.00  2.03474e-10
      51.6620      2400.00  1.80398e-10

      66.7240     0.100000  7.71546e-13
      66.7240     0.200000  3.08626e-12
      66.7240     0.300000  6.94544e-12
      66.7240     0.400000  1.23516e-11
      66.7240     0.500000  1.93085e-11
      66.7240     0.600000  2.78205e-11
      66.7240     0.700000  3.78928e-11
      66.7240     0.800000  4.95297e-11
      66.7240     0.900000  6.27363e-11
      66.7240      1.00000  7.75169e-11
      66.7240      1.10000  9.38726e-11
      66.7240      1.20000  1.11808e-10
      66.7240      1.30000  1.31319e-10
      66.7240      1.40000  1.52405e-10
      66.7240      1.50000  1.75064e-10
      66.7240      1.60000  1.99292e-10
      66.7240      1.70000  2.25079e-10
      66.7240      2.00000  3.11744e-10
      66.7240      2.50000  4.86677e-10
      66.7240      3.00000  6.98892e-10
      66.7240      3.50000  9.47649e-10
      66.7240      4.00000  1.23240e-09
      66.7240      4.50000  1.55268e-09
      66.7240      5.00000  1.90801e-09
      66.7240      5.50000  2.29798e-09
      66.7240      6.00000  2.72205e-09
      66.7240      6.50000  3.17967e-09
      66.7240      7.00000  3.67015e-09
      66.7240      7.50000  4.19280e-09
      66.7240      8.00000  4.74679e-09
      66.7240      8.50000  5.33133e-09
      66.7240      9.00000  5.94574e-09
      66.7240      9.50000  6.58932e-09
      66.7240      10.0000  7.26165e-09
      66.7240      10.5000  7.96220e-09
      66.7240      11.0000  8.69073e-09
      66.7240      11.5000  9.44704e-09
      66.7240      12.0000  1.02306e-08
      66.7240      14.0000  1.36326e-08
      66.7240      16.0000  1.74356e-08
      66.7240      18.0000  2.15861e-08
      66.7240      20.0000  2.60160e-08
      66.7240      25.0000  3.78585e-08
      66.7240      30.0000  4.99919e-08
      66.7240      35.0000  6.15871e-08
      66.7240      40.0000  7.21119e-08
      66.7240      45.0000  8.12864e-08
      66.7240      50.0000  8.89988e-08
      66.7240      55.0000  9.52571e-08
      66.7240      60.0000  1.00133e-07
      66.7240      65.0000  1.03746e-07
      66.7240      70.0000  1.06233e-07
      66.7240      75.0000  1.07727e-07
      66.7240      80.0000  1.08383e-07
      66.7240      85.0000  1.08329e-07
      66.7240      90.0000  1.07667e-07
      66.7240      95.0000  1.06543e-07
      66.7240      100.000  1.05024e-07
      66.7240      110.000  1.01138e-07
      66.7240      120.000  9.65726e-08
      66.7240      130.000  9.18183e-08
      66.7240      140.000  8.69899e-08
      66.7240      150.000  8.26803e-08
      66.7240      160.000  7.90344e-08
      66.7240      170.000  7.58924e-08
      66.7240      180.000  7.46982e-08
      66.7240      190.000  7.50792e-08
      66.7240      200.000  7.74183e-08
      66.7240      210.000  8.56376e-08
      66.7240      220.000  9.75423e-08
      66.7240      230.000  1.17571e-07
      66.7240      240.000  1.55335e-07
      66.7240      250.000  2.08819e-07
      66.7240      260.000  2.93087e-07
      66.7240      270.000  4.25480e-07
      66.7240      280.000  6.26716e-07
      66.7240      290.000  9.32728e-07
      66.7240      300.000  1.41333e-06
      66.7240      310.000  2.08446e-06
      66.7240      320.000  3.03268e-06
      66.7240      330.000  4.24564e-06
      66.7240      340.000  5.59213e-06
      66.7240      350.000  7.05943e-06
      66.7240      360.000  9.25716e-06
      66.7240      365.000  8.71463e-06
      66.7240      370.000  8.94594e-06
      66.7240      380.000  8.98980e-06
      66.7240      390.000  8.13650e-06
      66.7240      400.000  7.16493e-06
      66.7240      410.000  5.89024e-06
      66.7240      420.000  5.12757e-06
      66.7240      430.000  4.44682e-06
      66.7240      440.000  3.85886e-06
      66.7240      450.000  3.35783e-06
      66.7240      460.000  2.93465e-06
      66.7240      470.000  2.58288e-06
      66.7240      480.000  2.29429e-06
      66.7240      490.000  2.06734e-06
      66.7240      500.000  1.89116e-06
      66.7240      510.000  1.78498e-06
      66.7240      520.000  1.73457e-06
      66.7240      530.000  1.83770e-06
      66.7240      540.000  1.97493e-06
      66.7240      550.000  2.24426e-06
      66.7240      560.000  2.68483e-06
      66.7240      570.000  3.20073e-06
      66.7240      580.000  3.66201e-06
      66.7240      590.000  4.25263e-06
      66.7240      600.000  4.22676e-06
      66.7240      610.000  4.22566e-06
      66.7240      620.000  3.89628e-06
      66.7240      630.000  3.45957e-06
      66.7240      640.000  2.91802e-06
      66.7240      650.000  2.54957e-06
      66.7240      660.000  2.22515e-06
      66.7240      670.000  1.94880e-06
      66.7240      680.000  1.71744e-06
      66.7240      690.000  1.52547e-06
      66.7240      700.000  1.36580e-06
      66.7240      710.000  1.23140e-06
      66.7240      720.000  1.10249e-06
      66.7240      730.000  9.92826e-07
      66.7240      740.000  8.89921e-07
      66.7240      750.000  7.96347e-07
      66.7240      760.000  7.12972e-07
      66.7240      770.000  6.39839e-07
      66.7240      780.000  5.78205e-07
      66.7240      790.000  5.22737e-07
      66.7240      800.000  4.78155e-07
      66.7240      810.000  4.36087e-07
      66.7240      820.000  3.99829e-07
      66.7240      830.000  3.66047e-07
      66.7240      840.000  3.35967e-07
      66.7240      850.000  3.08062e-07
      66.7240      860.000  2.83310e-07
      66.7240      870.000  2.61477e-07
      66.7240      880.000  2.43830e-07
      66.7240      890.000  2.29386e-07
      66.7240      900.000  2.20528e-07
      66.7240      910.000  2.14122e-07
      66.7240      920.000  2.14295e-07
      66.7240      930.000  2.12523e-07
      66.7240      940.000  2.15376e-07
      66.7240      950.000  2.08397e-07
      66.7240      960.000  1.99062e-07
      66.7240      970.000  1.86900e-07
      66.7240      980.000  1.71270e-07
      66.7240      990.000  1.54917e-07
      66.7240      1000.00  1.39470e-07
      66.7240      1010.00  1.25602e-07
      66.7240      1020.00  1.13381e-07
      66.7240      1030.00  1.02680e-07
      66.7240      1040.00  9.34855e-08
      66.7240      1050.00  8.54559e-08
      66.7240      1060.00  7.85942e-08
      66.7240      1070.00  7.26496e-08
      66.7240      1080.00  6.76844e-08
      66.7240      1090.00  6.34610e-08
      66.7240      1100.00  6.02205e-08
      66.7240      1110.00  5.76170e-08
      66.7240      1120.00  5.62172e-08
      66.7240      1130.00  5.52987e-08
      66.7240      1140.00  5.60324e-08
      66.7240      1150.00  5.68693e-08
      66.7240      1160.00  5.90932e-08
      66.7240      1170.00  6.05076e-08
      66.7240      1180.00  6.03992e-08
      66.7240      1190.00  5.94314e-08
      66.7240      1200.00  5.78871e-08
      66.7240      1210.00  5.56015e-08
      66.7240      1220.00  5.29185e-08
      66.7240      1230.00  5.01087e-08
      66.7240      1240.00  4.73297e-08
      66.7240      1250.00  4.46450e-08
      66.7240      1260.00  4.20759e-08
      66.7240      1270.00  3.96287e-08
      66.7240      1280.00  3.73075e-08
      66.7240      1290.00  3.51118e-08
      66.7240      1300.00  3.30370e-08
      66.7240      1325.00  2.83599e-08
      66.7240      1350.00  2.43539e-08
      66.7240      1375.00  2.09700e-08
      66.7240      1400.00  1.80789e-08
      66.7240      1425.00  1.55877e-08
      66.7240      1450.00  1.34430e-08
      66.7240      1475.00  1.16676e-08
      66.7240      1500.00  1.02538e-08
      66.7240      1525.00  9.22876e-09
      66.7240      1550.00  8.63522e-09
      66.7240      1575.00  8.61863e-09
      66.7240      1600.00  9.23976e-09
      66.7240      1625.00  1.01422e-08
      66.7240      1650.00  1.01836e-08
      66.7240      1675.00  1.00164e-08
      66.7240      1700.00  9.48558e-09
      66.7240      1725.00  8.66420e-09
      66.7240      1750.00  7.72540e-09
      66.7240      1775.00  6.78657e-09
      66.7240      1800.00  5.90894e-09
      66.7240      1825.00  5.11752e-09
      66.7240      1850.00  4.41852e-09
      66.7240      1875.00  3.80968e-09
      66.7240      1900.00  3.28354e-09
      66.7240      1925.00  2.83129e-09
      66.7240      1950.00  2.44394e-09
      66.7240      1975.00  2.11420e-09
      66.7240      2000.00  1.83297e-09
      66.7240      2025.00  1.59527e-09
      66.7240      2050.00  1.39907e-09
      66.7240      2075.00  1.22377e-09
      66.7240      2100.00  1.07288e-09
      66.7240      2125.00  9.41268e-10
      66.7240      2150.00  8.25393e-10
      66.7240      2175.00  7.23550e-10
      66.7240      2200.00  6.34627e-10
      66.7240      2225.00  5.57129e-10
      66.7240      2250.00  4.89540e-10
      66.7240      2275.00  4.30711e-10
      66.7240      2300.00  3.79497e-10
      66.7240      2325.00  3.34888e-10
      66.7240      2350.00  2.95952e-10
      66.7240      2375.00  2.61892e-10
      66.7240      2400.00  2.32092e-10

      86.1770     0.100000  5.73754e-13
      86.1770     0.200000  2.29553e-12
      86.1770     0.300000  5.16595e-12
      86.1770     0.400000  9.18562e-12
      86.1770     0.500000  1.43546e-11
      86.1770     0.600000  2.06728e-11
      86.1770     0.700000  2.81396e-11
      86.1770     0.800000  3.67545e-11
      86.1770     0.900000  4.65153e-11
      86.1770      1.00000  5.74221e-11
      86.1770      1.10000  6.94708e-11
      86.1770      1.20000  8.26610e-11
      86.1770      1.30000  9.69902e-11
      86.1770      1.40000  1.12456e-10
      86.1770      1.50000  1.29056e-10
      86.1770      1.60000  1.46789e-10
      86.1770      1.70000  1.65653e-10
      86.1770      2.00000  2.29003e-10
      86.1770      2.50000  3.57024e-10
      86.1770      3.00000  5.12948e-10
      86.1770      3.50000  6.96661e-10
      86.1770      4.00000  9.08034e-10
      86.1770      4.50000  1.14695e-09
      86.1770      5.00000  1.41321e-09
      86.1770      5.50000  1.70652e-09
      86.1770      6.00000  2.02641e-09
      86.1770      6.50000  2.37230e-09
      86.1770      7.00000  2.74360e-09
      86.1770      7.50000  3.13962e-09
      86.1770      8.00000  3.55966e-09
      86.1770      8.50000  4.00321e-09
      86.1770      9.00000  4.46983e-09
      86.1770      9.50000  4.95914e-09
      86.1770      10.0000  5.47090e-09
      86.1770      10.5000  6.00498e-09
      86.1770      11.0000  6.56108e-09
      86.1770      11.5000  7.13923e-09
      86.1770      12.0000  7.73931e-09
      86.1770      14.0000  1.03544e-08
      86.1770      16.0000  1.32978e-08
      86.1770      18.0000  1.65381e-08
      86.1770      20.0000  2.00357e-08
      86.1770      25.0000  2.96194e-08
      86.1770      30.0000  3.98256e-08
      86.1770      35.0000  4.99987e-08
      86.1770      40.0000  5.96863e-08
      86.1770      45.0000  6.86009e-08
      86.1770      50.0000  7.65657e-08
      86.1770      55.0000  8.35081e-08
      86.1770      60.0000  8.94196e-08
      86.1770      65.0000  9.43224e-08
      86.1770      70.0000  9.82475e-08
      86.1770      75.0000  1.01288e-07
      86.1770      80.0000  1.03549e-07
      86.1770      85.0000  1.05115e-07
      86.1770      90.0000  1.06013e-07
      86.1770      95.0000  1.06383e-07
      86.1770      100.000  1.06341e-07
      86.1770      110.000  1.05180e-07
      86.1770      120.000  1.03100e-07
      86.1770      130.000  1.00602e-07
      86.1770      140.000  9.81469e-08
      86.1770      150.000  9.61730e-08
      86.1770      160.000  9.51798e-08
      86.1770      170.000  9.57138e-08
      86.1770      180.000  9.85627e-08
      86.1770      190.000  1.04675e-07
      86.1770      200.000  1.15252e-07
      86.1770      210.000  1.32261e-07
      86.1770      220.000  1.59662e-07
      86.1770      230.000  1.99923e-07
      86.1770      240.000  2.59191e-07
      86.1770      250.000  3.45990e-07
      86.1770      260.000  4.72232e-07
      86.1770      270.000  6.54879e-07
      86.1770      280.000  9.18005e-07
      86.1770      290.000  1.29351e-06
      86.1770      300.000  1.81872e-06
      86.1770      310.000  2.45112e-06
      86.1770      320.000  3.33774e-06
      86.1770      330.000  4.36307e-06
      86.1770      340.000  5.41757e-06
      86.1770      350.000  6.55728e-06
      86.1770      360.000  7.70798e-06
      86.1770      365.000  7.57431e-06
      86.1770      370.000  7.74702e-06
      86.1770      380.000  7.78410e-06
      86.1770      390.000  7.28732e-06
      86.1770      400.000  6.62619e-06
      86.1770      410.000  5.77914e-06
      86.1770      420.000  5.14060e-06
      86.1770      430.000  4.54914e-06
      86.1770      440.000  4.02261e-06
      86.1770      450.000  3.56263e-06
      86.1770      460.000  3.16789e-06
      86.1770      470.000  2.83523e-06
      86.1770      480.000  2.56148e-06
      86.1770      490.000  2.34509e-06
      86.1770      500.000  2.18702e-06
      86.1770      510.000  2.09076e-06
      86.1770      520.000  2.06365e-06
      86.1770      530.000  2.15249e-06
      86.1770      540.000  2.30682e-06
      86.1770      550.000  2.57049e-06
      86.1770      560.000  2.93720e-06
      86.1770      570.000  3.30883e-06
      86.1770      580.000  3.74821e-06
      86.1770      590.000  3.96270e-06
      86.1770      600.000  3.94691e-06
      86.1770      610.000  3.91953e-06
      86.1770      620.000  3.68870e-06
      86.1770      630.000  3.35912e-06
      86.1770      640.000  2.97091e-06
      86.1770      650.000  2.64577e-06
      86.1770      660.000  2.35012e-06
      86.1770      670.000  2.09007e-06
      86.1770      680.000  1.86565e-06
      86.1770      690.000  1.67227e-06
      86.1770      700.000  1.50808e-06
      86.1770      710.000  1.36332e-06
      86.1770      720.000  1.22983e-06
      86.1770      730.000  1.11572e-06
      86.1770      740.000  1.01214e-06
      86.1770      750.000  9.20184e-07
      86.1770      760.000  8.40227e-07
      86.1770      770.000  7.72591e-07
      86.1770      780.000  7.16616e-07
      86.1770      790.000  6.70272e-07
      86.1770      800.000  6.29622e-07
      86.1770      810.000  5.97801e-07
      86.1770      820.000  5.61755e-07
      86.1770      830.000  5.25253e-07
      86.1770      840.000  4.90154e-07
      86.1770      850.000  4.53343e-07
      86.1770      860.000  4.16959e-07
      86.1770      870.000  3.83512e-07
      86.1770      880.000  3.54252e-07
      86.1770      890.000  3.29715e-07
      86.1770      900.000  3.10098e-07
      86.1770      910.000  2.95055e-07
      86.1770      920.000  2.83399e-07
      86.1770      930.000  2.73670e-07
      86.1770      940.000  2.66552e-07
      86.1770      950.000  2.54349e-07
      86.1770      960.000  2.40328e-07
      86.1770      970.000  2.25221e-07
      86.1770      980.000  2.07810e-07
      86.1770      990.000  1.89935e-07
      86.1770      1000.00  1.73083e-07
      86.1770      1010.00  1.57576e-07
      86.1770      1020.00  1.43793e-07
      86.1770      1030.00  1.31463e-07
      86.1770      1040.00  1.20621e-07
      86.1770      1050.00  1.11103e-07
      86.1770      1060.00  1.02794e-07
      86.1770      1070.00  9.55906e-08
      86.1770      1080.00  8.94155e-08
      86.1770      1090.00  8.42116e-08
      86.1770      1100.00  7.99490e-08
      86.1770      1110.00  7.66262e-08
      86.1770      1120.00  7.42816e-08
      86.1770      1130.00  7.30015e-08
      86.1770      1140.00  7.29084e-08
      86.1770      1150.00  7.37928e-08
      86.1770      1160.00  7.43094e-08
      86.1770      1170.00  7.48484e-08
      86.1770      1180.00  7.14513e-08
      86.1770      1190.00  6.97096e-08
      86.1770      1200.00  6.75519e-08
      86.1770      1210.00  6.47706e-08
      86.1770      1220.00  6.16368e-08
      86.1770      1230.00  5.84174e-08
      86.1770      1240.00  5.52597e-08
      86.1770      1250.00  5.22181e-08
      86.1770      1260.00  4.93108e-08
      86.1770      1270.00  4.65521e-08
      86.1770      1280.00  4.39354e-08
      86.1770      1290.00  4.14659e-08
      86.1770      1300.00  3.91356e-08
      86.1770      1325.00  3.38952e-08
      86.1770      1350.00  2.94497e-08
      86.1770      1375.00  2.57460e-08
      86.1770      1400.00  2.26331e-08
      86.1770      1425.00  1.97735e-08
      86.1770      1450.00  1.71878e-08
      86.1770      1475.00  1.49773e-08
      86.1770      1500.00  1.32441e-08
      86.1770      1525.00  1.19827e-08
      86.1770      1550.00  1.12147e-08
      86.1770      1575.00  1.09371e-08
      86.1770      1600.00  1.11283e-08
      86.1770      1625.00  1.16242e-08
      86.1770      1650.00  1.14417e-08
      86.1770      1675.00  1.11006e-08
      86.1770      1700.00  1.04924e-08
      86.1770      1725.00  9.64615e-09
      86.1770      1750.00  8.69370e-09
      86.1770      1775.00  7.73178e-09
      86.1770      1800.00  6.81694e-09
      86.1770      1825.00  5.97611e-09
      86.1770      1850.00  5.22052e-09
      86.1770      1875.00  4.55243e-09
      86.1770      1900.00  3.96685e-09
      86.1770      1925.00  3.45954e-09
      86.1770      1950.00  3.02333e-09
      86.1770      1975.00  2.65345e-09
      86.1770      2000.00  2.34366e-09
      86.1770      2025.00  2.08853e-09
      86.1770      2050.00  1.88218e-09
      86.1770      2075.00  1.69930e-09
      86.1770      2100.00  1.52664e-09
      86.1770      2125.00  1.36871e-09
      86.1770      2150.00  1.22053e-09
      86.1770      2175.00  1.08281e-09
      86.1770      2200.00  9.57304e-10
      86.1770      2225.00  8.44626e-10
      86.1770      2250.00  7.44400e-10
      86.1770      2275.00  6.55884e-10
      86.1770      2300.00  5.78172e-10
      86.1770      2325.00  5.09969e-10
      86.1770      2350.00  4.50197e-10
      86.1770      2375.00  3.97757e-10
      86.1770      2400.00  3.51928e-10

      111.302     0.100000  4.43514e-13
      111.302     0.200000  1.77320e-12
      111.302     0.300000  3.98775e-12
      111.302     0.400000  7.08579e-12
      111.302     0.500000  1.10660e-11
      111.302     0.600000  1.59271e-11
      111.302     0.700000  2.16680e-11
      111.302     0.800000  2.82876e-11
      111.302     0.900000  3.57843e-11
      111.302      1.00000  4.41581e-11
      111.302      1.10000  5.34074e-11
      111.302      1.20000  6.35324e-11
      111.302      1.30000  7.45320e-11
      111.302      1.40000  8.64045e-11
      111.302      1.50000  9.91522e-11
      111.302      1.60000  1.12772e-10
      111.302      1.70000  1.27267e-10
      111.302      2.00000  1.75989e-10
      111.302      2.50000  2.74671e-10
      111.302      3.00000  3.95233e-10
      111.302      3.50000  5.37696e-10
      111.302      4.00000  7.02038e-10
      111.302      4.50000  8.88129e-10
      111.302      5.00000  1.09573e-09
      111.302      5.50000  1.32452e-09
      111.302      6.00000  1.57405e-09
      111.302      6.50000  1.84387e-09
      111.302      7.00000  2.13357e-09
      111.302      7.50000  2.44274e-09
      111.302      8.00000  2.77104e-09
      111.302      8.50000  3.11823e-09
      111.302      9.00000  3.48418e-09
      111.302      9.50000  3.86865e-09
      111.302      10.0000  4.27163e-09
      111.302      10.5000  4.69293e-09
      111.302      11.0000  5.13252e-09
      111.302      11.5000  5.59042e-09
      111.302      12.0000  6.06635e-09
      111.302      14.0000  8.14871e-09
      111.302      16.0000  1.05068e-08
      111.302      18.0000  1.31218e-08
      111.302      20.0000  1.59708e-08
      111.302      25.0000  2.39234e-08
      111.302      30.0000  3.26499e-08
      111.302      35.0000  4.16636e-08
      111.302      40.0000  5.05949e-08
      111.302      45.0000  5.91845e-08
      111.302      50.0000  6.72597e-08
      111.302      55.0000  7.46832e-08
      111.302      60.0000  8.13801e-08
      111.302      65.0000  8.73330e-08
      111.302      70.0000  9.25370e-08
      111.302      75.0000  9.70373e-08
      111.302      80.0000  1.00869e-07
      111.302      85.0000  1.04011e-07
      111.302      90.0000  1.06581e-07
      111.302      95.0000  1.08645e-07
      111.302      100.000  1.10340e-07
      111.302      110.000  1.12594e-07
      111.302      120.000  1.13788e-07
      111.302      130.000  1.15131e-07
      111.302      140.000  1.15963e-07
      111.302      150.000  1.17677e-07
      111.302      160.000  1.21876e-07
      111.302      170.000  1.27705e-07
      111.302      180.000  1.37158e-07
      111.302      190.000  1.52473e-07
      111.302      200.000  1.72926e-07
      111.302      210.000  2.03742e-07
      111.302      220.000  2.46825e-07
      111.302      230.000  3.06302e-07
      111.302      240.000  3.90160e-07
      111.302      250.000  5.03297e-07
      111.302      260.000  6.70029e-07
      111.302      270.000  8.73338e-07
      111.302      280.000  1.16285e-06
      111.302      290.000  1.54573e-06
      111.302      300.000  2.02969e-06
      111.302      310.000  2.67787e-06
      111.302      320.000  3.44025e-06
      111.302      330.000  4.32797e-06
      111.302      340.000  5.10057e-06
      111.302      350.000  5.94302e-06
      111.302      360.000  6.60558e-06
      111.302      365.000  6.62597e-06
      111.302      370.000  6.76235e-06
      111.302      380.000  6.82252e-06
      111.302      390.000  6.54495e-06
      111.302      400.000  6.10357e-06
      111.302      410.000  5.53474e-06
      111.302      420.000  5.03001e-06
      111.302      430.000  4.54747e-06
      111.302      440.000  4.10295e-06
      111.302      450.000  3.70594e-06
      111.302      460.000  3.35895e-06
      111.302      470.000  3.06349e-06
      111.302      480.000  2.82910e-06
      111.302      490.000  2.62872e-06
      111.302      500.000  2.49646e-06
      111.302      510.000  2.41489e-06
      111.302      520.000  2.40214e-06
      111.302      530.000  2.48202e-06
      111.302      540.000  2.59870e-06
      111.302      550.000  2.82192e-06
      111.302      560.000  3.10232e-06
      111.302      570.000  3.32089e-06
      111.302      580.000  3.65757e-06
      111.302      590.000  3.80588e-06
      111.302      600.000  3.79271e-06
      111.302      610.000  3.75689e-06
      111.302      620.000  3.58574e-06
      111.302      630.000  3.32977e-06
      111.302      640.000  3.03657e-06
      111.302      650.000  2.75475e-06
      111.302      660.000  2.48969e-06
      111.302      670.000  2.25048e-06
      111.302      680.000  2.03584e-06
      111.302      690.000  1.84891e-06
      111.302      700.000  1.68380e-06
      111.302      710.000  1.54038e-06
      111.302      720.000  1.41304e-06
      111.302      730.000  1.30189e-06
      111.302      740.000  1.20871e-06
      111.302      750.000  1.12911e-06
      111.302      760.000  1.06727e-06
      111.302      770.000  1.02138e-06
      111.302      780.000  9.92269e-07
      111.302      790.000  1.01467e-06
      111.302      800.000  9.60524e-07
      111.302      810.000  9.86412e-07
      111.302      820.000  9.32921e-07
      111.302      830.000  8.95047e-07
      111.302      840.000  8.54702e-07
      111.302      850.000  8.01504e-07
      111.302      860.000  7.41504e-07
      111.302      870.000  6.80984e-07
      111.302      880.000  6.25142e-07
      111.302      890.000  5.74724e-07
      111.302      900.000  5.30785e-07
      111.302      910.000  4.92864e-07
      111.302      920.000  4.59783e-07
      111.302      930.000  4.37284e-07
      111.302      940.000  4.05188e-07
      111.302      950.000  3.78567e-07
      111.302      960.000  3.52801e-07
      111.302      970.000  3.28209e-07
      111.302      980.000  3.03211e-07
      111.302      990.000  2.79089e-07
      111.302      1000.00  2.56665e-07
      111.302      1010.00  2.36403e-07
      111.302      1020.00  2.17809e-07
      111.302      1030.00  2.01945e-07
      111.302      1040.00  1.86399e-07
      111.302      1050.00  1.72897e-07
      111.302      1060.00  1.60852e-07
      111.302      1070.00  1.50013e-07
      111.302      1080.00  1.40459e-07
      111.302      1090.00  1.31980e-07
      111.302      1100.00  1.25160e-07
      111.302      1110.00  1.18803e-07
      111.302      1120.00  1.14057e-07
      111.302      1130.00  1.10258e-07
      111.302      1140.00  1.07432e-07
      111.302      1150.00  1.06394e-07
      111.302      1160.00  1.03475e-07
      111.302      1170.00  1.02567e-07
      111.302      1180.00  9.89954e-08
      111.302      1190.00  9.55843e-08
      111.302      1200.00  9.18862e-08
      111.302      1210.00  8.75879e-08
      111.302      1220.00  8.30023e-08
      111.302      1230.00  7.84213e-08
      111.302      1240.00  7.39977e-08
      111.302      1250.00  6.97856e-08
      111.302      1260.00  6.58018e-08
      111.302      1270.00  6.20594e-08
      111.302      1280.00  5.85528e-08
      111.302      1290.00  5.52736e-08
      111.302      1300.00  5.22140e-08
      111.302      1325.00  4.54860e-08
      111.302      1350.00  4.00143e-08
      111.302      1375.00  3.56893e-08
      111.302      1400.00  3.20765e-08
      111.302      1425.00  2.84361e-08
      111.302      1450.00  2.48170e-08
      111.302      1475.00  2.16172e-08
      111.302      1500.00  1.90648e-08
      111.302      1525.00  1.71496e-08
      111.302      1550.00  1.58294e-08
      111.302      1575.00  1.50338e-08
      111.302      1600.00  1.46822e-08
      111.302      1625.00  1.45911e-08
      111.302      1650.00  1.40305e-08
      111.302      1675.00  1.33613e-08
      111.302      1700.00  1.25163e-08
      111.302      1725.00  1.15116e-08
      111.302      1750.00  1.04390e-08
      111.302      1775.00  9.37119e-09
      111.302      1800.00  8.35399e-09
      111.302      1825.00  7.41199e-09
      111.302      1850.00  6.55853e-09
      111.302      1875.00  5.79703e-09
      111.302      1900.00  5.12778e-09
      111.302      1925.00  4.55023e-09
      111.302      1950.00  4.06328e-09
      111.302      1975.00  3.66524e-09
      111.302      2000.00  3.35089e-09
      111.302      2025.00  3.11091e-09
      111.302      2050.00  2.93671e-09
      111.302      2075.00  2.75349e-09
      111.302      2100.00  2.56122e-09
      111.302      2125.00  2.36913e-09
      111.302      2150.00  2.16681e-09
      111.302      2175.00  1.96010e-09
      111.302      2200.00  1.75869e-09
      111.302      2225.00  1.56878e-09
      111.302      2250.00  1.39366e-09
      111.302      2275.00  1.23480e-09
      111.302      2300.00  1.09237e-09
      111.302      2325.00  9.65686e-10
      111.302      2350.00  8.53566e-10
      111.302      2375.00  7.54680e-10
      111.302      2400.00  6.67894e-10

      143.753     0.100000  3.60563e-13
      143.753     0.200000  1.44165e-12
      143.753     0.300000  3.24245e-12
      143.753     0.400000  5.76228e-12
      143.753     0.500000  9.00039e-12
      143.753     0.600000  1.29565e-11
      143.753     0.700000  1.76301e-11
      143.753     0.800000  2.30206e-11
      143.753     0.900000  2.91286e-11
      143.753      1.00000  3.59531e-11
      143.753      1.10000  4.34944e-11
      143.753      1.20000  5.17525e-11
      143.753      1.30000  6.07266e-11
      143.753      1.40000  7.04179e-11
      143.753      1.50000  8.08262e-11
      143.753      1.60000  9.19520e-11
      143.753      1.70000  1.03794e-10
      143.753      2.00000  1.43625e-10
      143.753      2.50000  2.24361e-10
      143.753      3.00000  3.23022e-10
      143.753      3.50000  4.39545e-10
      143.753      4.00000  5.73812e-10
      143.753      4.50000  7.25662e-10
      143.753      5.00000  8.94882e-10
      143.753      5.50000  1.08127e-09
      143.753      6.00000  1.28459e-09
      143.753      6.50000  1.50463e-09
      143.753      7.00000  1.74129e-09
      143.753      7.50000  1.99435e-09
      143.753      8.00000  2.26376e-09
      143.753      8.50000  2.54941e-09
      143.753      9.00000  2.85115e-09
      143.753      9.50000  3.16905e-09
      143.753      10.0000  3.50288e-09
      143.753      10.5000  3.85269e-09
      143.753      11.0000  4.21830e-09
      143.753      11.5000  4.59972e-09
      143.753      12.0000  4.99674e-09
      143.753      14.0000  6.73874e-09
      143.753      16.0000  8.71945e-09
      143.753      18.0000  1.09265e-08
      143.753      20.0000  1.33449e-08
      143.753      25.0000  2.01923e-08
      143.753      30.0000  2.79066e-08
      143.753      35.0000  3.61360e-08
      143.753      40.0000  4.45971e-08
      143.753      45.0000  5.30582e-08
      143.753      50.0000  6.13343e-08
      143.753      55.0000  6.92844e-08
      143.753      60.0000  7.68477e-08
      143.753      65.0000  8.38846e-08
      143.753      70.0000  9.03921e-08
      143.753      75.0000  9.63660e-08
      143.753      80.0000  1.01799e-07
      143.753      85.0000  1.06710e-07
      143.753      90.0000  1.11211e-07
      143.753      95.0000  1.15332e-07
      143.753      100.000  1.18889e-07
      143.753      110.000  1.25334e-07
      143.753      120.000  1.30951e-07
      143.753      130.000  1.36468e-07
      143.753      140.000  1.42468e-07
      143.753      150.000  1.49783e-07
      143.753      160.000  1.59420e-07
      143.753      170.000  1.72105e-07
      143.753      180.000  1.89494e-07
      143.753      190.000  2.13016e-07
      143.753      200.000  2.44839e-07
      143.753      210.000  2.88322e-07
      143.753      220.000  3.45079e-07
      143.753      230.000  4.20862e-07
      143.753      240.000  5.20504e-07
      143.753      250.000  6.51062e-07
      143.753      260.000  8.25295e-07
      143.753      270.000  1.04385e-06
      143.753      280.000  1.32443e-06
      143.753      290.000  1.67950e-06
      143.753      300.000  2.11872e-06
      143.753      310.000  2.68299e-06
      143.753      320.000  3.26730e-06
      143.753      330.000  3.97725e-06
      143.753      340.000  4.49404e-06
      143.753      350.000  5.24008e-06
      143.753      360.000  5.52191e-06
      143.753      365.000  5.59494e-06
      143.753      370.000  5.70540e-06
      143.753      380.000  5.79098e-06
      143.753      390.000  5.66070e-06
      143.753      400.000  5.39594e-06
      143.753      410.000  5.01881e-06
      143.753      420.000  4.66608e-06
      143.753      430.000  4.31548e-06
      143.753      440.000  3.97859e-06
      143.753      450.000  3.67172e-06
      143.753      460.000  3.39906e-06
      143.753      470.000  3.16382e-06
      143.753      480.000  2.97945e-06
      143.753      490.000  2.82254e-06
      143.753      500.000  2.72021e-06
      143.753      510.000  2.66845e-06
      143.753      520.000  2.66504e-06
      143.753      530.000  2.73162e-06
      143.753      540.000  2.86696e-06
      143.753      550.000  3.00987e-06
      143.753      560.000  3.25915e-06
      143.753      570.000  3.38173e-06
      143.753      580.000  3.64814e-06
      143.753      590.000  3.69841e-06
      143.753      600.000  3.68625e-06
      143.753      610.000  3.65151e-06
      143.753      620.000  3.52357e-06
      143.753      630.000  3.32620e-06
      143.753      640.000  3.08556e-06
      143.753      650.000  2.85395e-06
      143.753      660.000  2.62954e-06
      143.753      670.000  2.42068e-06
      143.753      680.000  2.23217e-06
      143.753      690.000  2.06450e-06
      143.753      700.000  1.91700e-06
      143.753      710.000  1.79011e-06
      143.753      720.000  1.68396e-06
      143.753      730.000  1.59938e-06
      143.753      740.000  1.53700e-06
      143.753      750.000  1.49886e-06
      143.753      760.000  1.47978e-06
      143.753      770.000  1.48804e-06
      143.753      780.000  1.50814e-06
      143.753      790.000  1.54228e-06
      143.753      800.000  1.58880e-06
      143.753      810.000  1.61411e-06
      143.753      820.000  1.59666e-06
      143.753      830.000  1.56261e-06
      143.753      840.000  1.51943e-06
      143.753      850.000  1.44704e-06
      143.753      860.000  1.35478e-06
      143.753      870.000  1.25554e-06
      143.753      880.000  1.15749e-06
      143.753      890.000  1.06455e-06
      143.753      900.000  9.78731e-07
      143.753      910.000  9.02437e-07
      143.753      920.000  8.31233e-07
      143.753      930.000  7.67638e-07
      143.753      940.000  7.10254e-07
      143.753      950.000  6.56377e-07
      143.753      960.000  6.07528e-07
      143.753      970.000  5.63038e-07
      143.753      980.000  5.21280e-07
      143.753      990.000  4.83016e-07
      143.753      1000.00  4.48158e-07
      143.753      1010.00  4.16499e-07
      143.753      1020.00  3.88820e-07
      143.753      1030.00  3.62693e-07
      143.753      1040.00  3.38328e-07
      143.753      1050.00  3.15955e-07
      143.753      1060.00  2.95519e-07
      143.753      1070.00  2.76657e-07
      143.753      1080.00  2.58789e-07
      143.753      1090.00  2.42779e-07
      143.753      1100.00  2.28611e-07
      143.753      1110.00  2.15906e-07
      143.753      1120.00  2.06015e-07
      143.753      1130.00  1.95954e-07
      143.753      1140.00  1.88019e-07
      143.753      1150.00  1.81651e-07
      143.753      1160.00  1.74330e-07
      143.753      1170.00  1.68178e-07
      143.753      1180.00  1.60975e-07
      143.753      1190.00  1.53855e-07
      143.753      1200.00  1.46589e-07
      143.753      1210.00  1.38872e-07
      143.753      1220.00  1.31041e-07
      143.753      1230.00  1.23381e-07
      143.753      1240.00  1.16066e-07
      143.753      1250.00  1.09155e-07
      143.753      1260.00  1.02684e-07
      143.753      1270.00  9.66625e-08
      143.753      1280.00  9.10603e-08
      143.753      1290.00  8.58913e-08
      143.753      1300.00  8.11127e-08
      143.753      1325.00  7.08683e-08
      143.753      1350.00  6.28847e-08
      143.753      1375.00  5.67947e-08
      143.753      1400.00  5.15966e-08
      143.753      1425.00  4.61084e-08
      143.753      1450.00  4.04348e-08
      143.753      1475.00  3.51876e-08
      143.753      1500.00  3.08595e-08
      143.753      1525.00  2.74797e-08
      143.753      1550.00  2.49586e-08
      143.753      1575.00  2.31776e-08
      143.753      1600.00  2.19891e-08
      143.753      1625.00  2.10627e-08
      143.753      1650.00  1.97906e-08
      143.753      1675.00  1.84164e-08
      143.753      1700.00  1.69408e-08
      143.753      1725.00  1.54387e-08
      143.753      1750.00  1.39740e-08
      143.753      1775.00  1.25868e-08
      143.753      1800.00  1.13049e-08
      143.753      1825.00  1.01407e-08
      143.753      1850.00  9.09073e-09
      143.753      1875.00  8.16286e-09
      143.753      1900.00  7.35486e-09
      143.753      1925.00  6.67488e-09
      143.753      1950.00  6.12660e-09
      143.753      1975.00  5.70693e-09
      143.753      2000.00  5.40291e-09
      143.753      2025.00  5.19421e-09
      143.753      2050.00  5.06413e-09
      143.753      2075.00  4.88885e-09
      143.753      2100.00  4.66796e-09
      143.753      2125.00  4.42249e-09
      143.753      2150.00  4.13460e-09
      143.753      2175.00  3.81474e-09
      143.753      2200.00  3.48240e-09
      143.753      2225.00  3.15355e-09
      143.753      2250.00  2.83863e-09
      143.753      2275.00  2.54413e-09
      143.753      2300.00  2.27320e-09
      143.753      2325.00  2.02728e-09
      143.753      2350.00  1.80640e-09
      143.753      2375.00  1.60980e-09
      143.753      2400.00  1.43606e-09

      185.664     0.100000  3.09480e-13
      185.664     0.200000  1.23769e-12
      185.664     0.300000  2.78439e-12
      185.664     0.400000  4.94929e-12
      185.664     0.500000  7.73206e-12
      185.664     0.600000  1.11327e-11
      185.664     0.700000  1.51511e-11
      185.664     0.800000  1.97870e-11
      185.664     0.900000  2.50396e-11
      185.664      1.00000  3.09094e-11
      185.664      1.10000  3.73965e-11
      185.664      1.20000  4.45004e-11
      185.664      1.30000  5.22208e-11
      185.664      1.40000  6.05573e-11
      185.664      1.50000  6.95093e-11
      185.664      1.60000  7.90783e-11
      185.664      1.70000  8.92620e-11
      185.664      2.00000  1.23506e-10
      185.664      2.50000  1.92863e-10
      185.664      3.00000  2.77526e-10
      185.664      3.50000  3.77425e-10
      185.664      4.00000  4.92491e-10
      185.664      4.50000  6.22622e-10
      185.664      5.00000  7.67750e-10
      185.664      5.50000  9.27788e-10
      185.664      6.00000  1.10262e-09
      185.664      6.50000  1.29224e-09
      185.664      7.00000  1.49653e-09
      185.664      7.50000  1.71544e-09
      185.664      8.00000  1.94891e-09
      185.664      8.50000  2.19685e-09
      185.664      9.00000  2.45923e-09
      185.664      9.50000  2.73598e-09
      185.664      10.0000  3.02693e-09
      185.664      10.5000  3.33221e-09
      185.664      11.0000  3.65143e-09
      185.664      11.5000  3.98477e-09
      185.664      12.0000  4.33205e-09
      185.664      14.0000  5.85802e-09
      185.664      16.0000  7.59824e-09
      185.664      18.0000  9.54476e-09
      185.664      20.0000  1.16877e-08
      185.664      25.0000  1.78256e-08
      185.664      30.0000  2.48868e-08
      185.664      35.0000  3.26251e-08
      185.664      40.0000  4.08150e-08
      185.664      45.0000  4.92651e-08
      185.664      50.0000  5.78042e-08
      185.664      55.0000  6.62865e-08
      185.664      60.0000  7.46070e-08
      185.664      65.0000  8.26963e-08
      185.664      70.0000  9.04834e-08
      185.664      75.0000  9.79255e-08
      185.664      80.0000  1.05047e-07
      185.664      85.0000  1.11784e-07
      185.664      90.0000  1.18211e-07
      185.664      95.0000  1.24294e-07
      185.664      100.000  1.30123e-07
      185.664      110.000  1.41114e-07
      185.664      120.000  1.51644e-07
      185.664      130.000  1.62351e-07
      185.664      140.000  1.73576e-07
      185.664      150.000  1.86408e-07
      185.664      160.000  2.01829e-07
      185.664      170.000  2.20889e-07
      185.664      180.000  2.44926e-07
      185.664      190.000  2.75562e-07
      185.664      200.000  3.14791e-07
      185.664      210.000  3.64910e-07
      185.664      220.000  4.28650e-07
      185.664      230.000  5.09120e-07
      185.664      240.000  6.10611e-07
      185.664      250.000  7.38748e-07
      185.664      260.000  9.00092e-07
      185.664      270.000  1.10431e-06
      185.664      280.000  1.34876e-06
      185.664      290.000  1.62967e-06
      185.664      300.000  1.97941e-06
      185.664      310.000  2.42105e-06
      185.664      320.000  2.84230e-06
      185.664      330.000  3.27872e-06
      185.664      340.000  3.69140e-06
      185.664      350.000  4.11423e-06
      185.664      360.000  4.38769e-06
      185.664      365.000  4.46661e-06
      185.664      370.000  4.55596e-06
      185.664      380.000  4.65540e-06
      185.664      390.000  4.62302e-06
      185.664      400.000  4.49363e-06
      185.664      410.000  4.28486e-06
      185.664      420.000  4.07218e-06
      185.664      430.000  3.84958e-06
      185.664      440.000  3.63131e-06
      185.664      450.000  3.42722e-06
      185.664      460.000  3.24485e-06
      185.664      470.000  3.09371e-06
      185.664      480.000  2.95637e-06
      185.664      490.000  2.85970e-06
      185.664      500.000  2.80002e-06
      185.664      510.000  2.77923e-06
      185.664      520.000  2.79955e-06
      185.664      530.000  2.86616e-06
      185.664      540.000  2.97043e-06
      185.664      550.000  3.12001e-06
      185.664      560.000  3.30862e-06
      185.664      570.000  3.36344e-06
      185.664      580.000  3.47869e-06
      185.664      590.000  3.56937e-06
      185.664      600.000  3.56326e-06
      185.664      610.000  3.53897e-06
      185.664      620.000  3.45043e-06
      185.664      630.000  3.30862e-06
      185.664      640.000  3.12733e-06
      185.664      650.000  2.95191e-06
      185.664      660.000  2.77861e-06
      185.664      670.000  2.61550e-06
      185.664      680.000  2.46742e-06
      185.664      690.000  2.33794e-06
      185.664      700.000  2.22941e-06
      185.664      710.000  2.14371e-06
      185.664      720.000  2.08270e-06
      185.664      730.000  2.05230e-06
      185.664      740.000  2.04152e-06
      185.664      750.000  2.04818e-06
      185.664      760.000  2.09266e-06
      185.664      770.000  2.16226e-06
      185.664      780.000  2.25072e-06
      185.664      790.000  2.34394e-06
      185.664      800.000  2.42110e-06
      185.664      810.000  2.51670e-06
      185.664      820.000  2.49010e-06
      185.664      830.000  2.46990e-06
      185.664      840.000  2.42833e-06
      185.664      850.000  2.34398e-06
      185.664      860.000  2.22552e-06
      185.664      870.000  2.08978e-06
      185.664      880.000  1.94858e-06
      185.664      890.000  1.80945e-06
      185.664      900.000  1.67712e-06
      185.664      910.000  1.55210e-06
      185.664      920.000  1.43494e-06
      185.664      930.000  1.32859e-06
      185.664      940.000  1.23234e-06
      185.664      950.000  1.14380e-06
      185.664      960.000  1.06280e-06
      185.664      970.000  9.90139e-07
      185.664      980.000  9.24443e-07
      185.664      990.000  8.65294e-07
      185.664      1000.00  8.12318e-07
      185.664      1010.00  7.64408e-07
      185.664      1020.00  7.20318e-07
      185.664      1030.00  6.81403e-07
      185.664      1040.00  6.40078e-07
      185.664      1050.00  6.02890e-07
      185.664      1060.00  5.68089e-07
      185.664      1070.00  5.34292e-07
      185.664      1080.00  5.01700e-07
      185.664      1090.00  4.71021e-07
      185.664      1100.00  4.42664e-07
      185.664      1110.00  4.16560e-07
      185.664      1120.00  3.92985e-07
      185.664      1130.00  3.71686e-07
      185.664      1140.00  3.52467e-07
      185.664      1150.00  3.34950e-07
      185.664      1160.00  3.19203e-07
      185.664      1170.00  3.02299e-07
      185.664      1180.00  2.86429e-07
      185.664      1190.00  2.71519e-07
      185.664      1200.00  2.56960e-07
      185.664      1210.00  2.42489e-07
      185.664      1220.00  2.28328e-07
      185.664      1230.00  2.14736e-07
      185.664      1240.00  2.01858e-07
      185.664      1250.00  1.89776e-07
      185.664      1260.00  1.78487e-07
      185.664      1270.00  1.68004e-07
      185.664      1280.00  1.58290e-07
      185.664      1290.00  1.49343e-07
      185.664      1300.00  1.41117e-07
      185.664      1325.00  1.23489e-07
      185.664      1350.00  1.09832e-07
      185.664      1375.00  9.91586e-08
      185.664      1400.00  8.96226e-08
      185.664      1425.00  8.02146e-08
      185.664      1450.00  7.06991e-08
      185.664      1475.00  6.17869e-08
      185.664      1500.00  5.42160e-08
      185.664      1525.00  4.80837e-08
      185.664      1550.00  4.33759e-08
      185.664      1575.00  3.98276e-08
      185.664      1600.00  3.72083e-08
      185.664      1625.00  3.50477e-08
      185.664      1650.00  3.24127e-08
      185.664      1675.00  2.96296e-08
      185.664      1700.00  2.67673e-08
      185.664      1725.00  2.40722e-08
      185.664      1750.00  2.16284e-08
      185.664      1775.00  1.94498e-08
      185.664      1800.00  1.75326e-08
      185.664      1825.00  1.58672e-08
      185.664      1850.00  1.43948e-08
      185.664      1875.00  1.31002e-08
      185.664      1900.00  1.19784e-08
      185.664      1925.00  1.10422e-08
      185.664      1950.00  1.03043e-08
      185.664      1975.00  9.74966e-09
      185.664      2000.00  9.38178e-09
      185.664      2025.00  9.11006e-09
      185.664      2050.00  8.90152e-09
      185.664      2075.00  8.68354e-09
      185.664      2100.00  8.36500e-09
      185.664      2125.00  8.00321e-09
      185.664      2150.00  7.57204e-09
      185.664      2175.00  7.08070e-09
      185.664      2200.00  6.55586e-09
      185.664      2225.00  6.02206e-09
      185.664      2250.00  5.49812e-09
      185.664      2275.00  4.99623e-09
      185.664      2300.00  4.52491e-09
      185.664      2325.00  4.08999e-09
      185.664      2350.00  3.69314e-09
      185.664      2375.00  3.33451e-09
      185.664      2400.00  3.01493e-09

      239.794     0.100000  2.67820e-13
      239.794     0.200000  1.07111e-12
      239.794     0.300000  2.40963e-12
      239.794     0.400000  4.28310e-12
      239.794     0.500000  6.69120e-12
      239.794     0.600000  9.63381e-12
      239.794     0.700000  1.31107e-11
      239.794     0.800000  1.71216e-11
      239.794     0.900000  2.16660e-11
      239.794      1.00000  2.67440e-11
      239.794      1.10000  3.23550e-11
      239.794      1.20000  3.84986e-11
      239.794      1.30000  4.51759e-11
      239.794      1.40000  5.23866e-11
      239.794      1.50000  6.01272e-11
      239.794      1.60000  6.84013e-11
      239.794      1.70000  7.72065e-11
      239.794      2.00000  1.06812e-10
      239.794      2.50000  1.66771e-10
      239.794      3.00000  2.39975e-10
      239.794      3.50000  3.26398e-10
      239.794      4.00000  4.26016e-10
      239.794      4.50000  5.38791e-10
      239.794      5.00000  6.64686e-10
      239.794      5.50000  8.03674e-10
      239.794      6.00000  9.55703e-10
      239.794      6.50000  1.12073e-09
      239.794      7.00000  1.29870e-09
      239.794      7.50000  1.48959e-09
      239.794      8.00000  1.69330e-09
      239.794      8.50000  1.90981e-09
      239.794      9.00000  2.13904e-09
      239.794      9.50000  2.38099e-09
      239.794      10.0000  2.63567e-09
      239.794      10.5000  2.90260e-09
      239.794      11.0000  3.18207e-09
      239.794      11.5000  3.47405e-09
      239.794      12.0000  3.77843e-09
      239.794      14.0000  5.11858e-09
      239.794      16.0000  6.65160e-09
      239.794      18.0000  8.37266e-09
      239.794      20.0000  1.02754e-08
      239.794      25.0000  1.57756e-08
      239.794      30.0000  2.22125e-08
      239.794      35.0000  2.94120e-08
      239.794      40.0000  3.72037e-08
      239.794      45.0000  4.54302e-08
      239.794      50.0000  5.39469e-08
      239.794      55.0000  6.26433e-08
      239.794      60.0000  7.14076e-08
      239.794      65.0000  8.01794e-08
      239.794      70.0000  8.88657e-08
      239.794      75.0000  9.74307e-08
      239.794      80.0000  1.05864e-07
      239.794      85.0000  1.14128e-07
      239.794      90.0000  1.22189e-07
      239.794      95.0000  1.30117e-07
      239.794      100.000  1.37891e-07
      239.794      110.000  1.53098e-07
      239.794      120.000  1.68114e-07
      239.794      130.000  1.83446e-07
      239.794      140.000  1.99749e-07
      239.794      150.000  2.17441e-07
      239.794      160.000  2.37484e-07
      239.794      170.000  2.61170e-07
      239.794      180.000  2.89437e-07
      239.794      190.000  3.23654e-07
      239.794      200.000  3.64111e-07
      239.794      210.000  4.15297e-07
      239.794      220.000  4.76837e-07
      239.794      230.000  5.51241e-07
      239.794      240.000  6.44514e-07
      239.794      250.000  7.59076e-07
      239.794      260.000  8.91902e-07
      239.794      270.000  1.05042e-06
      239.794      280.000  1.24630e-06
      239.794      290.000  1.47187e-06
      239.794      300.000  1.73358e-06
      239.794      310.000  2.01665e-06
      239.794      320.000  2.31086e-06
      239.794      330.000  2.60123e-06
      239.794      340.000  2.86832e-06
      239.794      350.000  3.13597e-06
      239.794      360.000  3.33560e-06
      239.794      365.000  3.40772e-06
      239.794      370.000  3.47845e-06
      239.794      380.000  3.57941e-06
      239.794      390.000  3.60563e-06
      239.794      400.000  3.56785e-06
      239.794      410.000  3.48373e-06
      239.794      420.000  3.38104e-06
      239.794      430.000  3.26761e-06
      239.794      440.000  3.15272e-06
      239.794      450.000  3.04745e-06
      239.794      460.000  2.94298e-06
      239.794      470.000  2.86091e-06
      239.794      480.000  2.79661e-06
      239.794      490.000  2.75225e-06
      239.794      500.000  2.73627e-06
      239.794      510.000  2.74973e-06
      239.794      520.000  2.79062e-06
      239.794      530.000  2.84900e-06
      239.794      540.000  2.93467e-06
      239.794      550.000  3.03769e-06
      239.794      560.000  3.15212e-06
      239.794      570.000  3.30840e-06
      239.794      580.000  3.34780e-06
      239.794      590.000  3.38577e-06
      239.794      600.000  3.39665e-06
      239.794      610.000  3.39136e-06
      239.794      620.000  3.34490e-06
      239.794      630.000  3.25973e-06
      239.794      640.000  3.14547e-06
      239.794      650.000  3.03493e-06
      239.794      660.000  2.92155e-06
      239.794      670.000  2.81852e-06
      239.794      680.000  2.72838e-06
      239.794      690.000  2.65418e-06
      239.794      700.000  2.60334e-06
      239.794      710.000  2.57417e-06
      239.794      720.000  2.57011e-06
      239.794      730.000  2.58657e-06
      239.794      740.000  2.63933e-06
      239.794      750.000  2.72070e-06
      239.794      760.000  2.84460e-06
      239.794      770.000  2.93725e-06
      239.794      780.000  3.09606e-06
      239.794      790.000  3.22458e-06
      239.794      800.000  3.26886e-06
      239.794      810.000  3.40878e-06
      239.794      820.000  3.40910e-06
      239.794      830.000  3.40545e-06
      239.794      840.000  3.37408e-06
      239.794      850.000  3.29401e-06
      239.794      860.000  3.16908e-06
      239.794      870.000  3.01683e-06
      239.794      880.000  2.85133e-06
      239.794      890.000  2.68315e-06
      239.794      900.000  2.51738e-06
      239.794      910.000  2.35821e-06
      239.794      920.000  2.20824e-06
      239.794      930.000  2.06833e-06
      239.794      940.000  1.93793e-06
      239.794      950.000  1.81815e-06
      239.794      960.000  1.71027e-06
      239.794      970.000  1.61299e-06
      239.794      980.000  1.52472e-06
      239.794      990.000  1.44522e-06
      239.794      1000.00  1.37612e-06
      239.794      1010.00  1.31071e-06
      239.794      1020.00  1.24358e-06
      239.794      1030.00  1.19073e-06
      239.794      1040.00  1.13050e-06
      239.794      1050.00  1.07501e-06
      239.794      1060.00  1.02166e-06
      239.794      1070.00  9.68117e-07
      239.794      1080.00  9.14725e-07
      239.794      1090.00  8.62519e-07
      239.794      1100.00  8.12451e-07
      239.794      1110.00  7.65407e-07
      239.794      1120.00  7.21853e-07
      239.794      1130.00  6.80609e-07
      239.794      1140.00  6.41951e-07
      239.794      1150.00  6.06483e-07
      239.794      1160.00  5.73701e-07
      239.794      1170.00  5.41144e-07
      239.794      1180.00  5.10832e-07
      239.794      1190.00  4.82387e-07
      239.794      1200.00  4.55336e-07
      239.794      1210.00  4.29348e-07
      239.794      1220.00  4.04447e-07
      239.794      1230.00  3.80849e-07
      239.794      1240.00  3.58637e-07
      239.794      1250.00  3.37807e-07
      239.794      1260.00  3.18360e-07
      239.794      1270.00  3.00264e-07
      239.794      1280.00  2.83445e-07
      239.794      1290.00  2.67853e-07
      239.794      1300.00  2.53472e-07
      239.794      1325.00  2.22326e-07
      239.794      1350.00  1.97242e-07
      239.794      1375.00  1.78324e-07
      239.794      1400.00  1.58582e-07
      239.794      1425.00  1.41679e-07
      239.794      1450.00  1.25518e-07
      239.794      1475.00  1.10567e-07
      239.794      1500.00  9.76867e-08
      239.794      1525.00  8.69899e-08
      239.794      1550.00  7.84521e-08
      239.794      1575.00  7.19501e-08
      239.794      1600.00  6.65765e-08
      239.794      1625.00  6.18699e-08
      239.794      1650.00  5.68328e-08
      239.794      1675.00  5.16221e-08
      239.794      1700.00  4.63365e-08
      239.794      1725.00  4.14723e-08
      239.794      1750.00  3.71768e-08
      239.794      1775.00  3.34707e-08
      239.794      1800.00  3.03267e-08
      239.794      1825.00  2.76439e-08
      239.794      1850.00  2.52846e-08
      239.794      1875.00  2.32021e-08
      239.794      1900.00  2.13445e-08
      239.794      1925.00  1.97439e-08
      239.794      1950.00  1.84129e-08
      239.794      1975.00  1.73911e-08
      239.794      2000.00  1.66123e-08
      239.794      2025.00  1.60222e-08
      239.794      2050.00  1.55188e-08
      239.794      2075.00  1.49364e-08
      239.794      2100.00  1.43274e-08
      239.794      2125.00  1.36876e-08
      239.794      2150.00  1.29820e-08
      239.794      2175.00  1.22135e-08
      239.794      2200.00  1.14072e-08
      239.794      2225.00  1.05905e-08
      239.794      2250.00  9.78414e-09
      239.794      2275.00  9.00576e-09
      239.794      2300.00  8.26838e-09
      239.794      2325.00  7.57988e-09
      239.794      2350.00  6.94539e-09
      239.794      2375.00  6.36556e-09
      239.794      2400.00  5.83882e-09

      309.705     0.100000  2.28254e-13
      309.705     0.200000  9.12914e-13
      309.705     0.300000  2.05379e-12
      309.705     0.400000  3.65076e-12
      309.705     0.500000  5.70368e-12
      309.705     0.600000  8.21233e-12
      309.705     0.700000  1.11765e-11
      309.705     0.800000  1.45964e-11
      309.705     0.900000  1.84715e-11
      309.705      1.00000  2.28018e-11
      309.705      1.10000  2.75875e-11
      309.705      1.20000  3.28274e-11
      309.705      1.30000  3.85229e-11
      309.705      1.40000  4.46726e-11
      309.705      1.50000  5.12770e-11
      309.705      1.60000  5.83362e-11
      309.705      1.70000  6.58487e-11
      309.705      2.00000  9.11122e-11
      309.705      2.50000  1.42292e-10
      309.705      3.00000  2.04803e-10
      309.705      3.50000  2.78628e-10
      309.705      4.00000  3.63731e-10
      309.705      4.50000  4.60118e-10
      309.705      5.00000  5.67744e-10
      309.705      5.50000  6.86583e-10
      309.705      6.00000  8.16607e-10
      309.705      6.50000  9.57793e-10
      309.705      7.00000  1.11011e-09
      309.705      7.50000  1.27352e-09
      309.705      8.00000  1.44802e-09
      309.705      8.50000  1.63352e-09
      309.705      9.00000  1.83004e-09
      309.705      9.50000  2.03749e-09
      309.705      10.0000  2.25592e-09
      309.705      10.5000  2.48525e-09
      309.705      11.0000  2.72545e-09
      309.705      11.5000  2.97650e-09
      309.705      12.0000  3.23841e-09
      309.705      14.0000  4.39377e-09
      309.705      16.0000  5.71858e-09
      309.705      18.0000  7.21074e-09
      309.705      20.0000  8.86519e-09
      309.705      25.0000  1.36799e-08
      309.705      30.0000  1.93861e-08
      309.705      35.0000  2.58721e-08
      309.705      40.0000  3.30140e-08
      309.705      45.0000  4.06969e-08
      309.705      50.0000  4.88230e-08
      309.705      55.0000  5.72834e-08
      309.705      60.0000  6.59954e-08
      309.705      65.0000  7.48887e-08
      309.705      70.0000  8.39144e-08
      309.705      75.0000  9.30143e-08
      309.705      80.0000  1.02134e-07
      309.705      85.0000  1.11269e-07
      309.705      90.0000  1.20418e-07
      309.705      95.0000  1.29510e-07
      309.705      100.000  1.38582e-07
      309.705      110.000  1.56801e-07
      309.705      120.000  1.75079e-07
      309.705      130.000  1.93918e-07
      309.705      140.000  2.13667e-07
      309.705      150.000  2.34563e-07
      309.705      160.000  2.57586e-07
      309.705      170.000  2.83228e-07
      309.705      180.000  3.12835e-07
      309.705      190.000  3.46158e-07
      309.705      200.000  3.86158e-07
      309.705      210.000  4.31548e-07
      309.705      220.000  4.86830e-07
      309.705      230.000  5.52282e-07
      309.705      240.000  6.26475e-07
      309.705      250.000  7.15439e-07
      309.705      260.000  8.18052e-07
      309.705      270.000  9.42474e-07
      309.705      280.000  1.07323e-06
      309.705      290.000  1.23771e-06
      309.705      300.000  1.39494e-06
      309.705      310.000  1.59084e-06
      309.705      320.000  1.81910e-06
      309.705      330.000  1.97651e-06
      309.705      340.000  2.15127e-06
      309.705      350.000  2.38928e-06
      309.705      360.000  2.46292e-06
      309.705      365.000  2.51998e-06
      309.705      370.000  2.57465e-06
      309.705      380.000  2.66647e-06
      309.705      390.000  2.71815e-06
      309.705      400.000  2.73326e-06
      309.705      410.000  2.71540e-06
      309.705      420.000  2.69032e-06
      309.705      430.000  2.65631e-06
      309.705      440.000  2.61766e-06
      309.705      450.000  2.58185e-06
      309.705      460.000  2.54888e-06
      309.705      470.000  2.52704e-06
      309.705      480.000  2.51955e-06
      309.705      490.000  2.51679e-06
      309.705      500.000  2.53511e-06
      309.705      510.000  2.56681e-06
      309.705      520.000  2.62151e-06
      309.705      530.000  2.68729e-06
      309.705      540.000  2.76427e-06
      309.705      550.000  2.85075e-06
      309.705      560.000  2.94405e-06
      309.705      570.000  3.02381e-06
      309.705      580.000  3.08263e-06
      309.705      590.000  3.13917e-06
      309.705      600.000  3.16923e-06
      309.705      610.000  3.18865e-06
      309.705      620.000  3.18490e-06
      309.705      630.000  3.15356e-06
      309.705      640.000  3.09972e-06
      309.705      650.000  3.05251e-06
      309.705      660.000  3.00875e-06
      309.705      670.000  2.96853e-06
      309.705      680.000  2.94346e-06
      309.705      690.000  2.93614e-06
      309.705      700.000  2.93640e-06
      309.705      710.000  2.96287e-06
      309.705      720.000  3.00863e-06
      309.705      730.000  3.08607e-06
      309.705      740.000  3.17178e-06
      309.705      750.000  3.29954e-06
      309.705      760.000  3.41640e-06
      309.705      770.000  3.58438e-06
      309.705      780.000  3.82995e-06
      309.705      790.000  3.86200e-06
      309.705      800.000  4.01939e-06
      309.705      810.000  4.07065e-06
      309.705      820.000  4.08680e-06
      309.705      830.000  4.09670e-06
      309.705      840.000  4.08298e-06
      309.705      850.000  4.02350e-06
      309.705      860.000  3.91835e-06
      309.705      870.000  3.78189e-06
      309.705      880.000  3.62736e-06
      309.705      890.000  3.46415e-06
      309.705      900.000  3.29945e-06
      309.705      910.000  3.13883e-06
      309.705      920.000  2.98065e-06
      309.705      930.000  2.83336e-06
      309.705      940.000  2.69392e-06
      309.705      950.000  2.56640e-06
      309.705      960.000  2.44782e-06
      309.705      970.000  2.34279e-06
      309.705      980.000  2.24349e-06
      309.705      990.000  2.15876e-06
      309.705      1000.00  2.10158e-06
      309.705      1010.00  2.00137e-06
      309.705      1020.00  1.93522e-06
      309.705      1030.00  1.86014e-06
      309.705      1040.00  1.78569e-06
      309.705      1050.00  1.71632e-06
      309.705      1060.00  1.64878e-06
      309.705      1070.00  1.58016e-06
      309.705      1080.00  1.51019e-06
      309.705      1090.00  1.43974e-06
      309.705      1100.00  1.37144e-06
      309.705      1110.00  1.30623e-06
      309.705      1120.00  1.24481e-06
      309.705      1130.00  1.18712e-06
      309.705      1140.00  1.13480e-06
      309.705      1150.00  1.08411e-06
      309.705      1160.00  1.04020e-06
      309.705      1170.00  9.98069e-07
      309.705      1180.00  9.61076e-07
      309.705      1190.00  9.26096e-07
      309.705      1200.00  8.96302e-07
      309.705      1210.00  8.64838e-07
      309.705      1220.00  8.38739e-07
      309.705      1230.00  8.18359e-07
      309.705      1240.00  7.84227e-07
      309.705      1250.00  7.54178e-07
      309.705      1260.00  7.25810e-07
      309.705      1270.00  6.97953e-07
      309.705      1280.00  6.69290e-07
      309.705      1290.00  6.39482e-07
      309.705      1300.00  6.09313e-07
      309.705      1325.00  5.36265e-07
      309.705      1350.00  4.70750e-07
      309.705      1375.00  4.13689e-07
      309.705      1400.00  3.63459e-07
      309.705      1425.00  3.19512e-07
      309.705      1450.00  2.80515e-07
      309.705      1475.00  2.46227e-07
      309.705      1500.00  2.16954e-07
      309.705      1525.00  1.92391e-07
      309.705      1550.00  1.72100e-07
      309.705      1575.00  1.55494e-07
      309.705      1600.00  1.41633e-07
      309.705      1625.00  1.28962e-07
      309.705      1650.00  1.16953e-07
      309.705      1675.00  1.05463e-07
      309.705      1700.00  9.44824e-08
      309.705      1725.00  8.45995e-08
      309.705      1750.00  7.59725e-08
      309.705      1775.00  6.85933e-08
      309.705      1800.00  6.23795e-08
      309.705      1825.00  5.69986e-08
      309.705      1850.00  5.21982e-08
      309.705      1875.00  4.78672e-08
      309.705      1900.00  4.39542e-08
      309.705      1925.00  4.03595e-08
      309.705      1950.00  3.73109e-08
      309.705      1975.00  3.48421e-08
      309.705      2000.00  3.27601e-08
      309.705      2025.00  3.10218e-08
      309.705      2050.00  2.96489e-08
      309.705      2075.00  2.80546e-08
      309.705      2100.00  2.65327e-08
      309.705      2125.00  2.49846e-08
      309.705      2150.00  2.34312e-08
      309.705      2175.00  2.18957e-08
      309.705      2200.00  2.04018e-08
      309.705      2225.00  1.89667e-08
      309.705      2250.00  1.76070e-08
      309.705      2275.00  1.63137e-08
      309.705      2300.00  1.50955e-08
      309.705      2325.00  1.39600e-08
      309.705      2350.00  1.29041e-08
      309.705      2375.00  1.19347e-08
      309.705      2400.00  1.10563e-08

      400.000     0.100000  1.90501e-13
      400.000     0.200000  7.61949e-13
      400.000     0.300000  1.71424e-12
      400.000     0.400000  3.04724e-12
      400.000     0.500000  4.76100e-12
      400.000     0.600000  6.85526e-12
      400.000     0.700000  9.32993e-12
      400.000     0.800000  1.21850e-11
      400.000     0.900000  1.54204e-11
      400.000      1.00000  1.90360e-11
      400.000      1.10000  2.30316e-11
      400.000      1.20000  2.74076e-11
      400.000      1.30000  3.21635e-11
      400.000      1.40000  3.72989e-11
      400.000      1.50000  4.28143e-11
      400.000      1.60000  4.87087e-11
      400.000      1.70000  5.49831e-11
      400.000      2.00000  7.60826e-11
      400.000      2.50000  1.18831e-10
      400.000      3.00000  1.71050e-10
      400.000      3.50000  2.32725e-10
      400.000      4.00000  3.03842e-10
      400.000      4.50000  3.84395e-10
      400.000      5.00000  4.74364e-10
      400.000      5.50000  5.73734e-10
      400.000      6.00000  6.82505e-10
      400.000      6.50000  8.00660e-10
      400.000      7.00000  9.28158e-10
      400.000      7.50000  1.06501e-09
      400.000      8.00000  1.21125e-09
      400.000      8.50000  1.36672e-09
      400.000      9.00000  1.53156e-09
      400.000      9.50000  1.70568e-09
      400.000      10.0000  1.88904e-09
      400.000      10.5000  2.08161e-09
      400.000      11.0000  2.28348e-09
      400.000      11.5000  2.49454e-09
      400.000      12.0000  2.71483e-09
      400.000      14.0000  3.68729e-09
      400.000      16.0000  4.80498e-09
      400.000      18.0000  6.06671e-09
      400.000      20.0000  7.46864e-09
      400.000      25.0000  1.15724e-08
      400.000      30.0000  1.64828e-08
      400.000      35.0000  2.21301e-08
      400.000      40.0000  2.84376e-08
      400.000      45.0000  3.53315e-08
      400.000      50.0000  4.27255e-08
      400.000      55.0000  5.05497e-08
      400.000      60.0000  5.87354e-08
      400.000      65.0000  6.72333e-08
      400.000      70.0000  7.59952e-08
      400.000      75.0000  8.49646e-08
      400.000      80.0000  9.41063e-08
      400.000      85.0000  1.03399e-07
      400.000      90.0000  1.12872e-07
      400.000      95.0000  1.22375e-07
      400.000      100.000  1.31999e-07
      400.000      110.000  1.51543e-07
      400.000      120.000  1.71626e-07
      400.000      130.000  1.92234e-07
      400.000      140.000  2.13764e-07
      400.000      150.000  2.36433e-07
      400.000      160.000  2.60575e-07
      400.000      170.000  2.87026e-07
      400.000      180.000  3.15723e-07
      400.000      190.000  3.48036e-07
      400.000      200.000  3.83841e-07
      400.000      210.000  4.24295e-07
      400.000      220.000  4.70817e-07
      400.000      230.000  5.22670e-07
      400.000      240.000  5.83961e-07
      400.000      250.000  6.50473e-07
      400.000      260.000  7.28519e-07
      400.000      270.000  8.14441e-07
      400.000      280.000  9.07940e-07
      400.000      290.000  1.02052e-06
      400.000      300.000  1.12923e-06
      400.000      310.000  1.25834e-06
      400.000      320.000  1.37869e-06
      400.000      330.000  1.50288e-06
      400.000      340.000  1.63480e-06
      400.000      350.000  1.73385e-06
      400.000      360.000  1.82754e-06
      400.000      365.000  1.87130e-06
      400.000      370.000  1.91481e-06
      400.000      380.000  1.99401e-06
      400.000      390.000  2.05404e-06
      400.000      400.000  2.09451e-06
      400.000      410.000  2.11401e-06
      400.000      420.000  2.13254e-06
      400.000      430.000  2.14364e-06
      400.000      440.000  2.15177e-06
      400.000      450.000  2.16114e-06
      400.000      460.000  2.17125e-06
      400.000      470.000  2.18733e-06
      400.000      480.000  2.20915e-06
      400.000      490.000  2.23669e-06
      400.000      500.000  2.27808e-06
      400.000      510.000  2.32352e-06
      400.000      520.000  2.38689e-06
      400.000      530.000  2.44978e-06
      400.000      540.000  2.52274e-06
      400.000      550.000  2.62155e-06
      400.000      560.000  2.67436e-06
      400.000      570.000  2.74278e-06
      400.000      580.000  2.81167e-06
      400.000      590.000  2.86333e-06
      400.000      600.000  2.90933e-06
      400.000      610.000  2.95281e-06
      400.000      620.000  2.98410e-06
      400.000      630.000  3.00130e-06
      400.000      640.000  3.00319e-06
      400.000      650.000  3.01375e-06
      400.000      660.000  3.02441e-06
      400.000      670.000  3.04059e-06
      400.000      680.000  3.06833e-06
      400.000      690.000  3.10487e-06
      400.000      700.000  3.16102e-06
      400.000      710.000  3.22566e-06
      400.000      720.000  3.31602e-06
      400.000      730.000  3.41511e-06
      400.000      740.000  3.52578e-06
      400.000      750.000  3.67458e-06
      400.000      760.000  3.80781e-06
      400.000      770.000  3.97038e-06
      400.000      780.000  4.11154e-06
      400.000      790.000  4.18703e-06
      400.000      800.000  4.38008e-06
      400.000      810.000  4.41714e-06
      400.000      820.000  4.44786e-06
      400.000      830.000  4.47568e-06
      400.000      840.000  4.48483e-06
      400.000      850.000  4.45714e-06
      400.000      860.000  4.39069e-06
      400.000      870.000  4.29366e-06
      400.000      880.000  4.17539e-06
      400.000      890.000  4.04521e-06
      400.000      900.000  3.91093e-06
      400.000      910.000  3.77434e-06
      400.000      920.000  3.64193e-06
      400.000      930.000  3.51251e-06
      400.000      940.000  3.39232e-06
      400.000      950.000  3.27727e-06
      400.000      960.000  3.17044e-06
      400.000      970.000  3.07714e-06
      400.000      980.000  2.98591e-06
      400.000      990.000  2.90657e-06
      400.000      1000.00  2.82915e-06
      400.000      1010.00  2.74359e-06
      400.000      1020.00  2.68852e-06
      400.000      1030.00  2.60659e-06
      400.000      1040.00  2.52841e-06
      400.000      1050.00  2.45567e-06
      400.000      1060.00  2.38478e-06
      400.000      1070.00  2.31146e-06
      400.000      1080.00  2.23576e-06
      400.000      1090.00  2.15850e-06
      400.000      1100.00  2.08198e-06
      400.000      1110.00  2.00856e-06
      400.000      1120.00  1.93783e-06
      400.000      1130.00  1.87289e-06
      400.000      1140.00  1.81139e-06
      400.000      1150.00  1.75580e-06
      400.000      1160.00  1.70546e-06
      400.000      1170.00  1.65845e-06
      400.000      1180.00  1.61990e-06
      400.000      1190.00  1.58156e-06
      400.000      1200.00  1.55157e-06
      400.000      1210.00  1.51788e-06
      400.000      1220.00  1.47941e-06
      400.000      1230.00  1.45935e-06
      400.000      1240.00  1.41793e-06
      400.000      1250.00  1.37762e-06
      400.000      1260.00  1.33947e-06
      400.000      1270.00  1.30106e-06
      400.000      1280.00  1.25978e-06
      400.000      1290.00  1.21490e-06
      400.000      1300.00  1.16725e-06
      400.000      1325.00  1.04471e-06
      400.000      1350.00  9.27303e-07
      400.000      1375.00  8.19959e-07
      400.000      1400.00  7.23881e-07
      400.000      1425.00  6.38832e-07
      400.000      1450.00  5.63874e-07
      400.000      1475.00  4.98022e-07
      400.000      1500.00  4.41060e-07
      400.000      1525.00  3.92250e-07
      400.000      1550.00  3.50724e-07
      400.000      1575.00  3.15442e-07
      400.000      1600.00  2.84691e-07
      400.000      1625.00  2.57202e-07
      400.000      1650.00  2.32283e-07
      400.000      1675.00  2.09467e-07
      400.000      1700.00  1.88428e-07
      400.000      1725.00  1.69606e-07
      400.000      1750.00  1.53101e-07
      400.000      1775.00  1.38803e-07
      400.000      1800.00  1.26435e-07
      400.000      1825.00  1.15531e-07
      400.000      1850.00  1.05806e-07
      400.000      1875.00  9.70035e-08
      400.000      1900.00  8.89315e-08
      400.000      1925.00  8.16191e-08
      400.000      1950.00  7.51948e-08
      400.000      1975.00  6.96706e-08
      400.000      2000.00  6.49460e-08
      400.000      2025.00  6.08544e-08
      400.000      2050.00  5.72033e-08
      400.000      2075.00  5.35323e-08
      400.000      2100.00  5.01030e-08
      400.000      2125.00  4.67152e-08
      400.000      2150.00  4.34527e-08
      400.000      2175.00  4.03700e-08
      400.000      2200.00  3.74940e-08
      400.000      2225.00  3.48337e-08
      400.000      2250.00  3.23707e-08
      400.000      2275.00  3.00804e-08
      400.000      2300.00  2.79375e-08
      400.000      2325.00  2.59478e-08
      400.000      2350.00  2.40926e-08
      400.000      2375.00  2.23853e-08
      400.000      2400.00  2.08279e-08

