      40.0000     0.100000  3.78445e-12
      40.0000     0.200000  1.51175e-11
      40.0000     0.300000  3.39782e-11
      40.0000     0.400000  6.03565e-11
      40.0000     0.500000  9.42518e-11
      40.0000     0.600000  1.35672e-10
      40.0000     0.700000  1.84633e-10
      40.0000     0.800000  2.41157e-10
      40.0000     0.900000  3.05281e-10
      40.0000      1.00000  3.77043e-10
      40.0000      1.10000  4.56496e-10
      40.0000      1.20000  5.43700e-10
      40.0000      1.30000  6.38727e-10
      40.0000      1.40000  7.41649e-10
      40.0000      1.50000  8.52549e-10
      40.0000      1.60000  9.71520e-10
      40.0000      1.70000  1.09864e-09
      40.0000      2.00000  1.52969e-09
      40.0000      2.50000  2.41552e-09
      40.0000      3.00000  3.50322e-09
      40.0000      3.50000  4.77138e-09
      40.0000      4.00000  6.19868e-09
      40.0000      4.50000  7.77367e-09
      40.0000      5.00000  9.49271e-09
      40.0000      5.50000  1.13550e-08
      40.0000      6.00000  1.33594e-08
      40.0000      6.50000  1.55035e-08
      40.0000      7.00000  1.77847e-08
      40.0000      7.50000  2.01991e-08
      40.0000      8.00000  2.27432e-08
      40.0000      8.50000  2.54131e-08
      40.0000      9.00000  2.82053e-08
      40.0000      9.50000  3.11164e-08
      40.0000      10.0000  3.41433e-08
      40.0000      10.5000  3.72840e-08
      40.0000      11.0000  4.05365e-08
      40.0000      11.5000  4.38987e-08
      40.0000      12.0000  4.73702e-08
      40.0000      14.0000  6.23131e-08
      40.0000      16.0000  7.88010e-08
      40.0000      18.0000  9.64709e-08
      40.0000      20.0000  1.14824e-07
      40.0000      25.0000  1.60685e-07
      40.0000      30.0000  2.02561e-07
      40.0000      35.0000  2.37655e-07
      40.0000      40.0000  2.65067e-07
      40.0000      45.0000  2.85026e-07
      40.0000      50.0000  2.98364e-07
      40.0000      55.0000  3.06120e-07
      40.0000      60.0000  3.09293e-07
      40.0000      65.0000  3.08836e-07
      40.0000      70.0000  3.05561e-07
      40.0000      75.0000  3.00189e-07
      40.0000      80.0000  2.93270e-07
      40.0000      85.0000  2.85252e-07
      40.0000      90.0000  2.76508e-07
      40.0000      95.0000  2.67309e-07
      40.0000      100.000  2.57887e-07
      40.0000      110.000  2.38976e-07
      40.0000      120.000  2.20618e-07
      40.0000      130.000  2.03288e-07
      40.0000      140.000  1.87186e-07
      40.0000      150.000  1.72355e-07
      40.0000      160.000  1.58789e-07
      40.0000      170.000  1.46472e-07
      40.0000      180.000  1.35236e-07
      40.0000      190.000  1.25075e-07
      40.0000      200.000  1.15969e-07
      40.0000      210.000  1.07922e-07
      40.0000      220.000  1.01040e-07
      40.0000      230.000  9.55637e-08
      40.0000      240.000  9.19372e-08
      40.0000      250.000  9.10329e-08
      40.0000      260.000  9.45327e-08
      40.0000      270.000  1.05473e-07
      40.0000      280.000  1.31416e-07
      40.0000      290.000  1.87651e-07
      40.0000      300.000  3.05135e-07
      40.0000      310.000  4.79742e-07
      40.0000      320.000  8.10953e-07
      40.0000      330.000  1.33478e-06
      40.0000      340.000  2.00612e-06
      40.0000      350.000  3.06631e-06
      40.0000      360.000  3.75145e-06
      40.0000      365.000  3.61024e-06
      40.0000      370.000  3.67261e-06
      40.0000      380.000  3.62139e-06
      40.0000      390.000  3.19917e-06
      40.0000      400.000  2.71467e-06
      40.0000      410.000  2.22138e-06
      40.0000      420.000  1.85609e-06
      40.0000      430.000  1.55506e-06
      40.0000      440.000  1.31124e-06
      40.0000      450.000  1.11367e-06
      40.0000      460.000  9.55670e-07
      40.0000      470.000  8.30978e-07
      40.0000      480.000  7.36728e-07
      40.0000      490.000  6.73513e-07
      40.0000      500.000  6.45958e-07
      40.0000      510.000  6.67455e-07
      40.0000      520.000  7.68865e-07
      40.0000      530.000  1.03059e-06
      40.0000      540.000  1.51004e-06
      40.0000      550.000  2.38263e-06
      40.0000      560.000  3.82432e-06
      40.0000      570.000  5.73462e-06
      40.0000      580.000  8.42013e-06
      40.0000      590.000  1.07047e-05
      40.0000      600.000  1.07583e-05
      40.0000      610.000  1.07585e-05
      40.0000      620.000  9.65127e-06
      40.0000      630.000  8.18710e-06
      40.0000      640.000  6.68252e-06
      40.0000      650.000  5.53919e-06
      40.0000      660.000  4.59794e-06
      40.0000      670.000  3.83660e-06
      40.0000      680.000  3.22341e-06
      40.0000      690.000  2.72936e-06
      40.0000      700.000  2.32991e-06
      40.0000      710.000  2.00385e-06
      40.0000      720.000  1.73251e-06
      40.0000      730.000  1.50727e-06
      40.0000      740.000  1.31648e-06
      40.0000      750.000  1.15498e-06
      40.0000      760.000  1.01780e-06
      40.0000      770.000  9.00696e-07
      40.0000      780.000  8.00256e-07
      40.0000      790.000  7.13782e-07
      40.0000      800.000  6.38858e-07
      40.0000      810.000  5.73615e-07
      40.0000      820.000  5.16624e-07
      40.0000      830.000  4.66641e-07
      40.0000      840.000  4.22779e-07
      40.0000      850.000  3.83943e-07
      40.0000      860.000  3.49746e-07
      40.0000      870.000  3.19719e-07
      40.0000      880.000  2.94298e-07
      40.0000      890.000  2.72769e-07
      40.0000      900.000  2.56260e-07
      40.0000      910.000  2.45779e-07
      40.0000      920.000  2.41646e-07
      40.0000      930.000  2.43569e-07
      40.0000      940.000  2.55009e-07
      40.0000      950.000  2.45586e-07
      40.0000      960.000  2.33189e-07
      40.0000      970.000  2.16080e-07
      40.0000      980.000  1.94155e-07
      40.0000      990.000  1.72584e-07
      40.0000      1000.00  1.53357e-07
      40.0000      1010.00  1.36804e-07
      40.0000      1020.00  1.22680e-07
      40.0000      1030.00  1.10633e-07
      40.0000      1040.00  1.00309e-07
      40.0000      1050.00  9.13723e-08
      40.0000      1060.00  8.36324e-08
      40.0000      1070.00  7.69173e-08
      40.0000      1080.00  7.11438e-08
      40.0000      1090.00  6.62967e-08
      40.0000      1100.00  6.27206e-08
      40.0000      1110.00  6.05595e-08
      40.0000      1120.00  6.01896e-08
      40.0000      1130.00  6.26520e-08
      40.0000      1140.00  6.96044e-08
      40.0000      1150.00  8.18931e-08
      40.0000      1160.00  9.91835e-08
      40.0000      1170.00  1.26887e-07
      40.0000      1180.00  1.37582e-07
      40.0000      1190.00  1.34425e-07
      40.0000      1200.00  1.28610e-07
      40.0000      1210.00  1.14563e-07
      40.0000      1220.00  9.88498e-08
      40.0000      1230.00  8.45798e-08
      40.0000      1240.00  7.25172e-08
      40.0000      1250.00  6.25741e-08
      40.0000      1260.00  5.44300e-08
      40.0000      1270.00  4.77403e-08
      40.0000      1280.00  4.22062e-08
      40.0000      1290.00  3.75840e-08
      40.0000      1300.00  3.36850e-08
      40.0000      1325.00  2.62273e-08
      40.0000      1350.00  2.09623e-08
      40.0000      1375.00  1.70773e-08
      40.0000      1400.00  1.41056e-08
      40.0000      1425.00  1.17798e-08
      40.0000      1450.00  9.93009e-09
      40.0000      1475.00  8.45526e-09
      40.0000      1500.00  7.29646e-09
      40.0000      1525.00  6.55786e-09
      40.0000      1550.00  6.42689e-09
      40.0000      1575.00  7.69335e-09
      40.0000      1600.00  1.07595e-08
      40.0000      1625.00  1.73135e-08
      40.0000      1650.00  1.89072e-08
      40.0000      1675.00  1.96627e-08
      40.0000      1700.00  1.88201e-08
      40.0000      1725.00  1.68868e-08
      40.0000      1750.00  1.46424e-08
      40.0000      1775.00  1.24790e-08
      40.0000      1800.00  1.05441e-08
      40.0000      1825.00  8.87380e-09
      40.0000      1850.00  7.45785e-09
      40.0000      1875.00  6.26875e-09
      40.0000      1900.00  5.27447e-09
      40.0000      1925.00  4.44521e-09
      40.0000      1950.00  3.75372e-09
      40.0000      1975.00  3.17701e-09
      40.0000      2000.00  2.69459e-09
      40.0000      2025.00  2.29084e-09
      40.0000      2050.00  1.95235e-09
      40.0000      2075.00  1.66802e-09
      40.0000      2100.00  1.42817e-09
      40.0000      2125.00  1.22557e-09
      40.0000      2150.00  1.05439e-09
      40.0000      2175.00  9.09273e-10
      40.0000      2200.00  7.85628e-10
      40.0000      2225.00  6.80108e-10
      40.0000      2250.00  5.90153e-10
      40.0000      2275.00  5.13173e-10
      40.0000      2300.00  4.47118e-10
      40.0000      2325.00  3.90106e-10
      40.0000      2350.00  3.41007e-10
      40.0000      2375.00  2.98758e-10
      40.0000      2400.00  2.62280e-10

      51.6620     0.100000  2.69522e-12
      51.6620     0.200000  1.07717e-11
      51.6620     0.300000  2.42198e-11
      51.6620     0.400000  4.30363e-11
      51.6620     0.500000  6.72237e-11
      51.6620     0.600000  9.67906e-11
      51.6620     0.700000  1.31753e-10
      51.6620     0.800000  1.72133e-10
      51.6620     0.900000  2.17954e-10
      51.6620      1.00000  2.69254e-10
      51.6620      1.10000  3.26062e-10
      51.6620      1.20000  3.88417e-10
      51.6620      1.30000  4.56360e-10
      51.6620      1.40000  5.29924e-10
      51.6620      1.50000  6.09138e-10
      51.6620      1.60000  6.94023e-10
      51.6620      1.70000  7.84600e-10
      51.6620      2.00000  1.09041e-09
      51.6620      2.50000  1.71181e-09
      51.6620      3.00000  2.46635e-09
      51.6620      3.50000  3.34623e-09
      51.6620      4.00000  4.34631e-09
      51.6620      4.50000  5.46399e-09
      51.6620      5.00000  6.69732e-09
      51.6620      5.50000  8.04458e-09
      51.6620      6.00000  9.50349e-09
      51.6620      6.50000  1.10718e-08
      51.6620      7.00000  1.27470e-08
      51.6620      7.50000  1.45263e-08
      51.6620      8.00000  1.64071e-08
      51.6620      8.50000  1.83868e-08
      51.6620      9.00000  2.04628e-08
      51.6620      9.50000  2.26331e-08
      51.6620      10.0000  2.48954e-08
      51.6620      10.5000  2.72481e-08
      51.6620      11.0000  2.96901e-08
      51.6620      11.5000  3.22201e-08
      51.6620      12.0000  3.48372e-08
      51.6620      14.0000  4.61515e-08
      51.6620      16.0000  5.87174e-08
      51.6620      18.0000  7.23120e-08
      51.6620      20.0000  8.66466e-08
      51.6620      25.0000  1.23861e-07
      51.6620      30.0000  1.60111e-07
      51.6620      35.0000  1.92812e-07
      51.6620      40.0000  2.20623e-07
      51.6620      45.0000  2.43109e-07
      51.6620      50.0000  2.60415e-07
      51.6620      55.0000  2.72966e-07
      51.6620      60.0000  2.81316e-07
      51.6620      65.0000  2.86068e-07
      51.6620      70.0000  2.87812e-07
      51.6620      75.0000  2.87102e-07
      51.6620      80.0000  2.84416e-07
      51.6620      85.0000  2.80170e-07
      51.6620      90.0000  2.74712e-07
      51.6620      95.0000  2.68357e-07
      51.6620      100.000  2.61357e-07
      51.6620      110.000  2.46171e-07
      51.6620      120.000  2.30317e-07
      51.6620      130.000  2.14567e-07
      51.6620      140.000  1.99385e-07
      51.6620      150.000  1.84975e-07
      51.6620      160.000  1.71571e-07
      51.6620      170.000  1.59219e-07
      51.6620      180.000  1.47957e-07
      51.6620      190.000  1.37794e-07
      51.6620      200.000  1.29412e-07
      51.6620      210.000  1.21255e-07
      51.6620      220.000  1.15574e-07
      51.6620      230.000  1.12448e-07
      51.6620      240.000  1.12546e-07
      51.6620      250.000  1.17229e-07
      51.6620      260.000  1.31869e-07
      51.6620      270.000  1.56568e-07
      51.6620      280.000  2.01923e-07
      51.6620      290.000  2.80124e-07
      51.6620      300.000  4.26364e-07
      51.6620      310.000  6.50985e-07
      51.6620      320.000  1.01196e-06
      51.6620      330.000  1.51013e-06
      51.6620      340.000  2.06257e-06
      51.6620      350.000  2.83091e-06
      51.6620      360.000  3.49636e-06
      51.6620      365.000  3.35612e-06
      51.6620      370.000  3.41470e-06
      51.6620      380.000  3.39664e-06
      51.6620      390.000  3.05240e-06
      51.6620      400.000  2.64598e-06
      51.6620      410.000  2.18318e-06
      51.6620      420.000  1.86367e-06
      51.6620      430.000  1.59101e-06
      51.6620      440.000  1.36466e-06
      51.6620      450.000  1.18033e-06
      51.6620      460.000  1.03289e-06
      51.6620      470.000  9.21796e-07
      51.6620      480.000  8.38509e-07
      51.6620      490.000  7.98742e-07
      51.6620      500.000  8.16385e-07
      51.6620      510.000  8.90232e-07
      51.6620      520.000  1.06948e-06
      51.6620      530.000  1.44805e-06
      51.6620      540.000  2.03505e-06
      51.6620      550.000  2.96645e-06
      51.6620      560.000  4.31508e-06
      51.6620      570.000  5.93381e-06
      51.6620      580.000  8.03190e-06
      51.6620      590.000  9.88712e-06
      51.6620      600.000  9.99276e-06
      51.6620      610.000  1.00531e-05
      51.6620      620.000  9.15202e-06
      51.6620      630.000  7.92685e-06
      51.6620      640.000  6.53751e-06
      51.6620      650.000  5.53396e-06
      51.6620      660.000  4.67617e-06
      51.6620      670.000  3.96003e-06
      51.6620      680.000  3.36797e-06
      51.6620      690.000  2.87988e-06
      51.6620      700.000  2.47741e-06
      51.6620      710.000  2.14344e-06
      51.6620      720.000  1.86282e-06
      51.6620      730.000  1.62742e-06
      51.6620      740.000  1.42731e-06
      51.6620      750.000  1.25681e-06
      51.6620      760.000  1.11104e-06
      51.6620      770.000  9.85905e-07
      51.6620      780.000  8.78125e-07
      51.6620      790.000  7.84825e-07
      51.6620      800.000  7.03781e-07
      51.6620      810.000  6.33024e-07
      51.6620      820.000  5.71042e-07
      51.6620      830.000  5.16601e-07
      51.6620      840.000  4.68703e-07
      51.6620      850.000  4.26463e-07
      51.6620      860.000  3.89440e-07
      51.6620      870.000  3.56987e-07
      51.6620      880.000  3.29122e-07
      51.6620      890.000  3.06277e-07
      51.6620      900.000  2.89216e-07
      51.6620      910.000  2.76374e-07
      51.6620      920.000  2.68325e-07
      51.6620      930.000  2.67791e-07
      51.6620      940.000  2.68254e-07
      51.6620      950.000  2.55895e-07
      51.6620      960.000  2.42358e-07
      51.6620      970.000  2.25667e-07
      51.6620      980.000  2.05328e-07
      51.6620      990.000  1.84933e-07
      51.6620      1000.00  1.66229e-07
      51.6620      1010.00  1.49692e-07
      51.6620      1020.00  1.35268e-07
      51.6620      1030.00  1.22711e-07
      51.6620      1040.00  1.11809e-07
      51.6620      1050.00  1.02330e-07
      51.6620      1060.00  9.40934e-08
      51.6620      1070.00  8.69914e-08
      51.6620      1080.00  8.13475e-08
      51.6620      1090.00  7.61345e-08
      51.6620      1100.00  7.24581e-08
      51.6620      1110.00  7.03990e-08
      51.6620      1120.00  7.16256e-08
      51.6620      1130.00  7.44095e-08
      51.6620      1140.00  8.10155e-08
      51.6620      1150.00  9.18830e-08
      51.6620      1160.00  1.14649e-07
      51.6620      1170.00  1.27767e-07
      51.6620      1180.00  1.31162e-07
      51.6620      1190.00  1.28811e-07
      51.6620      1200.00  1.23757e-07
      51.6620      1210.00  1.12482e-07
      51.6620      1220.00  9.92271e-08
      51.6620      1230.00  8.66178e-08
      51.6620      1240.00  7.55312e-08
      51.6620      1250.00  6.60879e-08
      51.6620      1260.00  5.81356e-08
      51.6620      1270.00  5.14518e-08
      51.6620      1280.00  4.58188e-08
      51.6620      1290.00  4.10418e-08
      51.6620      1300.00  3.69648e-08
      51.6620      1325.00  2.90419e-08
      51.6620      1350.00  2.33611e-08
      51.6620      1375.00  1.91242e-08
      51.6620      1400.00  1.58670e-08
      51.6620      1425.00  1.33107e-08
      51.6620      1450.00  1.12833e-08
      51.6620      1475.00  9.69135e-09
      51.6620      1500.00  8.51844e-09
      51.6620      1525.00  7.85271e-09
      51.6620      1550.00  8.08528e-09
      51.6620      1575.00  9.40665e-09
      51.6620      1600.00  1.24109e-08
      51.6620      1625.00  1.73885e-08
      51.6620      1650.00  1.87228e-08
      51.6620      1675.00  1.93109e-08
      51.6620      1700.00  1.86141e-08
      51.6620      1725.00  1.69602e-08
      51.6620      1750.00  1.49481e-08
      51.6620      1775.00  1.29332e-08
      51.6620      1800.00  1.10739e-08
      51.6620      1825.00  9.42835e-09
      51.6620      1850.00  8.00445e-09
      51.6620      1875.00  6.78783e-09
      51.6620      1900.00  5.75619e-09
      51.6620      1925.00  4.88451e-09
      51.6620      1950.00  4.15015e-09
      51.6620      1975.00  3.53152e-09
      51.6620      2000.00  3.01000e-09
      51.6620      2025.00  2.57058e-09
      51.6620      2050.00  2.19946e-09
      51.6620      2075.00  1.88579e-09
      51.6620      2100.00  1.62013e-09
      51.6620      2125.00  1.39470e-09
      51.6620      2150.00  1.20319e-09
      51.6620      2175.00  1.04004e-09
      51.6620      2200.00  9.00760e-10
      51.6620      2225.00  7.81600e-10
      51.6620      2250.00  6.79579e-10
      51.6620      2275.00  5.91989e-10
      51.6620      2300.00  5.16611e-10
      51.6620      2325.00  4.51589e-10
      51.6620      2350.00  3.95443e-10
      51.6620      2375.00  3.46899e-10
      51.6620      2400.00  3.04852e-10

      66.7240     0.100000  1.92927e-12
      66.7240     0.200000  7.71729e-12
      66.7240     0.300000  1.73673e-11
      66.7240     0.400000  3.08856e-11
      66.7240     0.500000  4.82816e-11
      66.7240     0.600000  6.95660e-11
      66.7240     0.700000  9.47522e-11
      66.7240     0.800000  1.23851e-10
      66.7240     0.900000  1.56874e-10
      66.7240      1.00000  1.93834e-10
      66.7240      1.10000  2.34731e-10
      66.7240      1.20000  2.79579e-10
      66.7240      1.30000  3.28367e-10
      66.7240      1.40000  3.81095e-10
      66.7240      1.50000  4.37754e-10
      66.7240      1.60000  4.98336e-10
      66.7240      1.70000  5.62819e-10
      66.7240      2.00000  7.79528e-10
      66.7240      2.50000  1.21695e-09
      66.7240      3.00000  1.74760e-09
      66.7240      3.50000  2.36963e-09
      66.7240      4.00000  3.08166e-09
      66.7240      4.50000  3.88253e-09
      66.7240      5.00000  4.77104e-09
      66.7240      5.50000  5.74617e-09
      66.7240      6.00000  6.80655e-09
      66.7240      6.50000  7.95083e-09
      66.7240      7.00000  9.17729e-09
      66.7240      7.50000  1.04842e-08
      66.7240      8.00000  1.18694e-08
      66.7240      8.50000  1.33311e-08
      66.7240      9.00000  1.48674e-08
      66.7240      9.50000  1.64767e-08
      66.7240      10.0000  1.81578e-08
      66.7240      10.5000  1.99095e-08
      66.7240      11.0000  2.17312e-08
      66.7240      11.5000  2.36224e-08
      66.7240      12.0000  2.55817e-08
      66.7240      14.0000  3.40882e-08
      66.7240      16.0000  4.35975e-08
      66.7240      18.0000  5.39755e-08
      66.7240      20.0000  6.50522e-08
      66.7240      25.0000  9.46622e-08
      66.7240      30.0000  1.24998e-07
      66.7240      35.0000  1.53986e-07
      66.7240      40.0000  1.80293e-07
      66.7240      45.0000  2.03222e-07
      66.7240      50.0000  2.22489e-07
      66.7240      55.0000  2.38113e-07
      66.7240      60.0000  2.50280e-07
      66.7240      65.0000  2.59280e-07
      66.7240      70.0000  2.65448e-07
      66.7240      75.0000  2.69142e-07
      66.7240      80.0000  2.70714e-07
      66.7240      85.0000  2.70485e-07
      66.7240      90.0000  2.68752e-07
      66.7240      95.0000  2.65805e-07
      66.7240      100.000  2.61842e-07
      66.7240      110.000  2.51744e-07
      66.7240      120.000  2.39745e-07
      66.7240      130.000  2.26841e-07
      66.7240      140.000  2.13640e-07
      66.7240      150.000  2.00705e-07
      66.7240      160.000  1.88334e-07
      66.7240      170.000  1.76639e-07
      66.7240      180.000  1.66150e-07
      66.7240      190.000  1.56908e-07
      66.7240      200.000  1.48936e-07
      66.7240      210.000  1.43531e-07
      66.7240      220.000  1.40499e-07
      66.7240      230.000  1.40450e-07
      66.7240      240.000  1.46874e-07
      66.7240      250.000  1.60698e-07
      66.7240      260.000  1.84902e-07
      66.7240      270.000  2.27664e-07
      66.7240      280.000  2.94823e-07
      66.7240      290.000  4.00631e-07
      66.7240      300.000  5.75803e-07
      66.7240      310.000  8.12631e-07
      66.7240      320.000  1.14732e-06
      66.7240      330.000  1.60022e-06
      66.7240      340.000  2.10423e-06
      66.7240      350.000  2.62913e-06
      66.7240      360.000  3.24603e-06
      66.7240      365.000  3.11906e-06
      66.7240      370.000  3.17949e-06
      66.7240      380.000  3.18769e-06
      66.7240      390.000  2.91267e-06
      66.7240      400.000  2.57864e-06
      66.7240      410.000  2.16026e-06
      66.7240      420.000  1.89048e-06
      66.7240      430.000  1.64892e-06
      66.7240      440.000  1.44800e-06
      66.7240      450.000  1.28308e-06
      66.7240      460.000  1.15169e-06
      66.7240      470.000  1.06011e-06
      66.7240      480.000  1.00880e-06
      66.7240      490.000  1.01308e-06
      66.7240      500.000  1.06132e-06
      66.7240      510.000  1.21568e-06
      66.7240      520.000  1.45198e-06
      66.7240      530.000  1.92891e-06
      66.7240      540.000  2.55699e-06
      66.7240      550.000  3.48061e-06
      66.7240      560.000  4.80365e-06
      66.7240      570.000  6.28997e-06
      66.7240      580.000  7.61547e-06
      66.7240      590.000  9.24698e-06
      66.7240      600.000  9.31099e-06
      66.7240      610.000  9.42207e-06
      66.7240      620.000  8.69388e-06
      66.7240      630.000  7.68253e-06
      66.7240      640.000  6.42609e-06
      66.7240      650.000  5.55822e-06
      66.7240      660.000  4.78711e-06
      66.7240      670.000  4.12160e-06
      66.7240      680.000  3.55551e-06
      66.7240      690.000  3.07715e-06
      66.7240      700.000  2.67356e-06
      66.7240      710.000  2.33279e-06
      66.7240      720.000  2.04237e-06
      66.7240      730.000  1.79576e-06
      66.7240      740.000  1.58439e-06
      66.7240      750.000  1.40285e-06
      66.7240      760.000  1.24656e-06
      66.7240      770.000  1.11164e-06
      66.7240      780.000  9.95493e-07
      66.7240      790.000  8.93810e-07
      66.7240      800.000  8.06404e-07
      66.7240      810.000  7.28727e-07
      66.7240      820.000  6.60713e-07
      66.7240      830.000  5.99969e-07
      66.7240      840.000  5.46365e-07
      66.7240      850.000  4.98401e-07
      66.7240      860.000  4.56205e-07
      66.7240      870.000  4.18896e-07
      66.7240      880.000  3.87222e-07
      66.7240      890.000  3.60037e-07
      66.7240      900.000  3.39204e-07
      66.7240      910.000  3.21809e-07
      66.7240      920.000  3.11373e-07
      66.7240      930.000  3.00168e-07
      66.7240      940.000  2.93976e-07
      66.7240      950.000  2.79781e-07
      66.7240      960.000  2.64181e-07
      66.7240      970.000  2.46708e-07
      66.7240      980.000  2.26693e-07
      66.7240      990.000  2.06553e-07
      66.7240      1000.00  1.87710e-07
      66.7240      1010.00  1.70678e-07
      66.7240      1020.00  1.55514e-07
      66.7240      1030.00  1.42103e-07
      66.7240      1040.00  1.30324e-07
      66.7240      1050.00  1.19960e-07
      66.7240      1060.00  1.10968e-07
      66.7240      1070.00  1.03194e-07
      66.7240      1080.00  9.67068e-08
      66.7240      1090.00  9.14591e-08
      66.7240      1100.00  8.80265e-08
      66.7240      1110.00  8.57637e-08
      66.7240      1120.00  8.74255e-08
      66.7240      1130.00  8.90394e-08
      66.7240      1140.00  9.84574e-08
      66.7240      1150.00  1.03978e-07
      66.7240      1160.00  1.17903e-07
      66.7240      1170.00  1.24737e-07
      66.7240      1180.00  1.29723e-07
      66.7240      1190.00  1.27547e-07
      66.7240      1200.00  1.22898e-07
      66.7240      1210.00  1.13574e-07
      66.7240      1220.00  1.02258e-07
      66.7240      1230.00  9.10461e-08
      66.7240      1240.00  8.08093e-08
      66.7240      1250.00  7.17918e-08
      66.7240      1260.00  6.39745e-08
      66.7240      1270.00  5.72381e-08
      66.7240      1280.00  5.14394e-08
      66.7240      1290.00  4.64327e-08
      66.7240      1300.00  4.20949e-08
      66.7240      1325.00  3.35019e-08
      66.7240      1350.00  2.72161e-08
      66.7240      1375.00  2.25038e-08
      66.7240      1400.00  1.88556e-08
      66.7240      1425.00  1.59575e-08
      66.7240      1450.00  1.36331e-08
      66.7240      1475.00  1.18744e-08
      66.7240      1500.00  1.06686e-08
      66.7240      1525.00  1.01175e-08
      66.7240      1550.00  1.03670e-08
      66.7240      1575.00  1.18250e-08
      66.7240      1600.00  1.46719e-08
      66.7240      1625.00  1.80454e-08
      66.7240      1650.00  1.91060e-08
      66.7240      1675.00  1.95124e-08
      66.7240      1700.00  1.88937e-08
      66.7240      1725.00  1.74496e-08
      66.7240      1750.00  1.56277e-08
      66.7240      1775.00  1.37353e-08
      66.7240      1800.00  1.19349e-08
      66.7240      1825.00  1.02978e-08
      66.7240      1850.00  8.84796e-09
      66.7240      1875.00  7.58459e-09
      66.7240      1900.00  6.49471e-09
      66.7240      1925.00  5.56026e-09
      66.7240      1950.00  4.76230e-09
      66.7240      1975.00  4.08303e-09
      66.7240      2000.00  3.50482e-09
      66.7240      2025.00  3.01386e-09
      66.7240      2050.00  2.59877e-09
      66.7240      2075.00  2.24226e-09
      66.7240      2100.00  1.93820e-09
      66.7240      2125.00  1.67798e-09
      66.7240      2150.00  1.45442e-09
      66.7240      2175.00  1.26237e-09
      66.7240      2200.00  1.09728e-09
      66.7240      2225.00  9.55398e-10
      66.7240      2250.00  8.33048e-10
      66.7240      2275.00  7.27454e-10
      66.7240      2300.00  6.36301e-10
      66.7240      2325.00  5.57548e-10
      66.7240      2350.00  4.89293e-10
      66.7240      2375.00  4.29981e-10
      66.7240      2400.00  3.78396e-10

      86.1770     0.100000  1.41165e-12
      86.1770     0.200000  5.64784e-12
      86.1770     0.300000  1.27102e-11
      86.1770     0.400000  2.26000e-11
      86.1770     0.500000  3.53176e-11
      86.1770     0.600000  5.08627e-11
      86.1770     0.700000  6.92339e-11
      86.1770     0.800000  9.04298e-11
      86.1770     0.900000  1.14445e-10
      86.1770      1.00000  1.41280e-10
      86.1770      1.10000  1.70924e-10
      86.1770      1.20000  2.03377e-10
      86.1770      1.30000  2.38632e-10
      86.1770      1.40000  2.76683e-10
      86.1770      1.50000  3.17525e-10
      86.1770      1.60000  3.61156e-10
      86.1770      1.70000  4.07566e-10
      86.1770      2.00000  5.63432e-10
      86.1770      2.50000  8.78406e-10
      86.1770      3.00000  1.26203e-09
      86.1770      3.50000  1.71402e-09
      86.1770      4.00000  2.23406e-09
      86.1770      4.50000  2.82187e-09
      86.1770      5.00000  3.47695e-09
      86.1770      5.50000  4.19857e-09
      86.1770      6.00000  4.98560e-09
      86.1770      6.50000  5.83660e-09
      86.1770      7.00000  6.75012e-09
      86.1770      7.50000  7.72443e-09
      86.1770      8.00000  8.75784e-09
      86.1770      8.50000  9.84908e-09
      86.1770      9.00000  1.09971e-08
      86.1770      9.50000  1.22009e-08
      86.1770      10.0000  1.34599e-08
      86.1770      10.5000  1.47739e-08
      86.1770      11.0000  1.61420e-08
      86.1770      11.5000  1.75643e-08
      86.1770      12.0000  1.90406e-08
      86.1770      14.0000  2.54742e-08
      86.1770      16.0000  3.27150e-08
      86.1770      18.0000  4.06861e-08
      86.1770      20.0000  4.92893e-08
      86.1770      25.0000  7.28597e-08
      86.1770      30.0000  9.79586e-08
      86.1770      35.0000  1.22968e-07
      86.1770      40.0000  1.46770e-07
      86.1770      45.0000  1.68653e-07
      86.1770      50.0000  1.88197e-07
      86.1770      55.0000  2.05208e-07
      86.1770      60.0000  2.19650e-07
      86.1770      65.0000  2.31572e-07
      86.1770      70.0000  2.41097e-07
      86.1770      75.0000  2.48412e-07
      86.1770      80.0000  2.53731e-07
      86.1770      85.0000  2.57258e-07
      86.1770      90.0000  2.59184e-07
      86.1770      95.0000  2.59735e-07
      86.1770      100.000  2.59112e-07
      86.1770      110.000  2.54969e-07
      86.1770      120.000  2.48026e-07
      86.1770      130.000  2.39227e-07
      86.1770      140.000  2.29459e-07
      86.1770      150.000  2.19199e-07
      86.1770      160.000  2.09206e-07
      86.1770      170.000  1.99585e-07
      86.1770      180.000  1.91293e-07
      86.1770      190.000  1.84073e-07
      86.1770      200.000  1.79410e-07
      86.1770      210.000  1.77015e-07
      86.1770      220.000  1.78832e-07
      86.1770      230.000  1.85911e-07
      86.1770      240.000  2.00417e-07
      86.1770      250.000  2.25430e-07
      86.1770      260.000  2.65449e-07
      86.1770      270.000  3.26934e-07
      86.1770      280.000  4.19284e-07
      86.1770      290.000  5.54798e-07
      86.1770      300.000  7.46774e-07
      86.1770      310.000  9.50884e-07
      86.1770      320.000  1.26582e-06
      86.1770      330.000  1.63474e-06
      86.1770      340.000  2.00956e-06
      86.1770      350.000  2.43275e-06
      86.1770      360.000  2.78360e-06
      86.1770      365.000  2.76277e-06
      86.1770      370.000  2.81115e-06
      86.1770      380.000  2.82437e-06
      86.1770      390.000  2.65957e-06
      86.1770      400.000  2.43061e-06
      86.1770      410.000  2.15060e-06
      86.1770      420.000  1.92954e-06
      86.1770      430.000  1.72776e-06
      86.1770      440.000  1.55887e-06
      86.1770      450.000  1.42214e-06
      86.1770      460.000  1.32138e-06
      86.1770      470.000  1.26037e-06
      86.1770      480.000  1.24512e-06
      86.1770      490.000  1.28508e-06
      86.1770      500.000  1.39441e-06
      86.1770      510.000  1.59338e-06
      86.1770      520.000  1.90956e-06
      86.1770      530.000  2.42669e-06
      86.1770      540.000  3.11378e-06
      86.1770      550.000  4.03926e-06
      86.1770      560.000  5.19252e-06
      86.1770      570.000  6.33087e-06
      86.1770      580.000  7.61578e-06
      86.1770      590.000  8.31445e-06
      86.1770      600.000  8.41633e-06
      86.1770      610.000  8.47241e-06
      86.1770      620.000  8.00168e-06
      86.1770      630.000  7.26891e-06
      86.1770      640.000  6.38848e-06
      86.1770      650.000  5.63829e-06
      86.1770      660.000  4.94819e-06
      86.1770      670.000  4.33367e-06
      86.1770      680.000  3.79596e-06
      86.1770      690.000  3.32973e-06
      86.1770      700.000  2.92792e-06
      86.1770      710.000  2.58138e-06
      86.1770      720.000  2.28199e-06
      86.1770      730.000  2.02424e-06
      86.1770      740.000  1.80121e-06
      86.1770      750.000  1.60840e-06
      86.1770      760.000  1.44161e-06
      86.1770      770.000  1.29743e-06
      86.1770      780.000  1.17274e-06
      86.1770      790.000  1.06454e-06
      86.1770      800.000  9.69524e-07
      86.1770      810.000  8.87178e-07
      86.1770      820.000  8.11586e-07
      86.1770      830.000  7.43028e-07
      86.1770      840.000  6.81313e-07
      86.1770      850.000  6.24506e-07
      86.1770      860.000  5.72872e-07
      86.1770      870.000  5.26822e-07
      86.1770      880.000  4.86535e-07
      86.1770      890.000  4.51895e-07
      86.1770      900.000  4.22826e-07
      86.1770      910.000  3.98784e-07
      86.1770      920.000  3.78623e-07
      86.1770      930.000  3.60925e-07
      86.1770      940.000  3.46251e-07
      86.1770      950.000  3.27662e-07
      86.1770      960.000  3.08026e-07
      86.1770      970.000  2.87964e-07
      86.1770      980.000  2.66316e-07
      86.1770      990.000  2.44742e-07
      86.1770      1000.00  2.24484e-07
      86.1770      1010.00  2.05866e-07
      86.1770      1020.00  1.89117e-07
      86.1770      1030.00  1.74066e-07
      86.1770      1040.00  1.60699e-07
      86.1770      1050.00  1.48875e-07
      86.1770      1060.00  1.38530e-07
      86.1770      1070.00  1.29599e-07
      86.1770      1080.00  1.22113e-07
      86.1770      1090.00  1.16142e-07
      86.1770      1100.00  1.11869e-07
      86.1770      1110.00  1.09581e-07
      86.1770      1120.00  1.09736e-07
      86.1770      1130.00  1.12991e-07
      86.1770      1140.00  1.20228e-07
      86.1770      1150.00  1.30902e-07
      86.1770      1160.00  1.35979e-07
      86.1770      1170.00  1.47568e-07
      86.1770      1180.00  1.35950e-07
      86.1770      1190.00  1.33111e-07
      86.1770      1200.00  1.28525e-07
      86.1770      1210.00  1.20252e-07
      86.1770      1220.00  1.10059e-07
      86.1770      1230.00  9.97014e-08
      86.1770      1240.00  8.99743e-08
      86.1770      1250.00  8.11536e-08
      86.1770      1260.00  7.33007e-08
      86.1770      1270.00  6.63670e-08
      86.1770      1280.00  6.02654e-08
      86.1770      1290.00  5.49005e-08
      86.1770      1300.00  5.01712e-08
      86.1770      1325.00  4.06071e-08
      86.1770      1350.00  3.34898e-08
      86.1770      1375.00  2.81376e-08
      86.1770      1400.00  2.40229e-08
      86.1770      1425.00  2.06107e-08
      86.1770      1450.00  1.78188e-08
      86.1770      1475.00  1.56280e-08
      86.1770      1500.00  1.41890e-08
      86.1770      1525.00  1.35296e-08
      86.1770      1550.00  1.37555e-08
      86.1770      1575.00  1.49125e-08
      86.1770      1600.00  1.69831e-08
      86.1770      1625.00  1.95979e-08
      86.1770      1650.00  2.03455e-08
      86.1770      1675.00  2.05350e-08
      86.1770      1700.00  1.99160e-08
      86.1770      1725.00  1.85822e-08
      86.1770      1750.00  1.68765e-08
      86.1770      1775.00  1.50577e-08
      86.1770      1800.00  1.32793e-08
      86.1770      1825.00  1.16202e-08
      86.1770      1850.00  1.01169e-08
      86.1770      1875.00  8.78037e-09
      86.1770      1900.00  7.60526e-09
      86.1770      1925.00  6.58227e-09
      86.1770      1950.00  5.69637e-09
      86.1770      1975.00  4.93388e-09
      86.1770      2000.00  4.27986e-09
      86.1770      2025.00  3.72168e-09
      86.1770      2050.00  3.24601e-09
      86.1770      2075.00  2.83556e-09
      86.1770      2100.00  2.47725e-09
      86.1770      2125.00  2.16564e-09
      86.1770      2150.00  1.89318e-09
      86.1770      2175.00  1.65492e-09
      86.1770      2200.00  1.44701e-09
      86.1770      2225.00  1.26607e-09
      86.1770      2250.00  1.10859e-09
      86.1770      2275.00  9.71721e-10
      86.1770      2300.00  8.52821e-10
      86.1770      2325.00  7.49295e-10
      86.1770      2350.00  6.59250e-10
      86.1770      2375.00  5.80664e-10
      86.1770      2400.00  5.12226e-10

      111.302     0.100000  1.03708e-12
      111.302     0.200000  4.14630e-12
      111.302     0.300000  9.32461e-12
      111.302     0.400000  1.65688e-11
      111.302     0.500000  2.58758e-11
      111.302     0.600000  3.72425e-11
      111.302     0.700000  5.06666e-11
      111.302     0.800000  6.61451e-11
      111.302     0.900000  8.36747e-11
      111.302      1.00000  1.03255e-10
      111.302      1.10000  1.24883e-10
      111.302      1.20000  1.48558e-10
      111.302      1.30000  1.74278e-10
      111.302      1.40000  2.02040e-10
      111.302      1.50000  2.31848e-10
      111.302      1.60000  2.63695e-10
      111.302      1.70000  2.97589e-10
      111.302      2.00000  4.11514e-10
      111.302      2.50000  6.42262e-10
      111.302      3.00000  9.24171e-10
      111.302      3.50000  1.25729e-09
      111.302      4.00000  1.64157e-09
      111.302      4.50000  2.07671e-09
      111.302      5.00000  2.56213e-09
      111.302      5.50000  3.09712e-09
      111.302      6.00000  3.68056e-09
      111.302      6.50000  4.31146e-09
      111.302      7.00000  4.98884e-09
      111.302      7.50000  5.71171e-09
      111.302      8.00000  6.47929e-09
      111.302      8.50000  7.29103e-09
      111.302      9.00000  8.14661e-09
      111.302      9.50000  9.04547e-09
      111.302      10.0000  9.98758e-09
      111.302      10.5000  1.09725e-08
      111.302      11.0000  1.20002e-08
      111.302      11.5000  1.30706e-08
      111.302      12.0000  1.41832e-08
      111.302      14.0000  1.90509e-08
      111.302      16.0000  2.45627e-08
      111.302      18.0000  3.06742e-08
      111.302      20.0000  3.73301e-08
      111.302      25.0000  5.59044e-08
      111.302      30.0000  7.62782e-08
      111.302      35.0000  9.73041e-08
      111.302      40.0000  1.18111e-07
      111.302      45.0000  1.38089e-07
      111.302      50.0000  1.56801e-07
      111.302      55.0000  1.73960e-07
      111.302      60.0000  1.89384e-07
      111.302      65.0000  2.03004e-07
      111.302      70.0000  2.14804e-07
      111.302      75.0000  2.24826e-07
      111.302      80.0000  2.33153e-07
      111.302      85.0000  2.39876e-07
      111.302      90.0000  2.45115e-07
      111.302      95.0000  2.49015e-07
      111.302      100.000  2.51736e-07
      111.302      110.000  2.54000e-07
      111.302      120.000  2.52917e-07
      111.302      130.000  2.49578e-07
      111.302      140.000  2.44444e-07
      111.302      150.000  2.38380e-07
      111.302      160.000  2.32382e-07
      111.302      170.000  2.26571e-07
      111.302      180.000  2.21795e-07
      111.302      190.000  2.19331e-07
      111.302      200.000  2.18204e-07
      111.302      210.000  2.21427e-07
      111.302      220.000  2.28883e-07
      111.302      230.000  2.43059e-07
      111.302      240.000  2.65697e-07
      111.302      250.000  2.99926e-07
      111.302      260.000  3.56708e-07
      111.302      270.000  4.20214e-07
      111.302      280.000  5.21157e-07
      111.302      290.000  6.49888e-07
      111.302      300.000  8.23032e-07
      111.302      310.000  1.05087e-06
      111.302      320.000  1.32112e-06
      111.302      330.000  1.66089e-06
      111.302      340.000  1.91336e-06
      111.302      350.000  2.23127e-06
      111.302      360.000  2.44180e-06
      111.302      365.000  2.45986e-06
      111.302      370.000  2.50203e-06
      111.302      380.000  2.52791e-06
      111.302      390.000  2.44033e-06
      111.302      400.000  2.29125e-06
      111.302      410.000  2.11448e-06
      111.302      420.000  1.94767e-06
      111.302      430.000  1.80002e-06
      111.302      440.000  1.67428e-06
      111.302      450.000  1.57974e-06
      111.302      460.000  1.51951e-06
      111.302      470.000  1.50069e-06
      111.302      480.000  1.55402e-06
      111.302      490.000  1.61892e-06
      111.302      500.000  1.78911e-06
      111.302      510.000  2.02856e-06
      111.302      520.000  2.38955e-06
      111.302      530.000  2.91961e-06
      111.302      540.000  3.52395e-06
      111.302      550.000  4.36031e-06
      111.302      560.000  5.31033e-06
      111.302      570.000  6.07731e-06
      111.302      580.000  7.11791e-06
      111.302      590.000  7.66337e-06
      111.302      600.000  7.78394e-06
      111.302      610.000  7.83048e-06
      111.302      620.000  7.52059e-06
      111.302      630.000  6.98265e-06
      111.302      640.000  6.34252e-06
      111.302      650.000  5.71001e-06
      111.302      660.000  5.10709e-06
      111.302      670.000  4.55290e-06
      111.302      680.000  4.05374e-06
      111.302      690.000  3.61003e-06
      111.302      700.000  3.21844e-06
      111.302      710.000  2.87468e-06
      111.302      720.000  2.57380e-06
      111.302      730.000  2.31022e-06
      111.302      740.000  2.08151e-06
      111.302      750.000  1.88220e-06
      111.302      760.000  1.71037e-06
      111.302      770.000  1.56241e-06
      111.302      780.000  1.43607e-06
      111.302      790.000  1.34174e-06
      111.302      800.000  1.23149e-06
      111.302      810.000  1.16029e-06
      111.302      820.000  1.06941e-06
      111.302      830.000  9.91957e-07
      111.302      840.000  9.20577e-07
      111.302      850.000  8.50722e-07
      111.302      860.000  7.84256e-07
      111.302      870.000  7.22111e-07
      111.302      880.000  6.66667e-07
      111.302      890.000  6.17217e-07
      111.302      900.000  5.74065e-07
      111.302      910.000  5.36522e-07
      111.302      920.000  5.03342e-07
      111.302      930.000  4.79633e-07
      111.302      940.000  4.47391e-07
      111.302      950.000  4.20085e-07
      111.302      960.000  3.93700e-07
      111.302      970.000  3.68421e-07
      111.302      980.000  3.43104e-07
      111.302      990.000  3.18755e-07
      111.302      1000.00  2.96224e-07
      111.302      1010.00  2.76051e-07
      111.302      1020.00  2.57004e-07
      111.302      1030.00  2.41756e-07
      111.302      1040.00  2.24752e-07
      111.302      1050.00  2.10321e-07
      111.302      1060.00  1.97326e-07
      111.302      1070.00  1.85450e-07
      111.302      1080.00  1.75082e-07
      111.302      1090.00  1.65836e-07
      111.302      1100.00  1.58872e-07
      111.302      1110.00  1.53293e-07
      111.302      1120.00  1.50168e-07
      111.302      1130.00  1.49117e-07
      111.302      1140.00  1.49926e-07
      111.302      1150.00  1.58710e-07
      111.302      1160.00  1.53745e-07
      111.302      1170.00  1.60019e-07
      111.302      1180.00  1.55029e-07
      111.302      1190.00  1.50485e-07
      111.302      1200.00  1.45067e-07
      111.302      1210.00  1.36792e-07
      111.302      1220.00  1.26864e-07
      111.302      1230.00  1.16687e-07
      111.302      1240.00  1.06925e-07
      111.302      1250.00  9.78624e-08
      111.302      1260.00  8.95834e-08
      111.302      1270.00  8.21098e-08
      111.302      1280.00  7.53998e-08
      111.302      1290.00  6.93866e-08
      111.302      1300.00  6.40105e-08
      111.302      1325.00  5.29374e-08
      111.302      1350.00  4.46294e-08
      111.302      1375.00  3.84602e-08
      111.302      1400.00  3.36969e-08
      111.302      1425.00  2.94595e-08
      111.302      1450.00  2.56555e-08
      111.302      1475.00  2.26020e-08
      111.302      1500.00  2.04885e-08
      111.302      1525.00  1.93271e-08
      111.302      1550.00  1.90981e-08
      111.302      1575.00  1.97104e-08
      111.302      1600.00  2.10304e-08
      111.302      1625.00  2.26695e-08
      111.302      1650.00  2.29478e-08
      111.302      1675.00  2.27691e-08
      111.302      1700.00  2.19774e-08
      111.302      1725.00  2.06109e-08
      111.302      1750.00  1.89166e-08
      111.302      1775.00  1.70982e-08
      111.302      1800.00  1.52904e-08
      111.302      1825.00  1.35702e-08
      111.302      1850.00  1.19808e-08
      111.302      1875.00  1.05396e-08
      111.302      1900.00  9.25129e-09
      111.302      1925.00  8.11296e-09
      111.302      1950.00  7.11717e-09
      111.302      1975.00  6.25404e-09
      111.302      2000.00  5.51119e-09
      111.302      2025.00  4.87518e-09
      111.302      2050.00  4.33417e-09
      111.302      2075.00  3.85228e-09
      111.302      2100.00  3.42147e-09
      111.302      2125.00  3.03831e-09
      111.302      2150.00  2.69257e-09
      111.302      2175.00  2.38090e-09
      111.302      2200.00  2.10220e-09
      111.302      2225.00  1.85465e-09
      111.302      2250.00  1.63541e-09
      111.302      2275.00  1.44227e-09
      111.302      2300.00  1.27254e-09
      111.302      2325.00  1.12394e-09
      111.302      2350.00  9.93939e-10
      111.302      2375.00  8.80303e-10
      111.302      2400.00  7.81358e-10

      143.753     0.100000  7.61514e-13
      143.753     0.200000  3.04477e-12
      143.753     0.300000  6.84807e-12
      143.753     0.400000  1.21699e-11
      143.753     0.500000  1.90088e-11
      143.753     0.600000  2.73640e-11
      143.753     0.700000  3.72346e-11
      143.753     0.800000  4.86192e-11
      143.753     0.900000  6.15190e-11
      143.753      1.00000  7.59321e-11
      143.753      1.10000  9.18591e-11
      143.753      1.20000  1.09300e-10
      143.753      1.30000  1.28253e-10
      143.753      1.40000  1.48720e-10
      143.753      1.50000  1.70702e-10
      143.753      1.60000  1.94199e-10
      143.753      1.70000  2.19208e-10
      143.753      2.00000  3.03331e-10
      143.753      2.50000  4.73841e-10
      143.753      3.00000  6.82209e-10
      143.753      3.50000  9.28298e-10
      143.753      4.00000  1.21186e-09
      143.753      4.50000  1.53255e-09
      143.753      5.00000  1.88991e-09
      143.753      5.50000  2.28350e-09
      143.753      6.00000  2.71285e-09
      143.753      6.50000  3.17748e-09
      143.753      7.00000  3.67720e-09
      143.753      7.50000  4.21150e-09
      143.753      8.00000  4.78030e-09
      143.753      8.50000  5.38337e-09
      143.753      9.00000  6.02040e-09
      143.753      9.50000  6.69148e-09
      143.753      10.0000  7.39618e-09
      143.753      10.5000  8.13458e-09
      143.753      11.0000  8.90629e-09
      143.753      11.5000  9.71135e-09
      143.753      12.0000  1.05493e-08
      143.753      14.0000  1.42255e-08
      143.753      16.0000  1.84047e-08
      143.753      18.0000  2.30603e-08
      143.753      20.0000  2.81605e-08
      143.753      25.0000  4.25875e-08
      143.753      30.0000  5.88151e-08
      143.753      35.0000  7.61030e-08
      143.753      40.0000  9.38319e-08
      143.753      45.0000  1.11502e-07
      143.753      50.0000  1.28714e-07
      143.753      55.0000  1.45153e-07
      143.753      60.0000  1.60612e-07
      143.753      65.0000  1.74921e-07
      143.753      70.0000  1.87991e-07
      143.753      75.0000  1.99776e-07
      143.753      80.0000  2.10255e-07
      143.753      85.0000  2.19460e-07
      143.753      90.0000  2.27479e-07
      143.753      95.0000  2.34327e-07
      143.753      100.000  2.40037e-07
      143.753      110.000  2.48577e-07
      143.753      120.000  2.53778e-07
      143.753      130.000  2.56412e-07
      143.753      140.000  2.57146e-07
      143.753      150.000  2.56709e-07
      143.753      160.000  2.55843e-07
      143.753      170.000  2.55141e-07
      143.753      180.000  2.55504e-07
      143.753      190.000  2.57675e-07
      143.753      200.000  2.62405e-07
      143.753      210.000  2.71174e-07
      143.753      220.000  2.84768e-07
      143.753      230.000  3.05556e-07
      143.753      240.000  3.35218e-07
      143.753      250.000  3.75672e-07
      143.753      260.000  4.31956e-07
      143.753      270.000  5.04785e-07
      143.753      280.000  6.01275e-07
      143.753      290.000  7.26971e-07
      143.753      300.000  8.79534e-07
      143.753      310.000  1.08724e-06
      143.753      320.000  1.28530e-06
      143.753      330.000  1.56666e-06
      143.753      340.000  1.72670e-06
      143.753      350.000  2.04989e-06
      143.753      360.000  2.10067e-06
      143.753      365.000  2.13343e-06
      143.753      370.000  2.17254e-06
      143.753      380.000  2.21467e-06
      143.753      390.000  2.18255e-06
      143.753      400.000  2.10639e-06
      143.753      410.000  1.99925e-06
      143.753      420.000  1.90356e-06
      143.753      430.000  1.82337e-06
      143.753      440.000  1.75329e-06
      143.753      450.000  1.71362e-06
      143.753      460.000  1.70663e-06
      143.753      470.000  1.73690e-06
      143.753      480.000  1.83862e-06
      143.753      490.000  1.95604e-06
      143.753      500.000  2.16052e-06
      143.753      510.000  2.44551e-06
      143.753      520.000  2.81077e-06
      143.753      530.000  3.30212e-06
      143.753      540.000  3.94530e-06
      143.753      550.000  4.57599e-06
      143.753      560.000  5.44704e-06
      143.753      570.000  5.97448e-06
      143.753      580.000  6.84026e-06
      143.753      590.000  7.14272e-06
      143.753      600.000  7.26970e-06
      143.753      610.000  7.32189e-06
      143.753      620.000  7.12380e-06
      143.753      630.000  6.73493e-06
      143.753      640.000  6.22611e-06
      143.753      650.000  5.72055e-06
      143.753      660.000  5.21853e-06
      143.753      670.000  4.74039e-06
      143.753      680.000  4.29670e-06
      143.753      690.000  3.89220e-06
      143.753      700.000  3.52719e-06
      143.753      710.000  3.20095e-06
      143.753      720.000  2.91162e-06
      143.753      730.000  2.65679e-06
      143.753      740.000  2.43447e-06
      143.753      750.000  2.24283e-06
      143.753      760.000  2.07742e-06
      143.753      770.000  1.93918e-06
      143.753      780.000  1.82019e-06
      143.753      790.000  1.71963e-06
      143.753      800.000  1.63535e-06
      143.753      810.000  1.55395e-06
      143.753      820.000  1.46646e-06
      143.753      830.000  1.38130e-06
      143.753      840.000  1.30030e-06
      143.753      850.000  1.21545e-06
      143.753      860.000  1.12957e-06
      143.753      870.000  1.04660e-06
      143.753      880.000  9.69155e-07
      143.753      890.000  8.98070e-07
      143.753      900.000  8.33659e-07
      143.753      910.000  7.77230e-07
      143.753      920.000  7.24530e-07
      143.753      930.000  6.77612e-07
      143.753      940.000  6.35320e-07
      143.753      950.000  5.95343e-07
      143.753      960.000  5.59210e-07
      143.753      970.000  5.26771e-07
      143.753      980.000  4.96263e-07
      143.753      990.000  4.68961e-07
      143.753      1000.00  4.44341e-07
      143.753      1010.00  4.21895e-07
      143.753      1020.00  4.03781e-07
      143.753      1030.00  3.84708e-07
      143.753      1040.00  3.65113e-07
      143.753      1050.00  3.46299e-07
      143.753      1060.00  3.28485e-07
      143.753      1070.00  3.10622e-07
      143.753      1080.00  2.92935e-07
      143.753      1090.00  2.76506e-07
      143.753      1100.00  2.62363e-07
      143.753      1110.00  2.49488e-07
      143.753      1120.00  2.39517e-07
      143.753      1130.00  2.31315e-07
      143.753      1140.00  2.24715e-07
      143.753      1150.00  2.23681e-07
      143.753      1160.00  2.15405e-07
      143.753      1170.00  2.10916e-07
      143.753      1180.00  2.03328e-07
      143.753      1190.00  1.95108e-07
      143.753      1200.00  1.86600e-07
      143.753      1210.00  1.76316e-07
      143.753      1220.00  1.64974e-07
      143.753      1230.00  1.53489e-07
      143.753      1240.00  1.42381e-07
      143.753      1250.00  1.31907e-07
      143.753      1260.00  1.22188e-07
      143.753      1270.00  1.13257e-07
      143.753      1280.00  1.05099e-07
      143.753      1290.00  9.77000e-08
      143.753      1300.00  9.09768e-08
      143.753      1325.00  7.69728e-08
      143.753      1350.00  6.64117e-08
      143.753      1375.00  5.85902e-08
      143.753      1400.00  5.23222e-08
      143.753      1425.00  4.63830e-08
      143.753      1450.00  4.07441e-08
      143.753      1475.00  3.58948e-08
      143.753      1500.00  3.22478e-08
      143.753      1525.00  2.98207e-08
      143.753      1550.00  2.85100e-08
      143.753      1575.00  2.81326e-08
      143.753      1600.00  2.84470e-08
      143.753      1625.00  2.88866e-08
      143.753      1650.00  2.83685e-08
      143.753      1675.00  2.74709e-08
      143.753      1700.00  2.61461e-08
      143.753      1725.00  2.44441e-08
      143.753      1750.00  2.25279e-08
      143.753      1775.00  2.05350e-08
      143.753      1800.00  1.85687e-08
      143.753      1825.00  1.66941e-08
      143.753      1850.00  1.49386e-08
      143.753      1875.00  1.33279e-08
      143.753      1900.00  1.18668e-08
      143.753      1925.00  1.05633e-08
      143.753      1950.00  9.41672e-09
      143.753      1975.00  8.41959e-09
      143.753      2000.00  7.55919e-09
      143.753      2025.00  6.82026e-09
      143.753      2050.00  6.18744e-09
      143.753      2075.00  5.60799e-09
      143.753      2100.00  5.07362e-09
      143.753      2125.00  4.58503e-09
      143.753      2150.00  4.12967e-09
      143.753      2175.00  3.70597e-09
      143.753      2200.00  3.31568e-09
      143.753      2225.00  2.96004e-09
      143.753      2250.00  2.63919e-09
      143.753      2275.00  2.35165e-09
      143.753      2300.00  2.09570e-09
      143.753      2325.00  1.86982e-09
      143.753      2350.00  1.67195e-09
      143.753      2375.00  1.50018e-09
      143.753      2400.00  1.35253e-09

      185.664     0.100000  5.70802e-13
      185.664     0.200000  2.28278e-12
      185.664     0.300000  5.13547e-12
      185.664     0.400000  9.12835e-12
      185.664     0.500000  1.42608e-11
      185.664     0.600000  2.05329e-11
      185.664     0.700000  2.79441e-11
      185.664     0.800000  3.64945e-11
      185.664     0.900000  4.61819e-11
      185.664      1.00000  5.70079e-11
      185.664      1.10000  6.89722e-11
      185.664      1.20000  8.20741e-11
      185.664      1.30000  9.63131e-11
      185.664      1.40000  1.11688e-10
      185.664      1.50000  1.28198e-10
      185.664      1.60000  1.45847e-10
      185.664      1.70000  1.64628e-10
      185.664      2.00000  2.27785e-10
      185.664      2.50000  3.55696e-10
      185.664      3.00000  5.11833e-10
      185.664      3.50000  6.96061e-10
      185.664      4.00000  9.08251e-10
      185.664      4.50000  1.14821e-09
      185.664      5.00000  1.41582e-09
      185.664      5.50000  1.71090e-09
      185.664      6.00000  2.03324e-09
      185.664      6.50000  2.38283e-09
      185.664      7.00000  2.75946e-09
      185.664      7.50000  3.16299e-09
      185.664      8.00000  3.59335e-09
      185.664      8.50000  4.05037e-09
      185.664      9.00000  4.53395e-09
      185.664      9.50000  5.04401e-09
      185.664      10.0000  5.58020e-09
      185.664      10.5000  6.14276e-09
      185.664      11.0000  6.73098e-09
      185.664      11.5000  7.34518e-09
      185.664      12.0000  7.98499e-09
      185.664      14.0000  1.07959e-08
      185.664      16.0000  1.40003e-08
      185.664      18.0000  1.75832e-08
      185.664      20.0000  2.15257e-08
      185.664      25.0000  3.28005e-08
      185.664      30.0000  4.57431e-08
      185.664      35.0000  5.98946e-08
      185.664      40.0000  7.48171e-08
      185.664      45.0000  9.01306e-08
      185.664      50.0000  1.05510e-07
      185.664      55.0000  1.20682e-07
      185.664      60.0000  1.35424e-07
      185.664      65.0000  1.49582e-07
      185.664      70.0000  1.63014e-07
      185.664      75.0000  1.75640e-07
      185.664      80.0000  1.87406e-07
      185.664      85.0000  1.98266e-07
      185.664      90.0000  2.08227e-07
      185.664      95.0000  2.17277e-07
      185.664      100.000  2.25479e-07
      185.664      110.000  2.39414e-07
      185.664      120.000  2.50445e-07
      185.664      130.000  2.59115e-07
      185.664      140.000  2.65772e-07
      185.664      150.000  2.71232e-07
      185.664      160.000  2.76117e-07
      185.664      170.000  2.81093e-07
      185.664      180.000  2.86871e-07
      185.664      190.000  2.94264e-07
      185.664      200.000  3.04196e-07
      185.664      210.000  3.17653e-07
      185.664      220.000  3.35891e-07
      185.664      230.000  3.60075e-07
      185.664      240.000  3.91919e-07
      185.664      250.000  4.33547e-07
      185.664      260.000  4.87790e-07
      185.664      270.000  5.58667e-07
      185.664      280.000  6.43437e-07
      185.664      290.000  7.39384e-07
      185.664      300.000  8.63001e-07
      185.664      310.000  1.02781e-06
      185.664      320.000  1.17431e-06
      185.664      330.000  1.33259e-06
      185.664      340.000  1.48606e-06
      185.664      350.000  1.64797e-06
      185.664      360.000  1.75364e-06
      185.664      365.000  1.78913e-06
      185.664      370.000  1.82651e-06
      185.664      380.000  1.88082e-06
      185.664      390.000  1.89289e-06
      185.664      400.000  1.87606e-06
      185.664      410.000  1.83944e-06
      185.664      420.000  1.81046e-06
      185.664      430.000  1.78973e-06
      185.664      440.000  1.78528e-06
      185.664      450.000  1.80420e-06
      185.664      460.000  1.85443e-06
      185.664      470.000  1.95441e-06
      185.664      480.000  2.05685e-06
      185.664      490.000  2.22910e-06
      185.664      500.000  2.46153e-06
      185.664      510.000  2.76014e-06
      185.664      520.000  3.13254e-06
      185.664      530.000  3.58604e-06
      185.664      540.000  4.11537e-06
      185.664      550.000  4.73419e-06
      185.664      560.000  5.42807e-06
      185.664      570.000  5.76475e-06
      185.664      580.000  6.23334e-06
      185.664      590.000  6.62136e-06
      185.664      600.000  6.74819e-06
      185.664      610.000  6.81211e-06
      185.664      620.000  6.69780e-06
      185.664      630.000  6.43249e-06
      185.664      640.000  6.05333e-06
      185.664      650.000  5.66819e-06
      185.664      660.000  5.27015e-06
      185.664      670.000  4.87848e-06
      185.664      680.000  4.50465e-06
      185.664      690.000  4.15576e-06
      185.664      700.000  3.83525e-06
      185.664      710.000  3.54485e-06
      185.664      720.000  3.28521e-06
      185.664      730.000  3.05733e-06
      185.664      740.000  2.85630e-06
      185.664      750.000  2.67981e-06
      185.664      760.000  2.53378e-06
      185.664      770.000  2.41202e-06
      185.664      780.000  2.31100e-06
      185.664      790.000  2.22404e-06
      185.664      800.000  2.14276e-06
      185.664      810.000  2.07846e-06
      185.664      820.000  1.97942e-06
      185.664      830.000  1.89124e-06
      185.664      840.000  1.80315e-06
      185.664      850.000  1.70670e-06
      185.664      860.000  1.60445e-06
      185.664      870.000  1.50209e-06
      185.664      880.000  1.40330e-06
      185.664      890.000  1.31054e-06
      185.664      900.000  1.22541e-06
      185.664      910.000  1.14689e-06
      185.664      920.000  1.07451e-06
      185.664      930.000  1.01073e-06
      185.664      940.000  9.54887e-07
      185.664      950.000  9.05596e-07
      185.664      960.000  8.60249e-07
      185.664      970.000  8.22525e-07
      185.664      980.000  7.90919e-07
      185.664      990.000  7.64792e-07
      185.664      1000.00  7.43498e-07
      185.664      1010.00  7.25132e-07
      185.664      1020.00  7.06940e-07
      185.664      1030.00  6.93195e-07
      185.664      1040.00  6.65800e-07
      185.664      1050.00  6.41466e-07
      185.664      1060.00  6.16440e-07
      185.664      1070.00  5.87976e-07
      185.664      1080.00  5.57063e-07
      185.664      1090.00  5.25852e-07
      185.664      1100.00  4.96184e-07
      185.664      1110.00  4.67156e-07
      185.664      1120.00  4.41247e-07
      185.664      1130.00  4.17908e-07
      185.664      1140.00  3.96966e-07
      185.664      1150.00  3.77822e-07
      185.664      1160.00  3.59864e-07
      185.664      1170.00  3.43656e-07
      185.664      1180.00  3.24989e-07
      185.664      1190.00  3.07918e-07
      185.664      1200.00  2.91310e-07
      185.664      1210.00  2.74328e-07
      185.664      1220.00  2.57220e-07
      185.664      1230.00  2.40514e-07
      185.664      1240.00  2.24582e-07
      185.664      1250.00  2.09588e-07
      185.664      1260.00  1.95615e-07
      185.664      1270.00  1.82701e-07
      185.664      1280.00  1.70792e-07
      185.664      1290.00  1.59901e-07
      185.664      1300.00  1.49940e-07
      185.664      1325.00  1.28847e-07
      185.664      1350.00  1.12682e-07
      185.664      1375.00  1.00253e-07
      185.664      1400.00  8.96825e-08
      185.664      1425.00  7.98896e-08
      185.664      1450.00  7.05362e-08
      185.664      1475.00  6.22179e-08
      185.664      1500.00  5.55090e-08
      185.664      1525.00  5.04189e-08
      185.664      1550.00  4.70235e-08
      185.664      1575.00  4.48272e-08
      185.664      1600.00  4.33628e-08
      185.664      1625.00  4.23818e-08
      185.664      1650.00  4.04414e-08
      185.664      1675.00  3.80896e-08
      185.664      1700.00  3.54629e-08
      185.664      1725.00  3.27274e-08
      185.664      1750.00  3.00018e-08
      185.664      1775.00  2.73716e-08
      185.664      1800.00  2.48848e-08
      185.664      1825.00  2.25751e-08
      185.664      1850.00  2.04277e-08
      185.664      1875.00  1.84419e-08
      185.664      1900.00  1.66188e-08
      185.664      1925.00  1.49774e-08
      185.664      1950.00  1.35296e-08
      185.664      1975.00  1.22681e-08
      185.664      2000.00  1.11846e-08
      185.664      2025.00  1.02406e-08
      185.664      2050.00  9.41351e-09
      185.664      2075.00  8.65983e-09
      185.664      2100.00  7.94247e-09
      185.664      2125.00  7.27131e-09
      185.664      2150.00  6.63530e-09
      185.664      2175.00  6.03291e-09
      185.664      2200.00  5.46944e-09
      185.664      2225.00  4.94761e-09
      185.664      2250.00  4.47095e-09
      185.664      2275.00  4.03933e-09
      185.664      2300.00  3.65297e-09
      185.664      2325.00  3.31218e-09
      185.664      2350.00  3.01452e-09
      185.664      2375.00  2.75684e-09
      185.664      2400.00  2.54120e-09

      239.794     0.100000  4.32088e-13
      239.794     0.200000  1.72807e-12
      239.794     0.300000  3.88754e-12
      239.794     0.400000  6.91004e-12
      239.794     0.500000  1.07950e-11
      239.794     0.600000  1.55423e-11
      239.794     0.700000  2.11515e-11
      239.794     0.800000  2.76221e-11
      239.794     0.900000  3.49535e-11
      239.794      1.00000  4.31454e-11
      239.794      1.10000  5.21973e-11
      239.794      1.20000  6.21081e-11
      239.794      1.30000  7.28801e-11
      239.794      1.40000  8.45123e-11
      239.794      1.50000  9.69992e-11
      239.794      1.60000  1.10347e-10
      239.794      1.70000  1.24551e-10
      239.794      2.00000  1.72309e-10
      239.794      2.50000  2.69029e-10
      239.794      3.00000  3.87110e-10
      239.794      3.50000  5.26507e-10
      239.794      4.00000  6.87182e-10
      239.794      4.50000  8.69069e-10
      239.794      5.00000  1.07211e-09
      239.794      5.50000  1.29625e-09
      239.794      6.00000  1.54141e-09
      239.794      6.50000  1.80751e-09
      239.794      7.00000  2.09447e-09
      239.794      7.50000  2.40224e-09
      239.794      8.00000  2.73066e-09
      239.794      8.50000  3.07968e-09
      239.794      9.00000  3.44915e-09
      239.794      9.50000  3.83903e-09
      239.794      10.0000  4.24925e-09
      239.794      10.5000  4.67952e-09
      239.794      11.0000  5.12987e-09
      239.794      11.5000  5.60029e-09
      239.794      12.0000  6.09062e-09
      239.794      14.0000  8.24865e-09
      239.794      16.0000  1.07162e-08
      239.794      18.0000  1.34851e-08
      239.794      20.0000  1.65444e-08
      239.794      25.0000  2.53740e-08
      239.794      30.0000  3.56797e-08
      239.794      35.0000  4.71682e-08
      239.794      40.0000  5.95429e-08
      239.794      45.0000  7.25343e-08
      239.794      50.0000  8.58980e-08
      239.794      55.0000  9.94187e-08
      239.794      60.0000  1.12917e-07
      239.794      65.0000  1.26253e-07
      239.794      70.0000  1.39277e-07
      239.794      75.0000  1.51913e-07
      239.794      80.0000  1.64081e-07
      239.794      85.0000  1.75708e-07
      239.794      90.0000  1.86758e-07
      239.794      95.0000  1.97233e-07
      239.794      100.000  2.07086e-07
      239.794      110.000  2.25035e-07
      239.794      120.000  2.40729e-07
      239.794      130.000  2.54456e-07
      239.794      140.000  2.66631e-07
      239.794      150.000  2.77642e-07
      239.794      160.000  2.87935e-07
      239.794      170.000  2.98257e-07
      239.794      180.000  3.09161e-07
      239.794      190.000  3.21477e-07
      239.794      200.000  3.35014e-07
      239.794      210.000  3.52020e-07
      239.794      220.000  3.72617e-07
      239.794      230.000  3.97431e-07
      239.794      240.000  4.28964e-07
      239.794      250.000  4.68315e-07
      239.794      260.000  5.15410e-07
      239.794      270.000  5.71160e-07
      239.794      280.000  6.40779e-07
      239.794      290.000  7.22937e-07
      239.794      300.000  8.23214e-07
      239.794      310.000  9.25566e-07
      239.794      320.000  1.03569e-06
      239.794      330.000  1.14760e-06
      239.794      340.000  1.25294e-06
      239.794      350.000  1.36142e-06
      239.794      360.000  1.45197e-06
      239.794      365.000  1.48834e-06
      239.794      370.000  1.52409e-06
      239.794      380.000  1.58752e-06
      239.794      390.000  1.63113e-06
      239.794      400.000  1.65734e-06
      239.794      410.000  1.67531e-06
      239.794      420.000  1.69799e-06
      239.794      430.000  1.73100e-06
      239.794      440.000  1.77866e-06
      239.794      450.000  1.85653e-06
      239.794      460.000  1.93323e-06
      239.794      470.000  2.05641e-06
      239.794      480.000  2.21129e-06
      239.794      490.000  2.39984e-06
      239.794      500.000  2.64246e-06
      239.794      510.000  2.94063e-06
      239.794      520.000  3.28905e-06
      239.794      530.000  3.66033e-06
      239.794      540.000  4.08477e-06
      239.794      550.000  4.53479e-06
      239.794      560.000  4.99573e-06
      239.794      570.000  5.54465e-06
      239.794      580.000  5.78325e-06
      239.794      590.000  6.00096e-06
      239.794      600.000  6.13458e-06
      239.794      610.000  6.21013e-06
      239.794      620.000  6.16455e-06
      239.794      630.000  6.00304e-06
      239.794      640.000  5.74915e-06
      239.794      650.000  5.47940e-06
      239.794      660.000  5.18805e-06
      239.794      670.000  4.89334e-06
      239.794      680.000  4.60442e-06
      239.794      690.000  4.32844e-06
      239.794      700.000  4.07157e-06
      239.794      710.000  3.83604e-06
      239.794      720.000  3.62314e-06
      239.794      730.000  3.43207e-06
      239.794      740.000  3.26825e-06
      239.794      750.000  3.12862e-06
      239.794      760.000  3.01765e-06
      239.794      770.000  2.90766e-06
      239.794      780.000  2.83333e-06
      239.794      790.000  2.75897e-06
      239.794      800.000  2.66458e-06
      239.794      810.000  2.61401e-06
      239.794      820.000  2.52220e-06
      239.794      830.000  2.43722e-06
      239.794      840.000  2.34999e-06
      239.794      850.000  2.25276e-06
      239.794      860.000  2.14652e-06
      239.794      870.000  2.03733e-06
      239.794      880.000  1.92863e-06
      239.794      890.000  1.82601e-06
      239.794      900.000  1.73002e-06
      239.794      910.000  1.64218e-06
      239.794      920.000  1.56402e-06
      239.794      930.000  1.49556e-06
      239.794      940.000  1.43571e-06
      239.794      950.000  1.38421e-06
      239.794      960.000  1.34491e-06
      239.794      970.000  1.31513e-06
      239.794      980.000  1.29241e-06
      239.794      990.000  1.27671e-06
      239.794      1000.00  1.27292e-06
      239.794      1010.00  1.26485e-06
      239.794      1020.00  1.23973e-06
      239.794      1030.00  1.23881e-06
      239.794      1040.00  1.20833e-06
      239.794      1050.00  1.17957e-06
      239.794      1060.00  1.14686e-06
      239.794      1070.00  1.10541e-06
      239.794      1080.00  1.05593e-06
      239.794      1090.00  1.00223e-06
      239.794      1100.00  9.47521e-07
      239.794      1110.00  8.93907e-07
      239.794      1120.00  8.43609e-07
      239.794      1130.00  7.93216e-07
      239.794      1140.00  7.47571e-07
      239.794      1150.00  7.04330e-07
      239.794      1160.00  6.62343e-07
      239.794      1170.00  6.24837e-07
      239.794      1180.00  5.87511e-07
      239.794      1190.00  5.52779e-07
      239.794      1200.00  5.19994e-07
      239.794      1210.00  4.88526e-07
      239.794      1220.00  4.58290e-07
      239.794      1230.00  4.29583e-07
      239.794      1240.00  4.02554e-07
      239.794      1250.00  3.77266e-07
      239.794      1260.00  3.53707e-07
      239.794      1270.00  3.31867e-07
      239.794      1280.00  3.11643e-07
      239.794      1290.00  2.92960e-07
      239.794      1300.00  2.75783e-07
      239.794      1325.00  2.38789e-07
      239.794      1350.00  2.09202e-07
      239.794      1375.00  1.86725e-07
      239.794      1400.00  1.64805e-07
      239.794      1425.00  1.46473e-07
      239.794      1450.00  1.29678e-07
      239.794      1475.00  1.14709e-07
      239.794      1500.00  1.02205e-07
      239.794      1525.00  9.21262e-08
      239.794      1550.00  8.44861e-08
      239.794      1575.00  7.89005e-08
      239.794      1600.00  7.46972e-08
      239.794      1625.00  7.04080e-08
      239.794      1650.00  6.57687e-08
      239.794      1675.00  6.06712e-08
      239.794      1700.00  5.54427e-08
      239.794      1725.00  5.04560e-08
      239.794      1750.00  4.58549e-08
      239.794      1775.00  4.16853e-08
      239.794      1800.00  3.79520e-08
      239.794      1825.00  3.45978e-08
      239.794      1850.00  3.15080e-08
      239.794      1875.00  2.86580e-08
      239.794      1900.00  2.60080e-08
      239.794      1925.00  2.35945e-08
      239.794      1950.00  2.14493e-08
      239.794      1975.00  1.95893e-08
      239.794      2000.00  1.79827e-08
      239.794      2025.00  1.65982e-08
      239.794      2050.00  1.53714e-08
      239.794      2075.00  1.42084e-08
      239.794      2100.00  1.31159e-08
      239.794      2125.00  1.20790e-08
      239.794      2150.00  1.10939e-08
      239.794      2175.00  1.01673e-08
      239.794      2200.00  9.30572e-09
      239.794      2225.00  8.51276e-09
      239.794      2250.00  7.79025e-09
      239.794      2275.00  7.13926e-09
      239.794      2300.00  6.56135e-09
      239.794      2325.00  6.05521e-09
      239.794      2350.00  5.61949e-09
      239.794      2375.00  5.24672e-09
      239.794      2400.00  4.92995e-09

      309.705     0.100000  3.26939e-13
      309.705     0.200000  1.30761e-12
      309.705     0.300000  2.94171e-12
      309.705     0.400000  5.22908e-12
      309.705     0.500000  8.16949e-12
      309.705     0.600000  1.17626e-11
      309.705     0.700000  1.60081e-11
      309.705     0.800000  2.09064e-11
      309.705     0.900000  2.64565e-11
      309.705      1.00000  3.26586e-11
      309.705      1.10000  3.95128e-11
      309.705      1.20000  4.70175e-11
      309.705      1.30000  5.51747e-11
      309.705      1.40000  6.39824e-11
      309.705      1.50000  7.34412e-11
      309.705      1.60000  8.35513e-11
      309.705      1.70000  9.43104e-11
      309.705      2.00000  1.30492e-10
      309.705      2.50000  2.03787e-10
      309.705      3.00000  2.93306e-10
      309.705      3.50000  3.99023e-10
      309.705      4.00000  5.20885e-10
      309.705      4.50000  6.58895e-10
      309.705      5.00000  8.12992e-10
      309.705      5.50000  9.83132e-10
      309.705      6.00000  1.16927e-09
      309.705      6.50000  1.37138e-09
      309.705      7.00000  1.58940e-09
      309.705      7.50000  1.82329e-09
      309.705      8.00000  2.07302e-09
      309.705      8.50000  2.33847e-09
      309.705      9.00000  2.61967e-09
      309.705      9.50000  2.91647e-09
      309.705      10.0000  3.22896e-09
      309.705      10.5000  3.55701e-09
      309.705      11.0000  3.90057e-09
      309.705      11.5000  4.25962e-09
      309.705      12.0000  4.63417e-09
      309.705      14.0000  6.28544e-09
      309.705      16.0000  8.17850e-09
      309.705      18.0000  1.03089e-08
      309.705      20.0000  1.26696e-08
      309.705      25.0000  1.95293e-08
      309.705      30.0000  2.76365e-08
      309.705      35.0000  3.68153e-08
      309.705      40.0000  4.68767e-08
      309.705      45.0000  5.76406e-08
      309.705      50.0000  6.89406e-08
      309.705      55.0000  8.06163e-08
      309.705      60.0000  9.25307e-08
      309.705      65.0000  1.04559e-07
      309.705      70.0000  1.16600e-07
      309.705      75.0000  1.28562e-07
      309.705      80.0000  1.40358e-07
      309.705      85.0000  1.51937e-07
      309.705      90.0000  1.63249e-07
      309.705      95.0000  1.74234e-07
      309.705      100.000  1.84881e-07
      309.705      110.000  2.05129e-07
      309.705      120.000  2.23912e-07
      309.705      130.000  2.41359e-07
      309.705      140.000  2.57692e-07
      309.705      150.000  2.73005e-07
      309.705      160.000  2.87839e-07
      309.705      170.000  3.02452e-07
      309.705      180.000  3.17509e-07
      309.705      190.000  3.33073e-07
      309.705      200.000  3.50346e-07
      309.705      210.000  3.69119e-07
      309.705      220.000  3.90992e-07
      309.705      230.000  4.16705e-07
      309.705      240.000  4.45010e-07
      309.705      250.000  4.79219e-07
      309.705      260.000  5.18564e-07
      309.705      270.000  5.66183e-07
      309.705      280.000  6.17483e-07
      309.705      290.000  6.81043e-07
      309.705      300.000  7.45005e-07
      309.705      310.000  8.23533e-07
      309.705      320.000  9.18958e-07
      309.705      330.000  9.84424e-07
      309.705      340.000  1.06387e-06
      309.705      350.000  1.17545e-06
      309.705      360.000  1.21923e-06
      309.705      365.000  1.25319e-06
      309.705      370.000  1.28727e-06
      309.705      380.000  1.35426e-06
      309.705      390.000  1.41321e-06
      309.705      400.000  1.46661e-06
      309.705      410.000  1.51618e-06
      309.705      420.000  1.57394e-06
      309.705      430.000  1.64160e-06
      309.705      440.000  1.71879e-06
      309.705      450.000  1.81570e-06
      309.705      460.000  1.92602e-06
      309.705      470.000  2.06556e-06
      309.705      480.000  2.23830e-06
      309.705      490.000  2.41808e-06
      309.705      500.000  2.64313e-06
      309.705      510.000  2.89261e-06
      309.705      520.000  3.19028e-06
      309.705      530.000  3.50242e-06
      309.705      540.000  3.83296e-06
      309.705      550.000  4.17473e-06
      309.705      560.000  4.52068e-06
      309.705      570.000  4.81889e-06
      309.705      580.000  5.05029e-06
      309.705      590.000  5.26100e-06
      309.705      600.000  5.38966e-06
      309.705      610.000  5.47461e-06
      309.705      620.000  5.48145e-06
      309.705      630.000  5.40366e-06
      309.705      640.000  5.24540e-06
      309.705      650.000  5.08396e-06
      309.705      660.000  4.90088e-06
      309.705      670.000  4.70671e-06
      309.705      680.000  4.51187e-06
      309.705      690.000  4.32304e-06
      309.705      700.000  4.13974e-06
      309.705      710.000  3.97144e-06
      309.705      720.000  3.81705e-06
      309.705      730.000  3.68240e-06
      309.705      740.000  3.55925e-06
      309.705      750.000  3.46044e-06
      309.705      760.000  3.36708e-06
      309.705      770.000  3.30104e-06
      309.705      780.000  3.27165e-06
      309.705      790.000  3.17480e-06
      309.705      800.000  3.13110e-06
      309.705      810.000  3.05768e-06
      309.705      820.000  2.98019e-06
      309.705      830.000  2.90713e-06
      309.705      840.000  2.83385e-06
      309.705      850.000  2.75139e-06
      309.705      860.000  2.66026e-06
      309.705      870.000  2.56461e-06
      309.705      880.000  2.47051e-06
      309.705      890.000  2.37976e-06
      309.705      900.000  2.29688e-06
      309.705      910.000  2.22573e-06
      309.705      920.000  2.15647e-06
      309.705      930.000  2.10312e-06
      309.705      940.000  2.05876e-06
      309.705      950.000  2.02931e-06
      309.705      960.000  2.00636e-06
      309.705      970.000  2.00154e-06
      309.705      980.000  1.99507e-06
      309.705      990.000  2.00967e-06
      309.705      1000.00  2.07828e-06
      309.705      1010.00  2.02447e-06
      309.705      1020.00  2.04155e-06
      309.705      1030.00  2.02275e-06
      309.705      1040.00  1.99289e-06
      309.705      1050.00  1.96323e-06
      309.705      1060.00  1.92705e-06
      309.705      1070.00  1.87667e-06
      309.705      1080.00  1.81187e-06
      309.705      1090.00  1.73769e-06
      309.705      1100.00  1.65857e-06
      309.705      1110.00  1.57829e-06
      309.705      1120.00  1.49845e-06
      309.705      1130.00  1.42124e-06
      309.705      1140.00  1.34768e-06
      309.705      1150.00  1.27554e-06
      309.705      1160.00  1.20905e-06
      309.705      1170.00  1.14484e-06
      309.705      1180.00  1.08490e-06
      309.705      1190.00  1.02849e-06
      309.705      1200.00  9.76461e-07
      309.705      1210.00  9.26075e-07
      309.705      1220.00  8.79678e-07
      309.705      1230.00  8.37407e-07
      309.705      1240.00  7.92335e-07
      309.705      1250.00  7.50809e-07
      309.705      1260.00  7.11883e-07
      309.705      1270.00  6.75111e-07
      309.705      1280.00  6.39884e-07
      309.705      1290.00  6.05975e-07
      309.705      1300.00  5.73638e-07
      309.705      1325.00  5.00145e-07
      309.705      1350.00  4.37601e-07
      309.705      1375.00  3.84611e-07
      309.705      1400.00  3.38719e-07
      309.705      1425.00  2.99014e-07
      309.705      1450.00  2.63937e-07
      309.705      1475.00  2.33331e-07
      309.705      1500.00  2.07455e-07
      309.705      1525.00  1.85930e-07
      309.705      1550.00  1.68329e-07
      309.705      1575.00  1.54403e-07
      309.705      1600.00  1.42247e-07
      309.705      1625.00  1.31327e-07
      309.705      1650.00  1.20607e-07
      309.705      1675.00  1.09896e-07
      309.705      1700.00  9.95057e-08
      309.705      1725.00  8.99685e-08
      309.705      1750.00  8.14512e-08
      309.705      1775.00  7.39595e-08
      309.705      1800.00  6.74451e-08
      309.705      1825.00  6.16264e-08
      309.705      1850.00  5.62872e-08
      309.705      1875.00  5.13502e-08
      309.705      1900.00  4.67357e-08
      309.705      1925.00  4.24562e-08
      309.705      1950.00  3.86551e-08
      309.705      1975.00  3.53588e-08
      309.705      2000.00  3.24899e-08
      309.705      2025.00  3.00033e-08
      309.705      2050.00  2.78284e-08
      309.705      2075.00  2.57494e-08
      309.705      2100.00  2.37968e-08
      309.705      2125.00  2.19187e-08
      309.705      2150.00  2.01441e-08
      309.705      2175.00  1.85049e-08
      309.705      2200.00  1.70143e-08
      309.705      2225.00  1.56714e-08
      309.705      2250.00  1.44780e-08
      309.705      2275.00  1.34049e-08
      309.705      2300.00  1.24533e-08
      309.705      2325.00  1.16235e-08
      309.705      2350.00  1.08950e-08
      309.705      2375.00  1.02689e-08
      309.705      2400.00  9.74577e-09

      400.000     0.100000  2.47896e-13
      400.000     0.200000  9.91507e-13
      400.000     0.300000  2.23070e-12
      400.000     0.400000  3.96526e-12
      400.000     0.500000  6.19528e-12
      400.000     0.600000  8.92039e-12
      400.000     0.700000  1.21405e-11
      400.000     0.800000  1.58556e-11
      400.000     0.900000  2.00654e-11
      400.000      1.00000  2.47701e-11
      400.000      1.10000  2.99692e-11
      400.000      1.20000  3.56631e-11
      400.000      1.30000  4.18514e-11
      400.000      1.40000  4.85333e-11
      400.000      1.50000  5.57097e-11
      400.000      1.60000  6.33791e-11
      400.000      1.70000  7.15429e-11
      400.000      2.00000  9.89953e-11
      400.000      2.50000  1.54614e-10
      400.000      3.00000  2.22550e-10
      400.000      3.50000  3.02784e-10
      400.000      4.00000  3.95298e-10
      400.000      4.50000  5.00080e-10
      400.000      5.00000  6.17104e-10
      400.000      5.50000  7.46347e-10
      400.000      6.00000  8.87811e-10
      400.000      6.50000  1.04146e-09
      400.000      7.00000  1.20726e-09
      400.000      7.50000  1.38521e-09
      400.000      8.00000  1.57533e-09
      400.000      8.50000  1.77747e-09
      400.000      9.00000  1.99177e-09
      400.000      9.50000  2.21809e-09
      400.000      10.0000  2.45640e-09
      400.000      10.5000  2.70667e-09
      400.000      11.0000  2.96900e-09
      400.000      11.5000  3.24323e-09
      400.000      12.0000  3.52944e-09
      400.000      14.0000  4.79251e-09
      400.000      16.0000  6.24350e-09
      400.000      18.0000  7.88000e-09
      400.000      20.0000  9.69785e-09
      400.000      25.0000  1.50103e-08
      400.000      30.0000  2.13504e-08
      400.000      35.0000  2.86170e-08
      400.000      40.0000  3.66984e-08
      400.000      45.0000  4.54822e-08
      400.000      50.0000  5.48471e-08
      400.000      55.0000  6.46874e-08
      400.000      60.0000  7.48974e-08
      400.000      65.0000  8.53959e-08
      400.000      70.0000  9.60954e-08
      400.000      75.0000  1.06928e-07
      400.000      80.0000  1.17817e-07
      400.000      85.0000  1.28720e-07
      400.000      90.0000  1.39602e-07
      400.000      95.0000  1.50365e-07
      400.000      100.000  1.61028e-07
      400.000      110.000  1.81905e-07
      400.000      120.000  2.02135e-07
      400.000      130.000  2.21647e-07
      400.000      140.000  2.40520e-07
      400.000      150.000  2.58852e-07
      400.000      160.000  2.76816e-07
      400.000      170.000  2.94743e-07
      400.000      180.000  3.12763e-07
      400.000      190.000  3.31415e-07
      400.000      200.000  3.50810e-07
      400.000      210.000  3.71521e-07
      400.000      220.000  3.94095e-07
      400.000      230.000  4.18601e-07
      400.000      240.000  4.46457e-07
      400.000      250.000  4.76734e-07
      400.000      260.000  5.11485e-07
      400.000      270.000  5.49581e-07
      400.000      280.000  5.91532e-07
      400.000      290.000  6.41100e-07
      400.000      300.000  6.91571e-07
      400.000      310.000  7.50993e-07
      400.000      320.000  8.08702e-07
      400.000      330.000  8.70256e-07
      400.000      340.000  9.39692e-07
      400.000      350.000  9.98526e-07
      400.000      360.000  1.05941e-06
      400.000      365.000  1.09055e-06
      400.000      370.000  1.12278e-06
      400.000      380.000  1.18883e-06
      400.000      390.000  1.25387e-06
      400.000      400.000  1.31850e-06
      400.000      410.000  1.38320e-06
      400.000      420.000  1.45757e-06
      400.000      430.000  1.53688e-06
      400.000      440.000  1.62562e-06
      400.000      450.000  1.73003e-06
      400.000      460.000  1.84430e-06
      400.000      470.000  1.97798e-06
      400.000      480.000  2.12746e-06
      400.000      490.000  2.29092e-06
      400.000      500.000  2.48663e-06
      400.000      510.000  2.68827e-06
      400.000      520.000  2.92990e-06
      400.000      530.000  3.16135e-06
      400.000      540.000  3.41239e-06
      400.000      550.000  3.71920e-06
      400.000      560.000  3.90063e-06
      400.000      570.000  4.10950e-06
      400.000      580.000  4.30862e-06
      400.000      590.000  4.45072e-06
      400.000      600.000  4.56390e-06
      400.000      610.000  4.65506e-06
      400.000      620.000  4.69838e-06
      400.000      630.000  4.68791e-06
      400.000      640.000  4.61924e-06
      400.000      650.000  4.54696e-06
      400.000      660.000  4.45407e-06
      400.000      670.000  4.34959e-06
      400.000      680.000  4.24092e-06
      400.000      690.000  4.13050e-06
      400.000      700.000  4.02586e-06
      400.000      710.000  3.92472e-06
      400.000      720.000  3.83519e-06
      400.000      730.000  3.75245e-06
      400.000      740.000  3.67807e-06
      400.000      750.000  3.62268e-06
      400.000      760.000  3.56733e-06
      400.000      770.000  3.52868e-06
      400.000      780.000  3.48838e-06
      400.000      790.000  3.43136e-06
      400.000      800.000  3.42332e-06
      400.000      810.000  3.36577e-06
      400.000      820.000  3.31333e-06
      400.000      830.000  3.26652e-06
      400.000      840.000  3.21997e-06
      400.000      850.000  3.16832e-06
      400.000      860.000  3.10954e-06
      400.000      870.000  3.04831e-06
      400.000      880.000  2.98660e-06
      400.000      890.000  2.92813e-06
      400.000      900.000  2.87848e-06
      400.000      910.000  2.83441e-06
      400.000      920.000  2.80376e-06
      400.000      930.000  2.77913e-06
      400.000      940.000  2.77162e-06
      400.000      950.000  2.76852e-06
      400.000      960.000  2.77506e-06
      400.000      970.000  2.80398e-06
      400.000      980.000  2.82586e-06
      400.000      990.000  2.86429e-06
      400.000      1000.00  2.89450e-06
      400.000      1010.00  2.89068e-06
      400.000      1020.00  2.95015e-06
      400.000      1030.00  2.92845e-06
      400.000      1040.00  2.90442e-06
      400.000      1050.00  2.88061e-06
      400.000      1060.00  2.84880e-06
      400.000      1070.00  2.79903e-06
      400.000      1080.00  2.73066e-06
      400.000      1090.00  2.64728e-06
      400.000      1100.00  2.55426e-06
      400.000      1110.00  2.45686e-06
      400.000      1120.00  2.35716e-06
      400.000      1130.00  2.25846e-06
      400.000      1140.00  2.16115e-06
      400.000      1150.00  2.06629e-06
      400.000      1160.00  1.97682e-06
      400.000      1170.00  1.88964e-06
      400.000      1180.00  1.80821e-06
      400.000      1190.00  1.72983e-06
      400.000      1200.00  1.65750e-06
      400.000      1210.00  1.58666e-06
      400.000      1220.00  1.51698e-06
      400.000      1230.00  1.45669e-06
      400.000      1240.00  1.39156e-06
      400.000      1250.00  1.32957e-06
      400.000      1260.00  1.27108e-06
      400.000      1270.00  1.21507e-06
      400.000      1280.00  1.16057e-06
      400.000      1290.00  1.10713e-06
      400.000      1300.00  1.05501e-06
      400.000      1325.00  9.32628e-07
      400.000      1350.00  8.23684e-07
      400.000      1375.00  7.27898e-07
      400.000      1400.00  6.43970e-07
      400.000      1425.00  5.70550e-07
      400.000      1450.00  5.06260e-07
      400.000      1475.00  4.49961e-07
      400.000      1500.00  4.01442e-07
      400.000      1525.00  3.59970e-07
      400.000      1550.00  3.24980e-07
      400.000      1575.00  2.95724e-07
      400.000      1600.00  2.69737e-07
      400.000      1625.00  2.45410e-07
      400.000      1650.00  2.23688e-07
      400.000      1675.00  2.03212e-07
      400.000      1700.00  1.83989e-07
      400.000      1725.00  1.66560e-07
      400.000      1750.00  1.51050e-07
      400.000      1775.00  1.37400e-07
      400.000      1800.00  1.25390e-07
      400.000      1825.00  1.14628e-07
      400.000      1850.00  1.04865e-07
      400.000      1875.00  9.58939e-08
      400.000      1900.00  8.75531e-08
      400.000      1925.00  7.98767e-08
      400.000      1950.00  7.30072e-08
      400.000      1975.00  6.69517e-08
      400.000      2000.00  6.16637e-08
      400.000      2025.00  5.70441e-08
      400.000      2050.00  5.29443e-08
      400.000      2075.00  4.89351e-08
      400.000      2100.00  4.52812e-08
      400.000      2125.00  4.17695e-08
      400.000      2150.00  3.84545e-08
      400.000      2175.00  3.54130e-08
      400.000      2200.00  3.26689e-08
      400.000      2225.00  3.02212e-08
      400.000      2250.00  2.80444e-08
      400.000      2275.00  2.61023e-08
      400.000      2300.00  2.43615e-08
      400.000      2325.00  2.28132e-08
      400.000      2350.00  2.14275e-08
      400.000      2375.00  2.02042e-08
      400.000      2400.00  1.91276e-08

