      40.0000     0.100000  2.71416e-19
      40.0000     0.200000  1.08779e-18
      40.0000     0.300000  2.45146e-18
      40.0000     0.400000  4.36392e-18
      40.0000     0.500000  6.82580e-18
      40.0000     0.600000  9.83699e-18
      40.0000     0.700000  1.33977e-17
      40.0000     0.800000  1.75070e-17
      40.0000     0.900000  2.21646e-17
      40.0000      1.00000  2.73690e-17
      40.0000      1.10000  3.31207e-17
      40.0000      1.20000  3.94183e-17
      40.0000      1.30000  4.62612e-17
      40.0000      1.40000  5.36503e-17
      40.0000      1.50000  6.15851e-17
      40.0000      1.60000  7.00638e-17
      40.0000      1.70000  7.90876e-17
      40.0000      2.00000  1.09442e-16
      40.0000      2.50000  1.71023e-16
      40.0000      3.00000  2.46506e-16
      40.0000      3.50000  3.49464e-16
      40.0000      4.00000  4.65642e-16
      40.0000      4.50000  5.96448e-16
      40.0000      5.00000  7.43971e-16
      40.0000      5.50000  9.11045e-16
      40.0000      6.00000  1.10243e-15
      40.0000      6.50000  1.32611e-15
      40.0000      7.00000  1.59279e-15
      40.0000      7.50000  1.91073e-15
      40.0000      8.00000  2.27558e-15
      40.0000      8.50000  2.66668e-15
      40.0000      9.00000  3.06216e-15
      40.0000      9.50000  3.45392e-15
      40.0000      10.0000  3.84633e-15
      40.0000      10.5000  4.24759e-15
      40.0000      11.0000  4.66477e-15
      40.0000      11.5000  5.10255e-15
      40.0000      12.0000  5.56404e-15
      40.0000      14.0000  8.17211e-15
      40.0000      16.0000  1.14923e-14
      40.0000      18.0000  1.69240e-14
      40.0000      20.0000  2.15261e-14
      40.0000      25.0000  3.86274e-14
      40.0000      30.0000  6.75607e-14
      40.0000      35.0000  1.11276e-13
      40.0000      40.0000  1.67877e-13
      40.0000      45.0000  2.72272e-13
      40.0000      50.0000  3.83952e-13
      40.0000      55.0000  5.91632e-13
      40.0000      60.0000  7.87921e-13
      40.0000      65.0000  1.17872e-12
      40.0000      70.0000  1.53447e-12
      40.0000      75.0000  2.22682e-12
      40.0000      80.0000  2.90983e-12
      40.0000      85.0000  4.07369e-12
      40.0000      90.0000  5.47118e-12
      40.0000      95.0000  7.30139e-12
      40.0000      100.000  1.02508e-11
      40.0000      110.000  1.87930e-11
      40.0000      120.000  3.33271e-11
      40.0000      130.000  5.77432e-11
      40.0000      140.000  9.90244e-11
      40.0000      150.000  1.69282e-10
      40.0000      160.000  2.94250e-10
      40.0000      170.000  5.13602e-10
      40.0000      180.000  8.85829e-10
      40.0000      190.000  1.53204e-09
      40.0000      200.000  2.68330e-09
      40.0000      210.000  4.80200e-09
      40.0000      220.000  8.73025e-09
      40.0000      230.000  1.57227e-08
      40.0000      240.000  2.77535e-08
      40.0000      250.000  4.85259e-08
      40.0000      260.000  8.49839e-08
      40.0000      270.000  1.49316e-07
      40.0000      280.000  2.71518e-07
      40.0000      290.000  5.04581e-07
      40.0000      300.000  9.17402e-07
      40.0000      310.000  1.65931e-06
      40.0000      320.000  2.94092e-06
      40.0000      330.000  4.88008e-06
      40.0000      340.000  7.51401e-06
      40.0000      350.000  1.09757e-05
      40.0000      360.000  1.54875e-05
      40.0000      365.000  1.43766e-05
      40.0000      370.000  1.48711e-05
      40.0000      380.000  1.47021e-05
      40.0000      390.000  1.28095e-05
      40.0000      400.000  1.08227e-05
      40.0000      410.000  8.72917e-06
      40.0000      420.000  7.28046e-06
      40.0000      430.000  6.08495e-06
      40.0000      440.000  5.11184e-06
      40.0000      450.000  4.32130e-06
      40.0000      460.000  3.67851e-06
      40.0000      470.000  3.15248e-06
      40.0000      480.000  2.71940e-06
      40.0000      490.000  2.36054e-06
      40.0000      500.000  2.06073e-06
      40.0000      510.000  1.80836e-06
      40.0000      520.000  1.59485e-06
      40.0000      530.000  1.44973e-06
      40.0000      540.000  1.28944e-06
      40.0000      550.000  1.15134e-06
      40.0000      560.000  1.03164e-06
      40.0000      570.000  9.27336e-07
      40.0000      580.000  8.36123e-07
      40.0000      590.000  7.56040e-07
      40.0000      600.000  6.85610e-07
      40.0000      610.000  6.23475e-07
      40.0000      620.000  5.68766e-07
      40.0000      630.000  5.21039e-07
      40.0000      640.000  4.68965e-07
      40.0000      650.000  4.36590e-07
      40.0000      660.000  4.14141e-07
      40.0000      670.000  4.04608e-07
      40.0000      680.000  4.11651e-07
      40.0000      690.000  4.35044e-07
      40.0000      700.000  4.81275e-07
      40.0000      710.000  5.27550e-07
      40.0000      720.000  5.17987e-07
      40.0000      730.000  5.08415e-07
      40.0000      740.000  4.60104e-07
      40.0000      750.000  4.04267e-07
      40.0000      760.000  3.51098e-07
      40.0000      770.000  3.04685e-07
      40.0000      780.000  2.65657e-07
      40.0000      790.000  2.33240e-07
      40.0000      800.000  2.06230e-07
      40.0000      810.000  1.83635e-07
      40.0000      820.000  1.64533e-07
      40.0000      830.000  1.48263e-07
      40.0000      840.000  1.34289e-07
      40.0000      850.000  1.22171e-07
      40.0000      860.000  1.11573e-07
      40.0000      870.000  1.02248e-07
      40.0000      880.000  9.39648e-08
      40.0000      890.000  8.65845e-08
      40.0000      900.000  7.99583e-08
      40.0000      910.000  7.40063e-08
      40.0000      920.000  6.86227e-08
      40.0000      930.000  6.37382e-08
      40.0000      940.000  5.92675e-08
      40.0000      950.000  5.51889e-08
      40.0000      960.000  5.14525e-08
      40.0000      970.000  4.80266e-08
      40.0000      980.000  4.48882e-08
      40.0000      990.000  4.19912e-08
      40.0000      1000.00  3.93154e-08
      40.0000      1010.00  3.68420e-08
      40.0000      1020.00  3.45601e-08
      40.0000      1030.00  3.24581e-08
      40.0000      1040.00  3.05366e-08
      40.0000      1050.00  2.87824e-08
      40.0000      1060.00  2.72040e-08
      40.0000      1070.00  2.58196e-08
      40.0000      1080.00  2.46812e-08
      40.0000      1090.00  2.38505e-08
      40.0000      1100.00  2.32896e-08
      40.0000      1110.00  2.29449e-08
      40.0000      1120.00  2.31938e-08
      40.0000      1130.00  2.40523e-08
      40.0000      1140.00  2.56088e-08
      40.0000      1150.00  2.81572e-08
      40.0000      1160.00  3.21812e-08
      40.0000      1170.00  3.61520e-08
      40.0000      1180.00  3.75471e-08
      40.0000      1190.00  3.89868e-08
      40.0000      1200.00  3.94474e-08
      40.0000      1210.00  3.98837e-08
      40.0000      1220.00  4.00437e-08
      40.0000      1230.00  3.95937e-08
      40.0000      1240.00  3.86499e-08
      40.0000      1250.00  3.73637e-08
      40.0000      1260.00  3.58518e-08
      40.0000      1270.00  3.41952e-08
      40.0000      1280.00  3.24574e-08
      40.0000      1290.00  3.06945e-08
      40.0000      1300.00  2.89483e-08
      40.0000      1325.00  2.47969e-08
      40.0000      1350.00  2.11009e-08
      40.0000      1375.00  1.79048e-08
      40.0000      1400.00  1.51779e-08
      40.0000      1425.00  1.28710e-08
      40.0000      1450.00  1.09308e-08
      40.0000      1475.00  9.29759e-09
      40.0000      1500.00  7.92186e-09
      40.0000      1525.00  6.76428e-09
      40.0000      1550.00  5.79021e-09
      40.0000      1575.00  4.96649e-09
      40.0000      1600.00  4.26789e-09
      40.0000      1625.00  3.67739e-09
      40.0000      1650.00  3.17569e-09
      40.0000      1675.00  2.74719e-09
      40.0000      1700.00  2.38147e-09
      40.0000      1725.00  2.06964e-09
      40.0000      1750.00  1.80229e-09
      40.0000      1775.00  1.57161e-09
      40.0000      1800.00  1.37283e-09
      40.0000      1825.00  1.20217e-09
      40.0000      1850.00  1.05474e-09
      40.0000      1875.00  9.26246e-10
      40.0000      1900.00  8.14607e-10
      40.0000      1925.00  7.18182e-10
      40.0000      1950.00  6.34226e-10
      40.0000      1975.00  5.60525e-10
      40.0000      2000.00  4.95996e-10
      40.0000      2025.00  4.39843e-10
      40.0000      2050.00  3.90715e-10
      40.0000      2075.00  3.47411e-10
      40.0000      2100.00  3.09060e-10
      40.0000      2125.00  2.75346e-10
      40.0000      2150.00  2.46069e-10
      40.0000      2175.00  2.19957e-10
      40.0000      2200.00  1.96689e-10
      40.0000      2225.00  1.75956e-10
      40.0000      2250.00  1.57832e-10
      40.0000      2275.00  1.41898e-10
      40.0000      2300.00  1.27509e-10
      40.0000      2325.00  1.14559e-10
      40.0000      2350.00  1.03066e-10
      40.0000      2375.00  9.29714e-11
      40.0000      2400.00  8.40279e-11

      51.6620     0.100000  5.85215e-18
      51.6620     0.200000  2.34409e-17
      51.6620     0.300000  5.28051e-17
      51.6620     0.400000  9.39792e-17
      51.6620     0.500000  1.46983e-16
      51.6620     0.600000  2.11837e-16
      51.6620     0.700000  2.88560e-16
      51.6620     0.800000  3.77170e-16
      51.6620     0.900000  4.77678e-16
      51.6620      1.00000  5.90091e-16
      51.6620      1.10000  7.14429e-16
      51.6620      1.20000  8.50717e-16
      51.6620      1.30000  9.98976e-16
      51.6620      1.40000  1.15918e-15
      51.6620      1.50000  1.33144e-15
      51.6620      1.60000  1.51569e-15
      51.6620      1.70000  1.71203e-15
      51.6620      2.00000  2.37357e-15
      51.6620      2.50000  3.72031e-15
      51.6620      3.00000  5.37630e-15
      51.6620      3.50000  7.34744e-15
      51.6620      4.00000  9.63941e-15
      51.6620      4.50000  1.22588e-14
      51.6620      5.00000  1.52128e-14
      51.6620      5.50000  1.85076e-14
      51.6620      6.00000  2.25513e-14
      51.6620      6.50000  2.69639e-14
      51.6620      7.00000  3.16476e-14
      51.6620      7.50000  3.66967e-14
      51.6620      8.00000  4.21867e-14
      51.6620      8.50000  4.82271e-14
      51.6620      9.00000  5.49777e-14
      51.6620      9.50000  6.26669e-14
      51.6620      10.0000  7.14807e-14
      51.6620      10.5000  8.13652e-14
      51.6620      11.0000  9.18882e-14
      51.6620      11.5000  1.02531e-13
      51.6620      12.0000  1.13061e-13
      51.6620      14.0000  1.56693e-13
      51.6620      16.0000  2.08082e-13
      51.6620      18.0000  2.73363e-13
      51.6620      20.0000  3.56350e-13
      51.6620      25.0000  6.74229e-13
      51.6620      30.0000  1.01980e-12
      51.6620      35.0000  1.71473e-12
      51.6620      40.0000  2.43159e-12
      51.6620      45.0000  3.48721e-12
      51.6620      50.0000  5.16175e-12
      51.6620      55.0000  6.87383e-12
      51.6620      60.0000  1.00991e-11
      51.6620      65.0000  1.26519e-11
      51.6620      70.0000  1.72635e-11
      51.6620      75.0000  2.32101e-11
      51.6620      80.0000  2.96470e-11
      51.6620      85.0000  4.15599e-11
      51.6620      90.0000  4.99000e-11
      51.6620      95.0000  6.89330e-11
      51.6620      100.000  8.61343e-11
      51.6620      110.000  1.47664e-10
      51.6620      120.000  2.46463e-10
      51.6620      130.000  3.75034e-10
      51.6620      140.000  6.01562e-10
      51.6620      150.000  9.58777e-10
      51.6620      160.000  1.58864e-09
      51.6620      170.000  2.64757e-09
      51.6620      180.000  4.27296e-09
      51.6620      190.000  6.40292e-09
      51.6620      200.000  1.02819e-08
      51.6620      210.000  1.64553e-08
      51.6620      220.000  2.74635e-08
      51.6620      230.000  4.63280e-08
      51.6620      240.000  7.42925e-08
      51.6620      250.000  1.13301e-07
      51.6620      260.000  1.85863e-07
      51.6620      270.000  3.13095e-07
      51.6620      280.000  5.17945e-07
      51.6620      290.000  8.50765e-07
      51.6620      300.000  1.40483e-06
      51.6620      310.000  2.29157e-06
      51.6620      320.000  3.65953e-06
      51.6620      330.000  5.51233e-06
      51.6620      340.000  7.76668e-06
      51.6620      350.000  1.04621e-05
      51.6620      360.000  1.45024e-05
      51.6620      365.000  1.34334e-05
      51.6620      370.000  1.38502e-05
      51.6620      380.000  1.38236e-05
      51.6620      390.000  1.22501e-05
      51.6620      400.000  1.05547e-05
      51.6620      410.000  8.50152e-06
      51.6620      420.000  7.24030e-06
      51.6620      430.000  6.15771e-06
      51.6620      440.000  5.24797e-06
      51.6620      450.000  4.48939e-06
      51.6620      460.000  3.85875e-06
      51.6620      470.000  3.33348e-06
      51.6620      480.000  2.89444e-06
      51.6620      490.000  2.52621e-06
      51.6620      500.000  2.21526e-06
      51.6620      510.000  1.95151e-06
      51.6620      520.000  1.72666e-06
      51.6620      530.000  1.59366e-06
      51.6620      540.000  1.42076e-06
      51.6620      550.000  1.27122e-06
      51.6620      560.000  1.14113e-06
      51.6620      570.000  1.02752e-06
      51.6620      580.000  9.27959e-07
      51.6620      590.000  8.40439e-07
      51.6620      600.000  7.63531e-07
      51.6620      610.000  6.95924e-07
      51.6620      620.000  6.36741e-07
      51.6620      630.000  5.85192e-07
      51.6620      640.000  5.22618e-07
      51.6620      650.000  4.89791e-07
      51.6620      660.000  4.67156e-07
      51.6620      670.000  4.57335e-07
      51.6620      680.000  4.61963e-07
      51.6620      690.000  4.75261e-07
      51.6620      700.000  5.05109e-07
      51.6620      710.000  5.29429e-07
      51.6620      720.000  5.13982e-07
      51.6620      730.000  4.99199e-07
      51.6620      740.000  4.59157e-07
      51.6620      750.000  4.11778e-07
      51.6620      760.000  3.64434e-07
      51.6620      770.000  3.21415e-07
      51.6620      780.000  2.83977e-07
      51.6620      790.000  2.51918e-07
      51.6620      800.000  2.24607e-07
      51.6620      810.000  2.01267e-07
      51.6620      820.000  1.81262e-07
      51.6620      830.000  1.63990e-07
      51.6620      840.000  1.48995e-07
      51.6620      850.000  1.35900e-07
      51.6620      860.000  1.24367e-07
      51.6620      870.000  1.14161e-07
      51.6620      880.000  1.05066e-07
      51.6620      890.000  9.69266e-08
      51.6620      900.000  8.96123e-08
      51.6620      910.000  8.30168e-08
      51.6620      920.000  7.70389e-08
      51.6620      930.000  7.15983e-08
      51.6620      940.000  6.66335e-08
      51.6620      950.000  6.21020e-08
      51.6620      960.000  5.79385e-08
      51.6620      970.000  5.41270e-08
      51.6620      980.000  5.06215e-08
      51.6620      990.000  4.73997e-08
      51.6620      1000.00  4.44303e-08
      51.6620      1010.00  4.17013e-08
      51.6620      1020.00  3.92049e-08
      51.6620      1030.00  3.69077e-08
      51.6620      1040.00  3.48003e-08
      51.6620      1050.00  3.29343e-08
      51.6620      1060.00  3.12841e-08
      51.6620      1070.00  2.99591e-08
      51.6620      1080.00  2.89114e-08
      51.6620      1090.00  2.79548e-08
      51.6620      1100.00  2.74787e-08
      51.6620      1110.00  2.73618e-08
      51.6620      1120.00  2.77106e-08
      51.6620      1130.00  2.85985e-08
      51.6620      1140.00  3.00062e-08
      51.6620      1150.00  3.19403e-08
      51.6620      1160.00  3.50287e-08
      51.6620      1170.00  3.78806e-08
      51.6620      1180.00  3.84813e-08
      51.6620      1190.00  3.94103e-08
      51.6620      1200.00  3.96650e-08
      51.6620      1210.00  3.98861e-08
      51.6620      1220.00  3.98600e-08
      51.6620      1230.00  3.93879e-08
      51.6620      1240.00  3.85492e-08
      51.6620      1250.00  3.74310e-08
      51.6620      1260.00  3.61042e-08
      51.6620      1270.00  3.46304e-08
      51.6620      1280.00  3.30665e-08
      51.6620      1290.00  3.14538e-08
      51.6620      1300.00  2.98343e-08
      51.6620      1325.00  2.59039e-08
      51.6620      1350.00  2.23064e-08
      51.6620      1375.00  1.91246e-08
      51.6620      1400.00  1.63592e-08
      51.6620      1425.00  1.39843e-08
      51.6620      1450.00  1.19578e-08
      51.6620      1475.00  1.02338e-08
      51.6620      1500.00  8.76771e-09
      51.6620      1525.00  7.52270e-09
      51.6620      1550.00  6.46735e-09
      51.6620      1575.00  5.56801e-09
      51.6620      1600.00  4.80266e-09
      51.6620      1625.00  4.15084e-09
      51.6620      1650.00  3.59477e-09
      51.6620      1675.00  3.11803e-09
      51.6620      1700.00  2.70968e-09
      51.6620      1725.00  2.35989e-09
      51.6620      1750.00  2.05864e-09
      51.6620      1775.00  1.79906e-09
      51.6620      1800.00  1.57417e-09
      51.6620      1825.00  1.38077e-09
      51.6620      1850.00  1.21291e-09
      51.6620      1875.00  1.06693e-09
      51.6620      1900.00  9.39678e-10
      51.6620      1925.00  8.29185e-10
      51.6620      1950.00  7.33137e-10
      51.6620      1975.00  6.48642e-10
      51.6620      2000.00  5.74697e-10
      51.6620      2025.00  5.09995e-10
      51.6620      2050.00  4.53500e-10
      51.6620      2075.00  4.03449e-10
      51.6620      2100.00  3.59333e-10
      51.6620      2125.00  3.20430e-10
      51.6620      2150.00  2.86361e-10
      51.6620      2175.00  2.56159e-10
      51.6620      2200.00  2.29214e-10
      51.6620      2225.00  2.05287e-10
      51.6620      2250.00  1.84219e-10
      51.6620      2275.00  1.65591e-10
      51.6620      2300.00  1.48892e-10
      51.6620      2325.00  1.33852e-10
      51.6620      2350.00  1.20531e-10
      51.6620      2375.00  1.08742e-10
      51.6620      2400.00  9.82053e-11

      66.7240     0.100000  4.56850e-15
      66.7240     0.200000  1.82743e-14
      66.7240     0.300000  4.11247e-14
      66.7240     0.400000  7.31342e-14
      66.7240     0.500000  1.14324e-13
      66.7240     0.600000  1.64720e-13
      66.7240     0.700000  2.24352e-13
      66.7240     0.800000  2.93243e-13
      66.7240     0.900000  3.71425e-13
      66.7240      1.00000  4.58922e-13
      66.7240      1.10000  5.55740e-13
      66.7240      1.20000  6.61903e-13
      66.7240      1.30000  7.77392e-13
      66.7240      1.40000  9.02203e-13
      66.7240      1.50000  1.03632e-12
      66.7240      1.60000  1.17972e-12
      66.7240      1.70000  1.33235e-12
      66.7240      2.00000  1.84564e-12
      66.7240      2.50000  2.88150e-12
      66.7240      3.00000  4.13828e-12
      66.7240      3.50000  5.61172e-12
      66.7240      4.00000  7.29874e-12
      66.7240      4.50000  9.19687e-12
      66.7240      5.00000  1.13037e-11
      66.7240      5.50000  1.36174e-11
      66.7240      6.00000  1.61353e-11
      66.7240      6.50000  1.88541e-11
      66.7240      7.00000  2.17689e-11
      66.7240      7.50000  2.48743e-11
      66.7240      8.00000  2.81652e-11
      66.7240      8.50000  3.16372e-11
      66.7240      9.00000  3.52865e-11
      66.7240      9.50000  3.91096e-11
      66.7240      10.0000  4.31041e-11
      66.7240      10.5000  4.72672e-11
      66.7240      11.0000  5.15975e-11
      66.7240      11.5000  5.60940e-11
      66.7240      12.0000  6.07539e-11
      66.7240      14.0000  8.09970e-11
      66.7240      16.0000  1.03653e-10
      66.7240      18.0000  1.28471e-10
      66.7240      20.0000  1.55011e-10
      66.7240      25.0000  2.26564e-10
      66.7240      30.0000  3.00216e-10
      66.7240      35.0000  3.72159e-10
      66.7240      40.0000  4.40224e-10
      66.7240      45.0000  5.00315e-10
      66.7240      50.0000  5.54991e-10
      66.7240      55.0000  6.06782e-10
      66.7240      60.0000  6.48596e-10
      66.7240      65.0000  6.89408e-10
      66.7240      70.0000  7.36160e-10
      66.7240      75.0000  7.70597e-10
      66.7240      80.0000  8.12661e-10
      66.7240      85.0000  8.77081e-10
      66.7240      90.0000  9.21549e-10
      66.7240      95.0000  9.86917e-10
      66.7240      100.000  1.10350e-09
      66.7240      110.000  1.30303e-09
      66.7240      120.000  1.68373e-09
      66.7240      130.000  2.33248e-09
      66.7240      140.000  3.03713e-09
      66.7240      150.000  4.45374e-09
      66.7240      160.000  6.58761e-09
      66.7240      170.000  9.08361e-09
      66.7240      180.000  1.41093e-08
      66.7240      190.000  2.07665e-08
      66.7240      200.000  2.99271e-08
      66.7240      210.000  4.74354e-08
      66.7240      220.000  6.85550e-08
      66.7240      230.000  1.02152e-07
      66.7240      240.000  1.61754e-07
      66.7240      250.000  2.40023e-07
      66.7240      260.000  3.64819e-07
      66.7240      270.000  5.55555e-07
      66.7240      280.000  8.45907e-07
      66.7240      290.000  1.28342e-06
      66.7240      300.000  1.95234e-06
      66.7240      310.000  2.91354e-06
      66.7240      320.000  4.27159e-06
      66.7240      330.000  5.94540e-06
      66.7240      340.000  7.80139e-06
      66.7240      350.000  9.89013e-06
      66.7240      360.000  1.34734e-05
      66.7240      365.000  1.25183e-05
      66.7240      370.000  1.29061e-05
      66.7240      380.000  1.29863e-05
      66.7240      390.000  1.16881e-05
      66.7240      400.000  1.02646e-05
      66.7240      410.000  8.34784e-06
      66.7240      420.000  7.26154e-06
      66.7240      430.000  6.29201e-06
      66.7240      440.000  5.44925e-06
      66.7240      450.000  4.72681e-06
      66.7240      460.000  4.11134e-06
      66.7240      470.000  3.58802e-06
      66.7240      480.000  3.14295e-06
      66.7240      490.000  2.76341e-06
      66.7240      500.000  2.43914e-06
      66.7240      510.000  2.16095e-06
      66.7240      520.000  1.92124e-06
      66.7240      530.000  1.78486e-06
      66.7240      540.000  1.59724e-06
      66.7240      550.000  1.43379e-06
      66.7240      560.000  1.29097e-06
      66.7240      570.000  1.16568e-06
      66.7240      580.000  1.05585e-06
      66.7240      590.000  9.58792e-07
      66.7240      600.000  8.73476e-07
      66.7240      610.000  7.98431e-07
      66.7240      620.000  7.32843e-07
      66.7240      630.000  6.76306e-07
      66.7240      640.000  6.05893e-07
      66.7240      650.000  5.69857e-07
      66.7240      660.000  5.44403e-07
      66.7240      670.000  5.30797e-07
      66.7240      680.000  5.27851e-07
      66.7240      690.000  5.33625e-07
      66.7240      700.000  5.44034e-07
      66.7240      710.000  5.54277e-07
      66.7240      720.000  5.32541e-07
      66.7240      730.000  5.14045e-07
      66.7240      740.000  4.79307e-07
      66.7240      750.000  4.38482e-07
      66.7240      760.000  3.97287e-07
      66.7240      770.000  3.59261e-07
      66.7240      780.000  3.28562e-07
      66.7240      790.000  2.99250e-07
      66.7240      800.000  2.79263e-07
      66.7240      810.000  2.57515e-07
      66.7240      820.000  2.39332e-07
      66.7240      830.000  2.20989e-07
      66.7240      840.000  2.03901e-07
      66.7240      850.000  1.86853e-07
      66.7240      860.000  1.70548e-07
      66.7240      870.000  1.55587e-07
      66.7240      880.000  1.42101e-07
      66.7240      890.000  1.30031e-07
      66.7240      900.000  1.19287e-07
      66.7240      910.000  1.09680e-07
      66.7240      920.000  1.01094e-07
      66.7240      930.000  9.34125e-08
      66.7240      940.000  8.64637e-08
      66.7240      950.000  8.02027e-08
      66.7240      960.000  7.45465e-08
      66.7240      970.000  6.93801e-08
      66.7240      980.000  6.47061e-08
      66.7240      990.000  6.04502e-08
      66.7240      1000.00  5.65357e-08
      66.7240      1010.00  5.30329e-08
      66.7240      1020.00  4.98312e-08
      66.7240      1030.00  4.68736e-08
      66.7240      1040.00  4.43668e-08
      66.7240      1050.00  4.20019e-08
      66.7240      1060.00  4.00504e-08
      66.7240      1070.00  3.83349e-08
      66.7240      1080.00  3.70239e-08
      66.7240      1090.00  3.59658e-08
      66.7240      1100.00  3.54001e-08
      66.7240      1110.00  3.51436e-08
      66.7240      1120.00  3.53315e-08
      66.7240      1130.00  3.60103e-08
      66.7240      1140.00  3.70182e-08
      66.7240      1150.00  3.86973e-08
      66.7240      1160.00  4.07127e-08
      66.7240      1170.00  4.28457e-08
      66.7240      1180.00  4.27471e-08
      66.7240      1190.00  4.31528e-08
      66.7240      1200.00  4.30504e-08
      66.7240      1210.00  4.28847e-08
      66.7240      1220.00  4.25088e-08
      66.7240      1230.00  4.18200e-08
      66.7240      1240.00  4.08723e-08
      66.7240      1250.00  3.97158e-08
      66.7240      1260.00  3.83918e-08
      66.7240      1270.00  3.69413e-08
      66.7240      1280.00  3.54080e-08
      66.7240      1290.00  3.38319e-08
      66.7240      1300.00  3.22361e-08
      66.7240      1325.00  2.83243e-08
      66.7240      1350.00  2.46747e-08
      66.7240      1375.00  2.13839e-08
      66.7240      1400.00  1.84748e-08
      66.7240      1425.00  1.59366e-08
      66.7240      1450.00  1.37384e-08
      66.7240      1475.00  1.18460e-08
      66.7240      1500.00  1.02179e-08
      66.7240      1525.00  8.82182e-09
      66.7240      1550.00  7.62656e-09
      66.7240      1575.00  6.59966e-09
      66.7240      1600.00  5.72018e-09
      66.7240      1625.00  4.96547e-09
      66.7240      1650.00  4.31707e-09
      66.7240      1675.00  3.75854e-09
      66.7240      1700.00  3.27761e-09
      66.7240      1725.00  2.86283e-09
      66.7240      1750.00  2.50476e-09
      66.7240      1775.00  2.19448e-09
      66.7240      1800.00  1.92586e-09
      66.7240      1825.00  1.69316e-09
      66.7240      1850.00  1.49018e-09
      66.7240      1875.00  1.31398e-09
      66.7240      1900.00  1.16053e-09
      66.7240      1925.00  1.02713e-09
      66.7240      1950.00  9.11321e-10
      66.7240      1975.00  8.12700e-10
      66.7240      2000.00  7.27822e-10
      66.7240      2025.00  6.57601e-10
      66.7240      2050.00  6.06188e-10
      66.7240      2075.00  5.50708e-10
      66.7240      2100.00  5.01058e-10
      66.7240      2125.00  4.54465e-10
      66.7240      2150.00  4.09790e-10
      66.7240      2175.00  3.67566e-10
      66.7240      2200.00  3.28963e-10
      66.7240      2225.00  2.94009e-10
      66.7240      2250.00  2.62602e-10
      66.7240      2275.00  2.34680e-10
      66.7240      2300.00  2.09847e-10
      66.7240      2325.00  1.87781e-10
      66.7240      2350.00  1.68206e-10
      66.7240      2375.00  1.50833e-10
      66.7240      2400.00  1.35428e-10

      86.1770     0.100000  1.86203e-14
      86.1770     0.200000  7.44975e-14
      86.1770     0.300000  1.67652e-13
      86.1770     0.400000  2.98102e-13
      86.1770     0.500000  4.65851e-13
      86.1770     0.600000  6.70897e-13
      86.1770     0.700000  9.13220e-13
      86.1770     0.800000  1.19281e-12
      86.1770     0.900000  1.50959e-12
      86.1770      1.00000  1.86357e-12
      86.1770      1.10000  2.25463e-12
      86.1770      1.20000  2.68274e-12
      86.1770      1.30000  3.14785e-12
      86.1770      1.40000  3.64986e-12
      86.1770      1.50000  4.18872e-12
      86.1770      1.60000  4.76441e-12
      86.1770      1.70000  5.37682e-12
      86.1770      2.00000  7.43381e-12
      86.1770      2.50000  1.15920e-11
      86.1770      3.00000  1.66588e-11
      86.1770      3.50000  2.26305e-11
      86.1770      4.00000  2.95019e-11
      86.1770      4.50000  3.72681e-11
      86.1770      5.00000  4.59224e-11
      86.1770      5.50000  5.54552e-11
      86.1770      6.00000  6.58522e-11
      86.1770      6.50000  7.70954e-11
      86.1770      7.00000  8.91661e-11
      86.1770      7.50000  1.02043e-10
      86.1770      8.00000  1.15703e-10
      86.1770      8.50000  1.30132e-10
      86.1770      9.00000  1.45315e-10
      86.1770      9.50000  1.61240e-10
      86.1770      10.0000  1.77901e-10
      86.1770      10.5000  1.95292e-10
      86.1770      11.0000  2.13405e-10
      86.1770      11.5000  2.32242e-10
      86.1770      12.0000  2.51798e-10
      86.1770      14.0000  3.37081e-10
      86.1770      16.0000  4.33187e-10
      86.1770      18.0000  5.39149e-10
      86.1770      20.0000  6.54031e-10
      86.1770      25.0000  9.71116e-10
      86.1770      30.0000  1.30993e-09
      86.1770      35.0000  1.65230e-09
      86.1770      40.0000  1.98661e-09
      86.1770      45.0000  2.30922e-09
      86.1770      50.0000  2.60040e-09
      86.1770      55.0000  2.86947e-09
      86.1770      60.0000  3.12402e-09
      86.1770      65.0000  3.37906e-09
      86.1770      70.0000  3.58973e-09
      86.1770      75.0000  3.79537e-09
      86.1770      80.0000  4.01840e-09
      86.1770      85.0000  4.29528e-09
      86.1770      90.0000  4.50617e-09
      86.1770      95.0000  4.75002e-09
      86.1770      100.000  5.07377e-09
      86.1770      110.000  5.90507e-09
      86.1770      120.000  6.99786e-09
      86.1770      130.000  8.71466e-09
      86.1770      140.000  1.10070e-08
      86.1770      150.000  1.46137e-08
      86.1770      160.000  1.93868e-08
      86.1770      170.000  2.68357e-08
      86.1770      180.000  3.66555e-08
      86.1770      190.000  5.19893e-08
      86.1770      200.000  7.19116e-08
      86.1770      210.000  1.01967e-07
      86.1770      220.000  1.46431e-07
      86.1770      230.000  2.08407e-07
      86.1770      240.000  2.96767e-07
      86.1770      250.000  4.23549e-07
      86.1770      260.000  6.05126e-07
      86.1770      270.000  8.64590e-07
      86.1770      280.000  1.23424e-06
      86.1770      290.000  1.75711e-06
      86.1770      300.000  2.48676e-06
      86.1770      310.000  3.44087e-06
      86.1770      320.000  4.70480e-06
      86.1770      330.000  6.15565e-06
      86.1770      340.000  7.66157e-06
      86.1770      350.000  9.24207e-06
      86.1770      360.000  1.10436e-05
      86.1770      365.000  1.07798e-05
      86.1770      370.000  1.10612e-05
      86.1770      380.000  1.11157e-05
      86.1770      390.000  1.03749e-05
      86.1770      400.000  9.41965e-06
      86.1770      410.000  8.15929e-06
      86.1770      420.000  7.24953e-06
      86.1770      430.000  6.40375e-06
      86.1770      440.000  5.64305e-06
      86.1770      450.000  4.97111e-06
      86.1770      460.000  4.38324e-06
      86.1770      470.000  3.87203e-06
      86.1770      480.000  3.42816e-06
      86.1770      490.000  3.04295e-06
      86.1770      500.000  2.70867e-06
      86.1770      510.000  2.41772e-06
      86.1770      520.000  2.16413e-06
      86.1770      530.000  1.97426e-06
      86.1770      540.000  1.77651e-06
      86.1770      550.000  1.60283e-06
      86.1770      560.000  1.44995e-06
      86.1770      570.000  1.31519e-06
      86.1770      580.000  1.19605e-06
      86.1770      590.000  1.09079e-06
      86.1770      600.000  9.97735e-07
      86.1770      610.000  9.15777e-07
      86.1770      620.000  8.44165e-07
      86.1770      630.000  7.82270e-07
      86.1770      640.000  7.19852e-07
      86.1770      650.000  6.78427e-07
      86.1770      660.000  6.47428e-07
      86.1770      670.000  6.26989e-07
      86.1770      680.000  6.16145e-07
      86.1770      690.000  6.09750e-07
      86.1770      700.000  6.09910e-07
      86.1770      710.000  6.03489e-07
      86.1770      720.000  5.79888e-07
      86.1770      730.000  5.61214e-07
      86.1770      740.000  5.34228e-07
      86.1770      750.000  5.04925e-07
      86.1770      760.000  4.77590e-07
      86.1770      770.000  4.55749e-07
      86.1770      780.000  4.40752e-07
      86.1770      790.000  4.31269e-07
      86.1770      800.000  4.22988e-07
      86.1770      810.000  4.21356e-07
      86.1770      820.000  4.08506e-07
      86.1770      830.000  3.90388e-07
      86.1770      840.000  3.70054e-07
      86.1770      850.000  3.43426e-07
      86.1770      860.000  3.13642e-07
      86.1770      870.000  2.84301e-07
      86.1770      880.000  2.56994e-07
      86.1770      890.000  2.32288e-07
      86.1770      900.000  2.10221e-07
      86.1770      910.000  1.90637e-07
      86.1770      920.000  1.73307e-07
      86.1770      930.000  1.57973e-07
      86.1770      940.000  1.44420e-07
      86.1770      950.000  1.32347e-07
      86.1770      960.000  1.21650e-07
      86.1770      970.000  1.12054e-07
      86.1770      980.000  1.03551e-07
      86.1770      990.000  9.58463e-08
      86.1770      1000.00  8.90645e-08
      86.1770      1010.00  8.28239e-08
      86.1770      1020.00  7.74360e-08
      86.1770      1030.00  7.24622e-08
      86.1770      1040.00  6.81027e-08
      86.1770      1050.00  6.42617e-08
      86.1770      1060.00  6.09189e-08
      86.1770      1070.00  5.80785e-08
      86.1770      1080.00  5.57244e-08
      86.1770      1090.00  5.38675e-08
      86.1770      1100.00  5.25018e-08
      86.1770      1110.00  5.16418e-08
      86.1770      1120.00  5.13054e-08
      86.1770      1130.00  5.15360e-08
      86.1770      1140.00  5.23197e-08
      86.1770      1150.00  5.35062e-08
      86.1770      1160.00  5.51517e-08
      86.1770      1170.00  5.55479e-08
      86.1770      1180.00  5.48270e-08
      86.1770      1190.00  5.44621e-08
      86.1770      1200.00  5.36184e-08
      86.1770      1210.00  5.25763e-08
      86.1770      1220.00  5.13400e-08
      86.1770      1230.00  4.99121e-08
      86.1770      1240.00  4.83518e-08
      86.1770      1250.00  4.66905e-08
      86.1770      1260.00  4.49438e-08
      86.1770      1270.00  4.31502e-08
      86.1770      1280.00  4.13208e-08
      86.1770      1290.00  3.94904e-08
      86.1770      1300.00  3.76741e-08
      86.1770      1325.00  3.32811e-08
      86.1770      1350.00  2.92101e-08
      86.1770      1375.00  2.55224e-08
      86.1770      1400.00  2.22411e-08
      86.1770      1425.00  1.93479e-08
      86.1770      1450.00  1.68152e-08
      86.1770      1475.00  1.46097e-08
      86.1770      1500.00  1.26965e-08
      86.1770      1525.00  1.10377e-08
      86.1770      1550.00  9.60492e-09
      86.1770      1575.00  8.36739e-09
      86.1770      1600.00  7.30432e-09
      86.1770      1625.00  6.38843e-09
      86.1770      1650.00  5.57945e-09
      86.1770      1675.00  4.87854e-09
      86.1770      1700.00  4.27056e-09
      86.1770      1725.00  3.74185e-09
      86.1770      1750.00  3.28463e-09
      86.1770      1775.00  2.88768e-09
      86.1770      1800.00  2.54301e-09
      86.1770      1825.00  2.24280e-09
      86.1770      1850.00  1.98141e-09
      86.1770      1875.00  1.75549e-09
      86.1770      1900.00  1.55985e-09
      86.1770      1925.00  1.39366e-09
      86.1770      1950.00  1.25495e-09
      86.1770      1975.00  1.14489e-09
      86.1770      2000.00  1.06295e-09
      86.1770      2025.00  1.00834e-09
      86.1770      2050.00  9.80190e-10
      86.1770      2075.00  9.47916e-10
      86.1770      2100.00  8.98148e-10
      86.1770      2125.00  8.41899e-10
      86.1770      2150.00  7.75891e-10
      86.1770      2175.00  7.04635e-10
      86.1770      2200.00  6.33632e-10
      86.1770      2225.00  5.66102e-10
      86.1770      2250.00  5.03698e-10
      86.1770      2275.00  4.47113e-10
      86.1770      2300.00  3.96628e-10
      86.1770      2325.00  3.51788e-10
      86.1770      2350.00  3.12019e-10
      86.1770      2375.00  2.76833e-10
      86.1770      2400.00  2.45927e-10

      111.302     0.100000  5.01962e-14
      111.302     0.200000  2.00690e-13
      111.302     0.300000  4.51335e-13
      111.302     0.400000  8.01978e-13
      111.302     0.500000  1.25247e-12
      111.302     0.600000  1.80267e-12
      111.302     0.700000  2.45246e-12
      111.302     0.800000  3.20171e-12
      111.302     0.900000  4.05025e-12
      111.302      1.00000  4.99807e-12
      111.302      1.10000  6.04500e-12
      111.302      1.20000  7.19106e-12
      111.302      1.30000  8.43610e-12
      111.302      1.40000  9.77998e-12
      111.302      1.50000  1.12229e-11
      111.302      1.60000  1.27646e-11
      111.302      1.70000  1.44054e-11
      111.302      2.00000  1.99203e-11
      111.302      2.50000  3.10903e-11
      111.302      3.00000  4.47368e-11
      111.302      3.50000  6.08620e-11
      111.302      4.00000  7.94634e-11
      111.302      4.50000  1.00527e-10
      111.302      5.00000  1.24026e-10
      111.302      5.50000  1.49928e-10
      111.302      6.00000  1.78180e-10
      111.302      6.50000  2.08737e-10
      111.302      7.00000  2.41552e-10
      111.302      7.50000  2.76583e-10
      111.302      8.00000  3.13789e-10
      111.302      8.50000  3.53148e-10
      111.302      9.00000  3.94645e-10
      111.302      9.50000  4.38255e-10
      111.302      10.0000  4.83976e-10
      111.302      10.5000  5.31790e-10
      111.302      11.0000  5.81693e-10
      111.302      11.5000  6.33688e-10
      111.302      12.0000  6.87746e-10
      111.302      14.0000  9.24428e-10
      111.302      16.0000  1.19277e-09
      111.302      18.0000  1.49072e-09
      111.302      20.0000  1.81645e-09
      111.302      25.0000  2.73150e-09
      111.302      30.0000  3.73949e-09
      111.302      35.0000  4.79256e-09
      111.302      40.0000  5.85356e-09
      111.302      45.0000  6.89575e-09
      111.302      50.0000  7.92194e-09
      111.302      55.0000  8.89305e-09
      111.302      60.0000  9.80263e-09
      111.302      65.0000  1.06723e-08
      111.302      70.0000  1.15043e-08
      111.302      75.0000  1.23388e-08
      111.302      80.0000  1.31987e-08
      111.302      85.0000  1.39570e-08
      111.302      90.0000  1.47534e-08
      111.302      95.0000  1.56017e-08
      111.302      100.000  1.65783e-08
      111.302      110.000  1.88545e-08
      111.302      120.000  2.15458e-08
      111.302      130.000  2.60377e-08
      111.302      140.000  3.07348e-08
      111.302      150.000  3.76297e-08
      111.302      160.000  4.86757e-08
      111.302      170.000  6.21125e-08
      111.302      180.000  8.09382e-08
      111.302      190.000  1.07411e-07
      111.302      200.000  1.42746e-07
      111.302      210.000  1.91445e-07
      111.302      220.000  2.58591e-07
      111.302      230.000  3.47507e-07
      111.302      240.000  4.72563e-07
      111.302      250.000  6.37172e-07
      111.302      260.000  8.70140e-07
      111.302      270.000  1.17302e-06
      111.302      280.000  1.58240e-06
      111.302      290.000  2.14068e-06
      111.302      300.000  2.82223e-06
      111.302      310.000  3.75056e-06
      111.302      320.000  4.83847e-06
      111.302      330.000  6.04058e-06
      111.302      340.000  7.20397e-06
      111.302      350.000  8.36018e-06
      111.302      360.000  9.37999e-06
      111.302      365.000  9.38017e-06
      111.302      370.000  9.59437e-06
      111.302      380.000  9.67551e-06
      111.302      390.000  9.26341e-06
      111.302      400.000  8.62761e-06
      111.302      410.000  7.77649e-06
      111.302      420.000  7.05330e-06
      111.302      430.000  6.35271e-06
      111.302      440.000  5.69985e-06
      111.302      450.000  5.10462e-06
      111.302      460.000  4.56940e-06
      111.302      470.000  4.09208e-06
      111.302      480.000  3.66829e-06
      111.302      490.000  3.29322e-06
      111.302      500.000  2.96157e-06
      111.302      510.000  2.66825e-06
      111.302      520.000  2.40884e-06
      111.302      530.000  2.19417e-06
      111.302      540.000  1.98856e-06
      111.302      550.000  1.80668e-06
      111.302      560.000  1.64468e-06
      111.302      570.000  1.50099e-06
      111.302      580.000  1.37277e-06
      111.302      590.000  1.25907e-06
      111.302      600.000  1.15810e-06
      111.302      610.000  1.06869e-06
      111.302      620.000  9.90273e-07
      111.302      630.000  9.22249e-07
      111.302      640.000  8.59635e-07
      111.302      650.000  8.12482e-07
      111.302      660.000  7.74291e-07
      111.302      670.000  7.48120e-07
      111.302      680.000  7.26087e-07
      111.302      690.000  7.14418e-07
      111.302      700.000  7.03410e-07
      111.302      710.000  6.96212e-07
      111.302      720.000  6.84146e-07
      111.302      730.000  6.74162e-07
      111.302      740.000  6.69085e-07
      111.302      750.000  6.65830e-07
      111.302      760.000  6.73111e-07
      111.302      770.000  6.90908e-07
      111.302      780.000  7.22371e-07
      111.302      790.000  8.18385e-07
      111.302      800.000  7.98111e-07
      111.302      810.000  8.85069e-07
      111.302      820.000  8.53344e-07
      111.302      830.000  8.38666e-07
      111.302      840.000  8.15748e-07
      111.302      850.000  7.70200e-07
      111.302      860.000  7.10196e-07
      111.302      870.000  6.46637e-07
      111.302      880.000  5.84866e-07
      111.302      890.000  5.27308e-07
      111.302      900.000  4.74900e-07
      111.302      910.000  4.27819e-07
      111.302      920.000  3.85881e-07
      111.302      930.000  3.48627e-07
      111.302      940.000  3.15654e-07
      111.302      950.000  2.86452e-07
      111.302      960.000  2.60570e-07
      111.302      970.000  2.37688e-07
      111.302      980.000  2.17282e-07
      111.302      990.000  1.99243e-07
      111.302      1000.00  1.83141e-07
      111.302      1010.00  1.68864e-07
      111.302      1020.00  1.56123e-07
      111.302      1030.00  1.44847e-07
      111.302      1040.00  1.34798e-07
      111.302      1050.00  1.25929e-07
      111.302      1060.00  1.18181e-07
      111.302      1070.00  1.11377e-07
      111.302      1080.00  1.05675e-07
      111.302      1090.00  1.00744e-07
      111.302      1100.00  9.71510e-08
      111.302      1110.00  9.38531e-08
      111.302      1120.00  9.17983e-08
      111.302      1130.00  9.04994e-08
      111.302      1140.00  8.97866e-08
      111.302      1150.00  8.96267e-08
      111.302      1160.00  8.95541e-08
      111.302      1170.00  8.94915e-08
      111.302      1180.00  8.75643e-08
      111.302      1190.00  8.55569e-08
      111.302      1200.00  8.29404e-08
      111.302      1210.00  7.97969e-08
      111.302      1220.00  7.64088e-08
      111.302      1230.00  7.29477e-08
      111.302      1240.00  6.95351e-08
      111.302      1250.00  6.62035e-08
      111.302      1260.00  6.29797e-08
      111.302      1270.00  5.98703e-08
      111.302      1280.00  5.68808e-08
      111.302      1290.00  5.40138e-08
      111.302      1300.00  5.12678e-08
      111.302      1325.00  4.49408e-08
      111.302      1350.00  3.93317e-08
      111.302      1375.00  3.43860e-08
      111.302      1400.00  3.00425e-08
      111.302      1425.00  2.62397e-08
      111.302      1450.00  2.29187e-08
      111.302      1475.00  2.00221e-08
      111.302      1500.00  1.75042e-08
      111.302      1525.00  1.53172e-08
      111.302      1550.00  1.34311e-08
      111.302      1575.00  1.18202e-08
      111.302      1600.00  1.04598e-08
      111.302      1625.00  9.29841e-09
      111.302      1650.00  8.20582e-09
      111.302      1675.00  7.20049e-09
      111.302      1700.00  6.29901e-09
      111.302      1725.00  5.51668e-09
      111.302      1750.00  4.84408e-09
      111.302      1775.00  4.26538e-09
      111.302      1800.00  3.76625e-09
      111.302      1825.00  3.33532e-09
      111.302      1850.00  2.96678e-09
      111.302      1875.00  2.65423e-09
      111.302      1900.00  2.39508e-09
      111.302      1925.00  2.18937e-09
      111.302      1950.00  2.03981e-09
      111.302      1975.00  1.95021e-09
      111.302      2000.00  1.91989e-09
      111.302      2025.00  1.94250e-09
      111.302      2050.00  2.01148e-09
      111.302      2075.00  2.02626e-09
      111.302      2100.00  1.99208e-09
      111.302      2125.00  1.92657e-09
      111.302      2150.00  1.81926e-09
      111.302      2175.00  1.68204e-09
      111.302      2200.00  1.53175e-09
      111.302      2225.00  1.37995e-09
      111.302      2250.00  1.23400e-09
      111.302      2275.00  1.09779e-09
      111.302      2300.00  9.73379e-10
      111.302      2325.00  8.61141e-10
      111.302      2350.00  7.60813e-10
      111.302      2375.00  6.71652e-10
      111.302      2400.00  5.92883e-10

      143.753     0.100000  9.47942e-14
      143.753     0.200000  3.79023e-13
      143.753     0.300000  8.52483e-13
      143.753     0.400000  1.51499e-12
      143.753     0.500000  2.36637e-12
      143.753     0.600000  3.40654e-12
      143.753     0.700000  4.63537e-12
      143.753     0.800000  6.05270e-12
      143.753     0.900000  7.65868e-12
      143.753      1.00000  9.45308e-12
      143.753      1.10000  1.14360e-11
      143.753      1.20000  1.36073e-11
      143.753      1.30000  1.59670e-11
      143.753      1.40000  1.85152e-11
      143.753      1.50000  2.12520e-11
      143.753      1.60000  2.41774e-11
      143.753      1.70000  2.72910e-11
      143.753      2.00000  3.77643e-11
      143.753      2.50000  5.89929e-11
      143.753      3.00000  8.49348e-11
      143.753      3.50000  1.15574e-10
      143.753      4.00000  1.50882e-10
      143.753      4.50000  1.90818e-10
      143.753      5.00000  2.35328e-10
      143.753      5.50000  2.84362e-10
      143.753      6.00000  3.37863e-10
      143.753      6.50000  3.95774e-10
      143.753      7.00000  4.58076e-10
      143.753      7.50000  5.24707e-10
      143.753      8.00000  5.95663e-10
      143.753      8.50000  6.70910e-10
      143.753      9.00000  7.50420e-10
      143.753      9.50000  8.34200e-10
      143.753      10.0000  9.22202e-10
      143.753      10.5000  1.01444e-09
      143.753      11.0000  1.11086e-09
      143.753      11.5000  1.21147e-09
      143.753      12.0000  1.31623e-09
      143.753      14.0000  1.77612e-09
      143.753      16.0000  2.29959e-09
      143.753      18.0000  2.88355e-09
      143.753      20.0000  3.52437e-09
      143.753      25.0000  5.34730e-09
      143.753      30.0000  7.41899e-09
      143.753      35.0000  9.64292e-09
      143.753      40.0000  1.19600e-08
      143.753      45.0000  1.43164e-08
      143.753      50.0000  1.66681e-08
      143.753      55.0000  1.89899e-08
      143.753      60.0000  2.13207e-08
      143.753      65.0000  2.35332e-08
      143.753      70.0000  2.56842e-08
      143.753      75.0000  2.78037e-08
      143.753      80.0000  2.98922e-08
      143.753      85.0000  3.19537e-08
      143.753      90.0000  3.40996e-08
      143.753      95.0000  3.64423e-08
      143.753      100.000  3.85491e-08
      143.753      110.000  4.36086e-08
      143.753      120.000  4.94893e-08
      143.753      130.000  5.68780e-08
      143.753      140.000  6.63378e-08
      143.753      150.000  7.87910e-08
      143.753      160.000  9.54007e-08
      143.753      170.000  1.16936e-07
      143.753      180.000  1.45477e-07
      143.753      190.000  1.82994e-07
      143.753      200.000  2.32804e-07
      143.753      210.000  2.99409e-07
      143.753      220.000  3.84756e-07
      143.753      230.000  4.96556e-07
      143.753      240.000  6.41830e-07
      143.753      250.000  8.32459e-07
      143.753      260.000  1.08581e-06
      143.753      270.000  1.40122e-06
      143.753      280.000  1.80217e-06
      143.753      290.000  2.30408e-06
      143.753      300.000  2.93590e-06
      143.753      310.000  3.72012e-06
      143.753      320.000  4.57916e-06
      143.753      330.000  5.51820e-06
      143.753      340.000  6.32361e-06
      143.753      350.000  7.24230e-06
      143.753      360.000  7.78719e-06
      143.753      365.000  7.87917e-06
      143.753      370.000  8.04539e-06
      143.753      380.000  8.15762e-06
      143.753      390.000  7.95965e-06
      143.753      400.000  7.57118e-06
      143.753      410.000  7.00698e-06
      143.753      420.000  6.48659e-06
      143.753      430.000  5.95878e-06
      143.753      440.000  5.44660e-06
      143.753      450.000  4.96389e-06
      143.753      460.000  4.51615e-06
      143.753      470.000  4.10583e-06
      143.753      480.000  3.73262e-06
      143.753      490.000  3.39455e-06
      143.753      500.000  3.08953e-06
      143.753      510.000  2.81529e-06
      143.753      520.000  2.56819e-06
      143.753      530.000  2.35513e-06
      143.753      540.000  2.15462e-06
      143.753      550.000  1.97508e-06
      143.753      560.000  1.81323e-06
      143.753      570.000  1.66828e-06
      143.753      580.000  1.53848e-06
      143.753      590.000  1.42244e-06
      143.753      600.000  1.31897e-06
      143.753      610.000  1.22768e-06
      143.753      620.000  1.14726e-06
      143.753      630.000  1.07807e-06
      143.753      640.000  1.01642e-06
      143.753      650.000  9.68365e-07
      143.753      660.000  9.30401e-07
      143.753      670.000  9.02867e-07
      143.753      680.000  8.87069e-07
      143.753      690.000  8.79626e-07
      143.753      700.000  8.78611e-07
      143.753      710.000  8.85529e-07
      143.753      720.000  9.01211e-07
      143.753      730.000  9.29515e-07
      143.753      740.000  9.72108e-07
      143.753      750.000  1.03372e-06
      143.753      760.000  1.10900e-06
      143.753      770.000  1.21145e-06
      143.753      780.000  1.32077e-06
      143.753      790.000  1.44125e-06
      143.753      800.000  1.57155e-06
      143.753      810.000  1.66472e-06
      143.753      820.000  1.69087e-06
      143.753      830.000  1.68780e-06
      143.753      840.000  1.66661e-06
      143.753      850.000  1.59916e-06
      143.753      860.000  1.49880e-06
      143.753      870.000  1.38457e-06
      143.753      880.000  1.26782e-06
      143.753      890.000  1.15469e-06
      143.753      900.000  1.04845e-06
      143.753      910.000  9.50587e-07
      143.753      920.000  8.61455e-07
      143.753      930.000  7.80928e-07
      143.753      940.000  7.08576e-07
      143.753      950.000  6.43727e-07
      143.753      960.000  5.85705e-07
      143.753      970.000  5.33852e-07
      143.753      980.000  4.87464e-07
      143.753      990.000  4.46029e-07
      143.753      1000.00  4.08990e-07
      143.753      1010.00  3.75878e-07
      143.753      1020.00  3.46348e-07
      143.753      1030.00  3.19827e-07
      143.753      1040.00  2.96288e-07
      143.753      1050.00  2.75336e-07
      143.753      1060.00  2.56658e-07
      143.753      1070.00  2.40470e-07
      143.753      1080.00  2.25885e-07
      143.753      1090.00  2.13550e-07
      143.753      1100.00  2.03102e-07
      143.753      1110.00  1.94136e-07
      143.753      1120.00  1.88405e-07
      143.753      1130.00  1.81520e-07
      143.753      1140.00  1.77143e-07
      143.753      1150.00  1.73238e-07
      143.753      1160.00  1.68977e-07
      143.753      1170.00  1.65134e-07
      143.753      1180.00  1.59648e-07
      143.753      1190.00  1.54010e-07
      143.753      1200.00  1.47625e-07
      143.753      1210.00  1.40431e-07
      143.753      1220.00  1.32937e-07
      143.753      1230.00  1.25482e-07
      143.753      1240.00  1.18287e-07
      143.753      1250.00  1.11425e-07
      143.753      1260.00  1.04943e-07
      143.753      1270.00  9.88565e-08
      143.753      1280.00  9.31335e-08
      143.753      1290.00  8.77819e-08
      143.753      1300.00  8.27716e-08
      143.753      1325.00  7.16074e-08
      143.753      1350.00  6.21125e-08
      143.753      1375.00  5.40002e-08
      143.753      1400.00  4.70461e-08
      143.753      1425.00  4.10590e-08
      143.753      1450.00  3.58992e-08
      143.753      1475.00  3.14497e-08
      143.753      1500.00  2.76213e-08
      143.753      1525.00  2.43557e-08
      143.753      1550.00  2.16198e-08
      143.753      1575.00  1.94102e-08
      143.753      1600.00  1.76789e-08
      143.753      1625.00  1.61824e-08
      143.753      1650.00  1.45404e-08
      143.753      1675.00  1.28177e-08
      143.753      1700.00  1.11432e-08
      143.753      1725.00  9.68252e-09
      143.753      1750.00  8.44635e-09
      143.753      1775.00  7.40731e-09
      143.753      1800.00  6.53645e-09
      143.753      1825.00  5.80597e-09
      143.753      1850.00  5.20276e-09
      143.753      1875.00  4.71680e-09
      143.753      1900.00  4.34219e-09
      143.753      1925.00  4.08020e-09
      143.753      1950.00  3.93318e-09
      143.753      1975.00  3.90002e-09
      143.753      2000.00  3.96777e-09
      143.753      2025.00  4.11291e-09
      143.753      2050.00  4.31806e-09
      143.753      2075.00  4.41204e-09
      143.753      2100.00  4.39971e-09
      143.753      2125.00  4.31574e-09
      143.753      2150.00  4.13893e-09
      143.753      2175.00  3.88793e-09
      143.753      2200.00  3.59392e-09
      143.753      2225.00  3.28275e-09
      143.753      2250.00  2.97169e-09
      143.753      2275.00  2.67245e-09
      143.753      2300.00  2.39151e-09
      143.753      2325.00  2.13219e-09
      143.753      2350.00  1.89597e-09
      143.753      2375.00  1.68283e-09
      143.753      2400.00  1.49172e-09

      185.664     0.100000  1.36208e-13
      185.664     0.200000  5.44736e-13
      185.664     0.300000  1.22548e-12
      185.664     0.400000  2.17834e-12
      185.664     0.500000  3.40314e-12
      185.664     0.600000  4.89992e-12
      185.664     0.700000  6.66856e-12
      185.664     0.800000  8.70909e-12
      185.664     0.900000  1.10210e-11
      185.664      1.00000  1.36046e-11
      185.664      1.10000  1.64600e-11
      185.664      1.20000  1.95869e-11
      185.664      1.30000  2.29852e-11
      185.664      1.40000  2.66546e-11
      185.664      1.50000  3.05951e-11
      185.664      1.60000  3.48072e-11
      185.664      1.70000  3.92900e-11
      185.664      2.00000  5.43639e-11
      185.664      2.50000  8.48957e-11
      185.664      3.00000  1.22168e-10
      185.664      3.50000  1.66152e-10
      185.664      4.00000  2.16819e-10
      185.664      4.50000  2.74127e-10
      185.664      5.00000  3.38047e-10
      185.664      5.50000  4.08542e-10
      185.664      6.00000  4.85566e-10
      185.664      6.50000  5.69117e-10
      185.664      7.00000  6.59148e-10
      185.664      7.50000  7.55631e-10
      185.664      8.00000  8.58554e-10
      185.664      8.50000  9.67864e-10
      185.664      9.00000  1.08357e-09
      185.664      9.50000  1.20562e-09
      185.664      10.0000  1.33396e-09
      185.664      10.5000  1.46865e-09
      185.664      11.0000  1.60951e-09
      185.664      11.5000  1.75663e-09
      185.664      12.0000  1.90993e-09
      185.664      14.0000  2.58393e-09
      185.664      16.0000  3.35327e-09
      185.664      18.0000  4.21477e-09
      185.664      20.0000  5.16440e-09
      185.664      25.0000  7.89604e-09
      185.664      30.0000  1.10579e-08
      185.664      35.0000  1.45431e-08
      185.664      40.0000  1.82679e-08
      185.664      45.0000  2.21659e-08
      185.664      50.0000  2.61705e-08
      185.664      55.0000  3.02119e-08
      185.664      60.0000  3.42753e-08
      185.664      65.0000  3.83316e-08
      185.664      70.0000  4.23808e-08
      185.664      75.0000  4.63815e-08
      185.664      80.0000  5.04198e-08
      185.664      85.0000  5.44194e-08
      185.664      90.0000  5.84976e-08
      185.664      95.0000  6.26116e-08
      185.664      100.000  6.68552e-08
      185.664      110.000  7.58737e-08
      185.664      120.000  8.60445e-08
      185.664      130.000  9.80253e-08
      185.664      140.000  1.12319e-07
      185.664      150.000  1.30025e-07
      185.664      160.000  1.52400e-07
      185.664      170.000  1.80763e-07
      185.664      180.000  2.16854e-07
      185.664      190.000  2.62874e-07
      185.664      200.000  3.21486e-07
      185.664      210.000  3.95865e-07
      185.664      220.000  4.89675e-07
      185.664      230.000  6.07230e-07
      185.664      240.000  7.54558e-07
      185.664      250.000  9.39583e-07
      185.664      260.000  1.17111e-06
      185.664      270.000  1.46084e-06
      185.664      280.000  1.81080e-06
      185.664      290.000  2.21917e-06
      185.664      300.000  2.71956e-06
      185.664      310.000  3.33143e-06
      185.664      320.000  3.94605e-06
      185.664      330.000  4.56879e-06
      185.664      340.000  5.15180e-06
      185.664      350.000  5.74136e-06
      185.664      360.000  6.13161e-06
      185.664      365.000  6.23686e-06
      185.664      370.000  6.36463e-06
      185.664      380.000  6.49260e-06
      185.664      390.000  6.43011e-06
      185.664      400.000  6.22684e-06
      185.664      410.000  5.90342e-06
      185.664      420.000  5.56944e-06
      185.664      430.000  5.21339e-06
      185.664      440.000  4.85375e-06
      185.664      450.000  4.50215e-06
      185.664      460.000  4.16586e-06
      185.664      470.000  3.84853e-06
      185.664      480.000  3.55250e-06
      185.664      490.000  3.27778e-06
      185.664      500.000  3.02469e-06
      185.664      510.000  2.79243e-06
      185.664      520.000  2.57961e-06
      185.664      530.000  2.39029e-06
      185.664      540.000  2.21306e-06
      185.664      550.000  2.05201e-06
      185.664      560.000  1.90604e-06
      185.664      570.000  1.77446e-06
      185.664      580.000  1.65607e-06
      185.664      590.000  1.55022e-06
      185.664      600.000  1.45662e-06
      185.664      610.000  1.37464e-06
      185.664      620.000  1.30408e-06
      185.664      630.000  1.24529e-06
      185.664      640.000  1.19640e-06
      185.664      650.000  1.16159e-06
      185.664      660.000  1.13905e-06
      185.664      670.000  1.12932e-06
      185.664      680.000  1.13272e-06
      185.664      690.000  1.15041e-06
      185.664      700.000  1.18393e-06
      185.664      710.000  1.23500e-06
      185.664      720.000  1.30609e-06
      185.664      730.000  1.40660e-06
      185.664      740.000  1.52137e-06
      185.664      750.000  1.64828e-06
      185.664      760.000  1.81740e-06
      185.664      770.000  2.01198e-06
      185.664      780.000  2.22400e-06
      185.664      790.000  2.43456e-06
      185.664      800.000  2.61458e-06
      185.664      810.000  2.81393e-06
      185.664      820.000  2.83305e-06
      185.664      830.000  2.85546e-06
      185.664      840.000  2.84210e-06
      185.664      850.000  2.76288e-06
      185.664      860.000  2.63050e-06
      185.664      870.000  2.46907e-06
      185.664      880.000  2.29572e-06
      185.664      890.000  2.12130e-06
      185.664      900.000  1.95199e-06
      185.664      910.000  1.79154e-06
      185.664      920.000  1.64186e-06
      185.664      930.000  1.50359e-06
      185.664      940.000  1.37673e-06
      185.664      950.000  1.26092e-06
      185.664      960.000  1.15561e-06
      185.664      970.000  1.06009e-06
      185.664      980.000  9.73490e-07
      185.664      990.000  8.95112e-07
      185.664      1000.00  8.24318e-07
      185.664      1010.00  7.60228e-07
      185.664      1020.00  7.02421e-07
      185.664      1030.00  6.50242e-07
      185.664      1040.00  6.03049e-07
      185.664      1050.00  5.60629e-07
      185.664      1060.00  5.22605e-07
      185.664      1070.00  4.88537e-07
      185.664      1080.00  4.58163e-07
      185.664      1090.00  4.31319e-07
      185.664      1100.00  4.07692e-07
      185.664      1110.00  3.87061e-07
      185.664      1120.00  3.69062e-07
      185.664      1130.00  3.53325e-07
      185.664      1140.00  3.39494e-07
      185.664      1150.00  3.27075e-07
      185.664      1160.00  3.16406e-07
      185.664      1170.00  3.01716e-07
      185.664      1180.00  2.88723e-07
      185.664      1190.00  2.76067e-07
      185.664      1200.00  2.62967e-07
      185.664      1210.00  2.49228e-07
      185.664      1220.00  2.35317e-07
      185.664      1230.00  2.21688e-07
      185.664      1240.00  2.08556e-07
      185.664      1250.00  1.96098e-07
      185.664      1260.00  1.84330e-07
      185.664      1270.00  1.73283e-07
      185.664      1280.00  1.62942e-07
      185.664      1290.00  1.53286e-07
      185.664      1300.00  1.44285e-07
      185.664      1325.00  1.24309e-07
      185.664      1350.00  1.07494e-07
      185.664      1375.00  9.32662e-08
      185.664      1400.00  8.11914e-08
      185.664      1425.00  7.09017e-08
      185.664      1450.00  6.21262e-08
      185.664      1475.00  5.46457e-08
      185.664      1500.00  4.83170e-08
      185.664      1525.00  4.30783e-08
      185.664      1550.00  3.88958e-08
      185.664      1575.00  3.57477e-08
      185.664      1600.00  3.35520e-08
      185.664      1625.00  3.15028e-08
      185.664      1650.00  2.87430e-08
      185.664      1675.00  2.55839e-08
      185.664      1700.00  2.22488e-08
      185.664      1725.00  1.92555e-08
      185.664      1750.00  1.67201e-08
      185.664      1775.00  1.46027e-08
      185.664      1800.00  1.28630e-08
      185.664      1825.00  1.14519e-08
      185.664      1850.00  1.03043e-08
      185.664      1875.00  9.41028e-09
      185.664      1900.00  8.75373e-09
      185.664      1925.00  8.31233e-09
      185.664      1950.00  8.07506e-09
      185.664      1975.00  8.01498e-09
      185.664      2000.00  8.14300e-09
      185.664      2025.00  8.33460e-09
      185.664      2050.00  8.55096e-09
      185.664      2075.00  8.69758e-09
      185.664      2100.00  8.64890e-09
      185.664      2125.00  8.49398e-09
      185.664      2150.00  8.19861e-09
      185.664      2175.00  7.78046e-09
      185.664      2200.00  7.28062e-09
      185.664      2225.00  6.73833e-09
      185.664      2250.00  6.18256e-09
      185.664      2275.00  5.63360e-09
      185.664      2300.00  5.10556e-09
      185.664      2325.00  4.60784e-09
      185.664      2350.00  4.14487e-09
      185.664      2375.00  3.71902e-09
      185.664      2400.00  3.33021e-09

      239.794     0.100000  1.58903e-13
      239.794     0.200000  6.35519e-13
      239.794     0.300000  1.42971e-12
      239.794     0.400000  2.54133e-12
      239.794     0.500000  3.97019e-12
      239.794     0.600000  5.71622e-12
      239.794     0.700000  7.77933e-12
      239.794     0.800000  1.01593e-11
      239.794     0.900000  1.28559e-11
      239.794      1.00000  1.58692e-11
      239.794      1.10000  1.91988e-11
      239.794      1.20000  2.28445e-11
      239.794      1.30000  2.68069e-11
      239.794      1.40000  3.10859e-11
      239.794      1.50000  3.56795e-11
      239.794      1.60000  4.05897e-11
      239.794      1.70000  4.58152e-11
      239.794      2.00000  6.33850e-11
      239.794      2.50000  9.89704e-11
      239.794      3.00000  1.42419e-10
      239.794      3.50000  1.93718e-10
      239.794      4.00000  2.52852e-10
      239.794      4.50000  3.19801e-10
      239.794      5.00000  3.94547e-10
      239.794      5.50000  4.77073e-10
      239.794      6.00000  5.67352e-10
      239.794      6.50000  6.65356e-10
      239.794      7.00000  7.71065e-10
      239.794      7.50000  8.84457e-10
      239.794      8.00000  1.00548e-09
      239.794      8.50000  1.13413e-09
      239.794      9.00000  1.27037e-09
      239.794      9.50000  1.41421e-09
      239.794      10.0000  1.56570e-09
      239.794      10.5000  1.72437e-09
      239.794      11.0000  1.89055e-09
      239.794      11.5000  2.06422e-09
      239.794      12.0000  2.24531e-09
      239.794      14.0000  3.04319e-09
      239.794      16.0000  3.95659e-09
      239.794      18.0000  4.98286e-09
      239.794      20.0000  6.11879e-09
      239.794      25.0000  9.41104e-09
      239.794      30.0000  1.32830e-08
      239.794      35.0000  1.76382e-08
      239.794      40.0000  2.23904e-08
      239.794      45.0000  2.74572e-08
      239.794      50.0000  3.27588e-08
      239.794      55.0000  3.82553e-08
      239.794      60.0000  4.38791e-08
      239.794      65.0000  4.96170e-08
      239.794      70.0000  5.54310e-08
      239.794      75.0000  6.12932e-08
      239.794      80.0000  6.72421e-08
      239.794      85.0000  7.32779e-08
      239.794      90.0000  7.93499e-08
      239.794      95.0000  8.55809e-08
      239.794      100.000  9.19761e-08
      239.794      110.000  1.05347e-07
      239.794      120.000  1.19890e-07
      239.794      130.000  1.36274e-07
      239.794      140.000  1.55297e-07
      239.794      150.000  1.77345e-07
      239.794      160.000  2.03835e-07
      239.794      170.000  2.36361e-07
      239.794      180.000  2.76089e-07
      239.794      190.000  3.24434e-07
      239.794      200.000  3.82994e-07
      239.794      210.000  4.56872e-07
      239.794      220.000  5.45207e-07
      239.794      230.000  6.52596e-07
      239.794      240.000  7.86983e-07
      239.794      250.000  9.51676e-07
      239.794      260.000  1.13997e-06
      239.794      270.000  1.36762e-06
      239.794      280.000  1.64827e-06
      239.794      290.000  1.96849e-06
      239.794      300.000  2.32876e-06
      239.794      310.000  2.73747e-06
      239.794      320.000  3.15546e-06
      239.794      330.000  3.56438e-06
      239.794      340.000  3.93986e-06
      239.794      350.000  4.31471e-06
      239.794      360.000  4.58293e-06
      239.794      365.000  4.67801e-06
      239.794      370.000  4.77395e-06
      239.794      380.000  4.89920e-06
      239.794      390.000  4.91390e-06
      239.794      400.000  4.83446e-06
      239.794      410.000  4.68582e-06
      239.794      420.000  4.49958e-06
      239.794      430.000  4.28872e-06
      239.794      440.000  4.06588e-06
      239.794      450.000  3.83904e-06
      239.794      460.000  3.61432e-06
      239.794      470.000  3.39606e-06
      239.794      480.000  3.18636e-06
      239.794      490.000  2.98751e-06
      239.794      500.000  2.79997e-06
      239.794      510.000  2.62457e-06
      239.794      520.000  2.46149e-06
      239.794      530.000  2.31216e-06
      239.794      540.000  2.17319e-06
      239.794      550.000  2.04614e-06
      239.794      560.000  1.93092e-06
      239.794      570.000  1.82697e-06
      239.794      580.000  1.73446e-06
      239.794      590.000  1.65356e-06
      239.794      600.000  1.58344e-06
      239.794      610.000  1.52502e-06
      239.794      620.000  1.47860e-06
      239.794      630.000  1.44473e-06
      239.794      640.000  1.42396e-06
      239.794      650.000  1.42002e-06
      239.794      660.000  1.42586e-06
      239.794      670.000  1.45083e-06
      239.794      680.000  1.49356e-06
      239.794      690.000  1.55433e-06
      239.794      700.000  1.64144e-06
      239.794      710.000  1.74897e-06
      239.794      720.000  1.88373e-06
      239.794      730.000  2.03781e-06
      239.794      740.000  2.23397e-06
      239.794      750.000  2.46127e-06
      239.794      760.000  2.74001e-06
      239.794      770.000  2.96592e-06
      239.794      780.000  3.27807e-06
      239.794      790.000  3.53978e-06
      239.794      800.000  3.67457e-06
      239.794      810.000  3.93924e-06
      239.794      820.000  3.99898e-06
      239.794      830.000  4.04747e-06
      239.794      840.000  4.05114e-06
      239.794      850.000  3.98023e-06
      239.794      860.000  3.84036e-06
      239.794      870.000  3.65716e-06
      239.794      880.000  3.45107e-06
      239.794      890.000  3.23636e-06
      239.794      900.000  3.02143e-06
      239.794      910.000  2.81173e-06
      239.794      920.000  2.61093e-06
      239.794      930.000  2.42103e-06
      239.794      940.000  2.24290e-06
      239.794      950.000  2.07703e-06
      239.794      960.000  1.92323e-06
      239.794      970.000  1.78131e-06
      239.794      980.000  1.65056e-06
      239.794      990.000  1.53043e-06
      239.794      1000.00  1.42013e-06
      239.794      1010.00  1.31907e-06
      239.794      1020.00  1.22659e-06
      239.794      1030.00  1.14191e-06
      239.794      1040.00  1.06463e-06
      239.794      1050.00  9.94156e-07
      239.794      1060.00  9.29914e-07
      239.794      1070.00  8.71235e-07
      239.794      1080.00  8.18269e-07
      239.794      1090.00  7.70149e-07
      239.794      1100.00  7.26446e-07
      239.794      1110.00  6.87274e-07
      239.794      1120.00  6.52378e-07
      239.794      1130.00  6.20229e-07
      239.794      1140.00  5.89697e-07
      239.794      1150.00  5.62629e-07
      239.794      1160.00  5.38476e-07
      239.794      1170.00  5.11266e-07
      239.794      1180.00  4.86619e-07
      239.794      1190.00  4.63062e-07
      239.794      1200.00  4.39951e-07
      239.794      1210.00  4.16900e-07
      239.794      1220.00  3.94155e-07
      239.794      1230.00  3.72130e-07
      239.794      1240.00  3.51061e-07
      239.794      1250.00  3.31025e-07
      239.794      1260.00  3.12089e-07
      239.794      1270.00  2.94240e-07
      239.794      1280.00  2.77450e-07
      239.794      1290.00  2.61710e-07
      239.794      1300.00  2.46953e-07
      239.794      1325.00  2.14004e-07
      239.794      1350.00  1.86010e-07
      239.794      1375.00  1.62202e-07
      239.794      1400.00  1.41901e-07
      239.794      1425.00  1.24583e-07
      239.794      1450.00  1.09828e-07
      239.794      1475.00  9.73034e-08
      239.794      1500.00  8.68300e-08
      239.794      1525.00  7.82852e-08
      239.794      1550.00  7.16130e-08
      239.794      1575.00  6.69726e-08
      239.794      1600.00  6.29716e-08
      239.794      1625.00  5.95200e-08
      239.794      1650.00  5.48820e-08
      239.794      1675.00  4.94489e-08
      239.794      1700.00  4.34681e-08
      239.794      1725.00  3.79386e-08
      239.794      1750.00  3.31381e-08
      239.794      1775.00  2.90895e-08
      239.794      1800.00  2.57301e-08
      239.794      1825.00  2.29666e-08
      239.794      1850.00  2.07406e-08
      239.794      1875.00  1.89842e-08
      239.794      1900.00  1.76454e-08
      239.794      1925.00  1.66772e-08
      239.794      1950.00  1.59990e-08
      239.794      1975.00  1.56398e-08
      239.794      2000.00  1.55042e-08
      239.794      2025.00  1.55237e-08
      239.794      2050.00  1.55680e-08
      239.794      2075.00  1.54169e-08
      239.794      2100.00  1.51555e-08
      239.794      2125.00  1.47869e-08
      239.794      2150.00  1.42651e-08
      239.794      2175.00  1.35972e-08
      239.794      2200.00  1.28231e-08
      239.794      2225.00  1.19865e-08
      239.794      2250.00  1.11212e-08
      239.794      2275.00  1.02556e-08
      239.794      2300.00  9.41026e-09
      239.794      2325.00  8.59899e-09
      239.794      2350.00  7.83116e-09
      239.794      2375.00  7.11275e-09
      239.794      2400.00  6.44563e-09

      309.705     0.100000  1.62824e-13
      309.705     0.200000  6.51229e-13
      309.705     0.300000  1.46509e-12
      309.705     0.400000  2.60432e-12
      309.705     0.500000  4.06882e-12
      309.705     0.600000  5.85846e-12
      309.705     0.700000  7.97309e-12
      309.705     0.800000  1.04129e-11
      309.705     0.900000  1.31774e-11
      309.705      1.00000  1.62667e-11
      309.705      1.10000  1.96809e-11
      309.705      1.20000  2.34193e-11
      309.705      1.30000  2.74826e-11
      309.705      1.40000  3.18700e-11
      309.705      1.50000  3.65820e-11
      309.705      1.60000  4.16184e-11
      309.705      1.70000  4.69782e-11
      309.705      2.00000  6.50033e-11
      309.705      2.50000  1.01520e-10
      309.705      3.00000  1.46125e-10
      309.705      3.50000  1.98804e-10
      309.705      4.00000  2.59536e-10
      309.705      4.50000  3.28325e-10
      309.705      5.00000  4.05140e-10
      309.705      5.50000  4.89965e-10
      309.705      6.00000  5.82783e-10
      309.705      6.50000  6.83578e-10
      309.705      7.00000  7.92329e-10
      309.705      7.50000  9.09017e-10
      309.705      8.00000  1.03363e-09
      309.705      8.50000  1.16612e-09
      309.705      9.00000  1.30650e-09
      309.705      9.50000  1.45470e-09
      309.705      10.0000  1.61076e-09
      309.705      10.5000  1.77465e-09
      309.705      11.0000  1.94631e-09
      309.705      11.5000  2.12576e-09
      309.705      12.0000  2.31298e-09
      309.705      14.0000  3.13946e-09
      309.705      16.0000  4.08757e-09
      309.705      18.0000  5.15660e-09
      309.705      20.0000  6.34280e-09
      309.705      25.0000  9.80148e-09
      309.705      30.0000  1.39156e-08
      309.705      35.0000  1.86160e-08
      309.705      40.0000  2.38220e-08
      309.705      45.0000  2.94612e-08
      309.705      50.0000  3.54806e-08
      309.705      55.0000  4.18100e-08
      309.705      60.0000  4.83969e-08
      309.705      65.0000  5.52092e-08
      309.705      70.0000  6.22326e-08
      309.705      75.0000  6.94339e-08
      309.705      80.0000  7.67750e-08
      309.705      85.0000  8.42838e-08
      309.705      90.0000  9.19968e-08
      309.705      95.0000  9.98282e-08
      309.705      100.000  1.07849e-07
      309.705      110.000  1.24713e-07
      309.705      120.000  1.42631e-07
      309.705      130.000  1.62378e-07
      309.705      140.000  1.84319e-07
      309.705      150.000  2.08927e-07
      309.705      160.000  2.37329e-07
      309.705      170.000  2.70248e-07
      309.705      180.000  3.09472e-07
      309.705      190.000  3.54491e-07
      309.705      200.000  4.09582e-07
      309.705      210.000  4.72498e-07
      309.705      220.000  5.49974e-07
      309.705      230.000  6.41198e-07
      309.705      240.000  7.46371e-07
      309.705      250.000  8.71490e-07
      309.705      260.000  1.01616e-06
      309.705      270.000  1.19215e-06
      309.705      280.000  1.37494e-06
      309.705      290.000  1.60787e-06
      309.705      300.000  1.82548e-06
      309.705      310.000  2.09956e-06
      309.705      320.000  2.40955e-06
      309.705      330.000  2.63592e-06
      309.705      340.000  2.87252e-06
      309.705      350.000  3.18056e-06
      309.705      360.000  3.28650e-06
      309.705      365.000  3.35902e-06
      309.705      370.000  3.42828e-06
      309.705      380.000  3.53618e-06
      309.705      390.000  3.58334e-06
      309.705      400.000  3.57369e-06
      309.705      410.000  3.51347e-06
      309.705      420.000  3.43326e-06
      309.705      430.000  3.33169e-06
      309.705      440.000  3.21607e-06
      309.705      450.000  3.09214e-06
      309.705      460.000  2.96399e-06
      309.705      470.000  2.83498e-06
      309.705      480.000  2.70782e-06
      309.705      490.000  2.58384e-06
      309.705      500.000  2.46488e-06
      309.705      510.000  2.35193e-06
      309.705      520.000  2.24525e-06
      309.705      530.000  2.14724e-06
      309.705      540.000  2.05586e-06
      309.705      550.000  1.97280e-06
      309.705      560.000  1.89841e-06
      309.705      570.000  1.83316e-06
      309.705      580.000  1.77751e-06
      309.705      590.000  1.73177e-06
      309.705      600.000  1.69666e-06
      309.705      610.000  1.67284e-06
      309.705      620.000  1.66232e-06
      309.705      630.000  1.66218e-06
      309.705      640.000  1.67816e-06
      309.705      650.000  1.70726e-06
      309.705      660.000  1.75662e-06
      309.705      670.000  1.81896e-06
      309.705      680.000  1.90736e-06
      309.705      690.000  2.02061e-06
      309.705      700.000  2.14340e-06
      309.705      710.000  2.29915e-06
      309.705      720.000  2.47791e-06
      309.705      730.000  2.69614e-06
      309.705      740.000  2.92040e-06
      309.705      750.000  3.19824e-06
      309.705      760.000  3.45418e-06
      309.705      770.000  3.77691e-06
      309.705      780.000  4.20432e-06
      309.705      790.000  4.32111e-06
      309.705      800.000  4.61111e-06
      309.705      810.000  4.74414e-06
      309.705      820.000  4.82136e-06
      309.705      830.000  4.88514e-06
      309.705      840.000  4.90963e-06
      309.705      850.000  4.86401e-06
      309.705      860.000  4.74796e-06
      309.705      870.000  4.58276e-06
      309.705      880.000  4.38631e-06
      309.705      890.000  4.17308e-06
      309.705      900.000  3.95229e-06
      309.705      910.000  3.73031e-06
      309.705      920.000  3.51199e-06
      309.705      930.000  3.30040e-06
      309.705      940.000  3.09754e-06
      309.705      950.000  2.90451e-06
      309.705      960.000  2.72221e-06
      309.705      970.000  2.55074e-06
      309.705      980.000  2.39039e-06
      309.705      990.000  2.24074e-06
      309.705      1000.00  2.10137e-06
      309.705      1010.00  1.97194e-06
      309.705      1020.00  1.85226e-06
      309.705      1030.00  1.74167e-06
      309.705      1040.00  1.63959e-06
      309.705      1050.00  1.54597e-06
      309.705      1060.00  1.45974e-06
      309.705      1070.00  1.38130e-06
      309.705      1080.00  1.31035e-06
      309.705      1090.00  1.24483e-06
      309.705      1100.00  1.18627e-06
      309.705      1110.00  1.13379e-06
      309.705      1120.00  1.08733e-06
      309.705      1130.00  1.04525e-06
      309.705      1140.00  1.01005e-06
      309.705      1150.00  9.75053e-07
      309.705      1160.00  9.48608e-07
      309.705      1170.00  9.22045e-07
      309.705      1180.00  9.01000e-07
      309.705      1190.00  8.80755e-07
      309.705      1200.00  8.65826e-07
      309.705      1210.00  8.46427e-07
      309.705      1220.00  8.32777e-07
      309.705      1230.00  8.25515e-07
      309.705      1240.00  7.96985e-07
      309.705      1250.00  7.72715e-07
      309.705      1260.00  7.49403e-07
      309.705      1270.00  7.25433e-07
      309.705      1280.00  6.99028e-07
      309.705      1290.00  6.69796e-07
      309.705      1300.00  6.38824e-07
      309.705      1325.00  5.60366e-07
      309.705      1350.00  4.86902e-07
      309.705      1375.00  4.21733e-07
      309.705      1400.00  3.65350e-07
      309.705      1425.00  3.17296e-07
      309.705      1450.00  2.76673e-07
      309.705      1475.00  2.42571e-07
      309.705      1500.00  2.14248e-07
      309.705      1525.00  1.91050e-07
      309.705      1550.00  1.72419e-07
      309.705      1575.00  1.57486e-07
      309.705      1600.00  1.45525e-07
      309.705      1625.00  1.33671e-07
      309.705      1650.00  1.21662e-07
      309.705      1675.00  1.09371e-07
      309.705      1700.00  9.68881e-08
      309.705      1725.00  8.53919e-08
      309.705      1750.00  7.52508e-08
      309.705      1775.00  6.65187e-08
      309.705      1800.00  5.90985e-08
      309.705      1825.00  5.28578e-08
      309.705      1850.00  4.76674e-08
      309.705      1875.00  4.33779e-08
      309.705      1900.00  3.99963e-08
      309.705      1925.00  3.71839e-08
      309.705      1950.00  3.50444e-08
      309.705      1975.00  3.35468e-08
      309.705      2000.00  3.23982e-08
      309.705      2025.00  3.15350e-08
      309.705      2050.00  3.10068e-08
      309.705      2075.00  2.99231e-08
      309.705      2100.00  2.87834e-08
      309.705      2125.00  2.74431e-08
      309.705      2150.00  2.59735e-08
      309.705      2175.00  2.44284e-08
      309.705      2200.00  2.28527e-08
      309.705      2225.00  2.12810e-08
      309.705      2250.00  1.97412e-08
      309.705      2275.00  1.82516e-08
      309.705      2300.00  1.68254e-08
      309.705      2325.00  1.54716e-08
      309.705      2350.00  1.41983e-08
      309.705      2375.00  1.30066e-08
      309.705      2400.00  1.18997e-08

      400.000     0.100000  1.52460e-13
      400.000     0.200000  6.09798e-13
      400.000     0.300000  1.37194e-12
      400.000     0.400000  2.43878e-12
      400.000     0.500000  3.81036e-12
      400.000     0.600000  5.48648e-12
      400.000     0.700000  7.46708e-12
      400.000     0.800000  9.75216e-12
      400.000     0.900000  1.23416e-11
      400.000      1.00000  1.52354e-11
      400.000      1.10000  1.84334e-11
      400.000      1.20000  2.19357e-11
      400.000      1.30000  2.57423e-11
      400.000      1.40000  2.98526e-11
      400.000      1.50000  3.42671e-11
      400.000      1.60000  3.89852e-11
      400.000      1.70000  4.40072e-11
      400.000      2.00000  6.08959e-11
      400.000      2.50000  9.51145e-11
      400.000      3.00000  1.36915e-10
      400.000      3.50000  1.86288e-10
      400.000      4.00000  2.43224e-10
      400.000      4.50000  3.07718e-10
      400.000      5.00000  3.79753e-10
      400.000      5.50000  4.59323e-10
      400.000      6.00000  5.46424e-10
      400.000      6.50000  6.41050e-10
      400.000      7.00000  7.43163e-10
      400.000      7.50000  8.52779e-10
      400.000      8.00000  9.69919e-10
      400.000      8.50000  1.09446e-09
      400.000      9.00000  1.22653e-09
      400.000      9.50000  1.36604e-09
      400.000      10.0000  1.51298e-09
      400.000      10.5000  1.66730e-09
      400.000      11.0000  1.82911e-09
      400.000      11.5000  1.99829e-09
      400.000      12.0000  2.17488e-09
      400.000      14.0000  2.95471e-09
      400.000      16.0000  3.85150e-09
      400.000      18.0000  4.86473e-09
      400.000      20.0000  5.99104e-09
      400.000      25.0000  9.29366e-09
      400.000      30.0000  1.32563e-08
      400.000      35.0000  1.78301e-08
      400.000      40.0000  2.29615e-08
      400.000      45.0000  2.86023e-08
      400.000      50.0000  3.46893e-08
      400.000      55.0000  4.11759e-08
      400.000      60.0000  4.80185e-08
      400.000      65.0000  5.51888e-08
      400.000      70.0000  6.26651e-08
      400.000      75.0000  7.03970e-08
      400.000      80.0000  7.83767e-08
      400.000      85.0000  8.65988e-08
      400.000      90.0000  9.51259e-08
      400.000      95.0000  1.03799e-07
      400.000      100.000  1.12729e-07
      400.000      110.000  1.31375e-07
      400.000      120.000  1.51349e-07
      400.000      130.000  1.72658e-07
      400.000      140.000  1.95924e-07
      400.000      150.000  2.21444e-07
      400.000      160.000  2.49651e-07
      400.000      170.000  2.81731e-07
      400.000      180.000  3.17451e-07
      400.000      190.000  3.58796e-07
      400.000      200.000  4.05430e-07
      400.000      210.000  4.58908e-07
      400.000      220.000  5.21358e-07
      400.000      230.000  5.91308e-07
      400.000      240.000  6.74932e-07
      400.000      250.000  7.65297e-07
      400.000      260.000  8.71898e-07
      400.000      270.000  9.89833e-07
      400.000      280.000  1.11763e-06
      400.000      290.000  1.27268e-06
      400.000      300.000  1.41929e-06
      400.000      310.000  1.59418e-06
      400.000      320.000  1.75701e-06
      400.000      330.000  1.92363e-06
      400.000      340.000  2.09368e-06
      400.000      350.000  2.22114e-06
      400.000      360.000  2.33706e-06
      400.000      365.000  2.38950e-06
      400.000      370.000  2.44082e-06
      400.000      380.000  2.52863e-06
      400.000      390.000  2.58552e-06
      400.000      400.000  2.61028e-06
      400.000      410.000  2.60014e-06
      400.000      420.000  2.58172e-06
      400.000      430.000  2.54764e-06
      400.000      440.000  2.50234e-06
      400.000      450.000  2.44864e-06
      400.000      460.000  2.38959e-06
      400.000      470.000  2.32758e-06
      400.000      480.000  2.26461e-06
      400.000      490.000  2.20185e-06
      400.000      500.000  2.14069e-06
      400.000      510.000  2.08232e-06
      400.000      520.000  2.02718e-06
      400.000      530.000  1.97797e-06
      400.000      540.000  1.93258e-06
      400.000      550.000  1.89314e-06
      400.000      560.000  1.86041e-06
      400.000      570.000  1.83549e-06
      400.000      580.000  1.81781e-06
      400.000      590.000  1.80942e-06
      400.000      600.000  1.81082e-06
      400.000      610.000  1.82271e-06
      400.000      620.000  1.84608e-06
      400.000      630.000  1.88179e-06
      400.000      640.000  1.93076e-06
      400.000      650.000  1.99657e-06
      400.000      660.000  2.07619e-06
      400.000      670.000  2.17282e-06
      400.000      680.000  2.29131e-06
      400.000      690.000  2.42587e-06
      400.000      700.000  2.58881e-06
      400.000      710.000  2.76364e-06
      400.000      720.000  2.97354e-06
      400.000      730.000  3.19343e-06
      400.000      740.000  3.42700e-06
      400.000      750.000  3.71133e-06
      400.000      760.000  3.96963e-06
      400.000      770.000  4.26560e-06
      400.000      780.000  4.52694e-06
      400.000      790.000  4.69003e-06
      400.000      800.000  5.01621e-06
      400.000      810.000  5.11555e-06
      400.000      820.000  5.20089e-06
      400.000      830.000  5.27759e-06
      400.000      840.000  5.32299e-06
      400.000      850.000  5.31035e-06
      400.000      860.000  5.23792e-06
      400.000      870.000  5.11599e-06
      400.000      880.000  4.95927e-06
      400.000      890.000  4.78049e-06
      400.000      900.000  4.58881e-06
      400.000      910.000  4.39002e-06
      400.000      920.000  4.18887e-06
      400.000      930.000  3.98941e-06
      400.000      940.000  3.79418e-06
      400.000      950.000  3.60457e-06
      400.000      960.000  3.42232e-06
      400.000      970.000  3.24787e-06
      400.000      980.000  3.08185e-06
      400.000      990.000  2.92485e-06
      400.000      1000.00  2.77673e-06
      400.000      1010.00  2.63786e-06
      400.000      1020.00  2.50781e-06
      400.000      1030.00  2.38712e-06
      400.000      1040.00  2.27429e-06
      400.000      1050.00  2.17048e-06
      400.000      1060.00  2.07517e-06
      400.000      1070.00  1.98779e-06
      400.000      1080.00  1.90895e-06
      400.000      1090.00  1.83749e-06
      400.000      1100.00  1.77373e-06
      400.000      1110.00  1.71816e-06
      400.000      1120.00  1.66838e-06
      400.000      1130.00  1.62784e-06
      400.000      1140.00  1.59155e-06
      400.000      1150.00  1.56359e-06
      400.000      1160.00  1.54044e-06
      400.000      1170.00  1.52059e-06
      400.000      1180.00  1.51096e-06
      400.000      1190.00  1.49953e-06
      400.000      1200.00  1.49771e-06
      400.000      1210.00  1.48835e-06
      400.000      1220.00  1.46989e-06
      400.000      1230.00  1.47552e-06
      400.000      1240.00  1.44860e-06
      400.000      1250.00  1.42125e-06
      400.000      1260.00  1.39505e-06
      400.000      1270.00  1.36666e-06
      400.000      1280.00  1.33240e-06
      400.000      1290.00  1.29136e-06
      400.000      1300.00  1.24478e-06
      400.000      1325.00  1.11716e-06
      400.000      1350.00  9.89107e-07
      400.000      1375.00  8.69896e-07
      400.000      1400.00  7.63066e-07
      400.000      1425.00  6.69281e-07
      400.000      1450.00  5.88120e-07
      400.000      1475.00  5.18452e-07
      400.000      1500.00  4.59179e-07
      400.000      1525.00  4.09167e-07
      400.000      1550.00  3.67172e-07
      400.000      1575.00  3.31811e-07
      400.000      1600.00  3.01150e-07
      400.000      1625.00  2.73418e-07
      400.000      1650.00  2.47283e-07
      400.000      1675.00  2.22562e-07
      400.000      1700.00  1.98898e-07
      400.000      1725.00  1.77257e-07
      400.000      1750.00  1.58003e-07
      400.000      1775.00  1.41123e-07
      400.000      1800.00  1.26459e-07
      400.000      1825.00  1.13798e-07
      400.000      1850.00  1.02950e-07
      400.000      1875.00  9.37119e-08
      400.000      1900.00  8.59207e-08
      400.000      1925.00  7.94294e-08
      400.000      1950.00  7.40831e-08
      400.000      1975.00  6.97614e-08
      400.000      2000.00  6.62737e-08
      400.000      2025.00  6.33452e-08
      400.000      2050.00  6.06634e-08
      400.000      2075.00  5.75754e-08
      400.000      2100.00  5.45128e-08
      400.000      2125.00  5.11832e-08
      400.000      2150.00  4.77906e-08
      400.000      2175.00  4.44596e-08
      400.000      2200.00  4.12577e-08
      400.000      2225.00  3.82207e-08
      400.000      2250.00  3.53580e-08
      400.000      2275.00  3.26736e-08
      400.000      2300.00  3.01629e-08
      400.000      2325.00  2.78270e-08
      400.000      2350.00  2.56610e-08
      400.000      2375.00  2.36584e-08
      400.000      2400.00  2.18179e-08

