      40.0000     0.100000  2.66937e-12
      40.0000     0.200000  1.06631e-11
      40.0000     0.300000  2.39666e-11
      40.0000     0.400000  4.25726e-11
      40.0000     0.500000  6.64808e-11
      40.0000     0.600000  9.56969e-11
      40.0000     0.700000  1.30231e-10
      40.0000     0.800000  1.70101e-10
      40.0000     0.900000  2.15331e-10
      40.0000      1.00000  2.65949e-10
      40.0000      1.10000  3.21990e-10
      40.0000      1.20000  3.83501e-10
      40.0000      1.30000  4.50528e-10
      40.0000      1.40000  5.23124e-10
      40.0000      1.50000  6.01347e-10
      40.0000      1.60000  6.85264e-10
      40.0000      1.70000  7.74930e-10
      40.0000      2.00000  1.07897e-09
      40.0000      2.50000  1.70379e-09
      40.0000      3.00000  2.47100e-09
      40.0000      3.50000  3.36550e-09
      40.0000      4.00000  4.37225e-09
      40.0000      4.50000  5.48317e-09
      40.0000      5.00000  6.69570e-09
      40.0000      5.50000  8.00927e-09
      40.0000      6.00000  9.42305e-09
      40.0000      6.50000  1.09354e-08
      40.0000      7.00000  1.25444e-08
      40.0000      7.50000  1.42475e-08
      40.0000      8.00000  1.60420e-08
      40.0000      8.50000  1.79252e-08
      40.0000      9.00000  1.98947e-08
      40.0000      9.50000  2.19480e-08
      40.0000      10.0000  2.40831e-08
      40.0000      10.5000  2.62984e-08
      40.0000      11.0000  2.85925e-08
      40.0000      11.5000  3.09641e-08
      40.0000      12.0000  3.34127e-08
      40.0000      14.0000  4.39528e-08
      40.0000      16.0000  5.55826e-08
      40.0000      18.0000  6.80461e-08
      40.0000      20.0000  8.09918e-08
      40.0000      25.0000  1.13340e-07
      40.0000      30.0000  1.42878e-07
      40.0000      35.0000  1.67633e-07
      40.0000      40.0000  1.86970e-07
      40.0000      45.0000  2.01050e-07
      40.0000      50.0000  2.10459e-07
      40.0000      55.0000  2.15932e-07
      40.0000      60.0000  2.18172e-07
      40.0000      65.0000  2.17852e-07
      40.0000      70.0000  2.15544e-07
      40.0000      75.0000  2.11756e-07
      40.0000      80.0000  2.06877e-07
      40.0000      85.0000  2.01223e-07
      40.0000      90.0000  1.95057e-07
      40.0000      95.0000  1.88570e-07
      40.0000      100.000  1.81926e-07
      40.0000      110.000  1.68591e-07
      40.0000      120.000  1.55646e-07
      40.0000      130.000  1.43430e-07
      40.0000      140.000  1.32085e-07
      40.0000      150.000  1.21644e-07
      40.0000      160.000  1.12111e-07
      40.0000      170.000  1.03507e-07
      40.0000      180.000  9.56854e-08
      40.0000      190.000  8.87062e-08
      40.0000      200.000  8.26223e-08
      40.0000      210.000  7.75660e-08
      40.0000      220.000  7.38473e-08
      40.0000      230.000  7.20010e-08
      40.0000      240.000  7.29264e-08
      40.0000      250.000  7.83324e-08
      40.0000      260.000  9.14460e-08
      40.0000      270.000  1.18013e-07
      40.0000      280.000  1.72235e-07
      40.0000      290.000  2.81757e-07
      40.0000      300.000  4.97223e-07
      40.0000      310.000  8.33310e-07
      40.0000      320.000  1.45217e-06
      40.0000      330.000  2.41742e-06
      40.0000      340.000  3.67427e-06
      40.0000      350.000  5.56173e-06
      40.0000      360.000  7.09555e-06
      40.0000      365.000  6.75554e-06
      40.0000      370.000  6.90728e-06
      40.0000      380.000  6.81726e-06
      40.0000      390.000  5.99661e-06
      40.0000      400.000  5.08007e-06
      40.0000      410.000  4.13725e-06
      40.0000      420.000  3.45290e-06
      40.0000      430.000  2.88841e-06
      40.0000      440.000  2.42979e-06
      40.0000      450.000  2.05760e-06
      40.0000      460.000  1.75682e-06
      40.0000      470.000  1.51395e-06
      40.0000      480.000  1.31994e-06
      40.0000      490.000  1.16967e-06
      40.0000      500.000  1.06193e-06
      40.0000      510.000  1.00275e-06
      40.0000      520.000  1.01133e-06
      40.0000      530.000  1.15106e-06
      40.0000      540.000  1.44197e-06
      40.0000      550.000  2.01640e-06
      40.0000      560.000  2.99732e-06
      40.0000      570.000  4.31287e-06
      40.0000      580.000  6.17863e-06
      40.0000      590.000  7.76504e-06
      40.0000      600.000  7.78219e-06
      40.0000      610.000  7.76410e-06
      40.0000      620.000  6.96786e-06
      40.0000      630.000  5.92204e-06
      40.0000      640.000  4.84660e-06
      40.0000      650.000  4.03066e-06
      40.0000      660.000  3.35932e-06
      40.0000      670.000  2.81741e-06
      40.0000      680.000  2.38319e-06
      40.0000      690.000  2.03613e-06
      40.0000      700.000  1.76005e-06
      40.0000      710.000  1.53594e-06
      40.0000      720.000  1.34073e-06
      40.0000      730.000  1.17821e-06
      40.0000      740.000  1.03330e-06
      40.0000      750.000  9.07858e-07
      40.0000      760.000  8.00172e-07
      40.0000      770.000  7.07964e-07
      40.0000      780.000  6.28925e-07
      40.0000      790.000  5.61009e-07
      40.0000      800.000  5.02292e-07
      40.0000      810.000  4.51274e-07
      40.0000      820.000  4.06784e-07
      40.0000      830.000  3.67831e-07
      40.0000      840.000  3.33782e-07
      40.0000      850.000  3.03656e-07
      40.0000      860.000  2.77285e-07
      40.0000      870.000  2.54357e-07
      40.0000      880.000  2.35730e-07
      40.0000      890.000  2.20686e-07
      40.0000      900.000  2.10931e-07
      40.0000      910.000  2.07952e-07
      40.0000      920.000  2.12318e-07
      40.0000      930.000  2.23770e-07
      40.0000      940.000  2.47034e-07
      40.0000      950.000  2.41823e-07
      40.0000      960.000  2.31983e-07
      40.0000      970.000  2.15282e-07
      40.0000      980.000  1.91642e-07
      40.0000      990.000  1.67994e-07
      40.0000      1000.00  1.47032e-07
      40.0000      1010.00  1.29224e-07
      40.0000      1020.00  1.14292e-07
      40.0000      1030.00  1.01789e-07
      40.0000      1040.00  9.12807e-08
      40.0000      1050.00  8.23465e-08
      40.0000      1060.00  7.47385e-08
      40.0000      1070.00  6.82334e-08
      40.0000      1080.00  6.26991e-08
      40.0000      1090.00  5.80641e-08
      40.0000      1100.00  5.45027e-08
      40.0000      1110.00  5.18571e-08
      40.0000      1120.00  5.05015e-08
      40.0000      1130.00  5.09226e-08
      40.0000      1140.00  5.39618e-08
      40.0000      1150.00  6.01263e-08
      40.0000      1160.00  6.94886e-08
      40.0000      1170.00  8.38471e-08
      40.0000      1180.00  8.91314e-08
      40.0000      1190.00  8.74031e-08
      40.0000      1200.00  8.41900e-08
      40.0000      1210.00  7.68586e-08
      40.0000      1220.00  6.86309e-08
      40.0000      1230.00  6.09734e-08
      40.0000      1240.00  5.42858e-08
      40.0000      1250.00  4.85631e-08
      40.0000      1260.00  4.36830e-08
      40.0000      1270.00  3.95009e-08
      40.0000      1280.00  3.58886e-08
      40.0000      1290.00  3.27418e-08
      40.0000      1300.00  2.99783e-08
      40.0000      1325.00  2.43520e-08
      40.0000      1350.00  2.00561e-08
      40.0000      1375.00  1.66858e-08
      40.0000      1400.00  1.39846e-08
      40.0000      1425.00  1.17944e-08
      40.0000      1450.00  1.00053e-08
      40.0000      1475.00  8.54376e-09
      40.0000      1500.00  7.36314e-09
      40.0000      1525.00  6.53111e-09
      40.0000      1550.00  6.17341e-09
      40.0000      1575.00  6.84020e-09
      40.0000      1600.00  8.80965e-09
      40.0000      1625.00  1.32688e-08
      40.0000      1650.00  1.42521e-08
      40.0000      1675.00  1.46640e-08
      40.0000      1700.00  1.39656e-08
      40.0000      1725.00  1.25127e-08
      40.0000      1750.00  1.08525e-08
      40.0000      1775.00  9.25985e-09
      40.0000      1800.00  7.83744e-09
      40.0000      1825.00  6.60971e-09
      40.0000      1850.00  5.56804e-09
      40.0000      1875.00  4.69188e-09
      40.0000      1900.00  3.95803e-09
      40.0000      1925.00  3.34498e-09
      40.0000      1950.00  2.83275e-09
      40.0000      1975.00  2.40446e-09
      40.0000      2000.00  2.04537e-09
      40.0000      2025.00  1.74420e-09
      40.0000      2050.00  1.49112e-09
      40.0000      2075.00  1.27794e-09
      40.0000      2100.00  1.09757e-09
      40.0000      2125.00  9.44853e-10
      40.0000      2150.00  8.15557e-10
      40.0000      2175.00  7.05584e-10
      40.0000      2200.00  6.11588e-10
      40.0000      2225.00  5.31125e-10
      40.0000      2250.00  4.62388e-10
      40.0000      2275.00  4.03434e-10
      40.0000      2300.00  3.52645e-10
      40.0000      2325.00  3.08660e-10
      40.0000      2350.00  2.70679e-10
      40.0000      2375.00  2.37928e-10
      40.0000      2400.00  2.09582e-10

      51.6620     0.100000  1.90109e-12
      51.6620     0.200000  7.59787e-12
      51.6620     0.300000  1.70836e-11
      51.6620     0.400000  3.03560e-11
      51.6620     0.500000  4.74167e-11
      51.6620     0.600000  6.82720e-11
      51.6620     0.700000  9.29332e-11
      51.6620     0.800000  1.21415e-10
      51.6620     0.900000  1.53736e-10
      51.6620      1.00000  1.89920e-10
      51.6620      1.10000  2.29990e-10
      51.6620      1.20000  2.73972e-10
      51.6620      1.30000  3.21897e-10
      51.6620      1.40000  3.73786e-10
      51.6620      1.50000  4.29659e-10
      51.6620      1.60000  4.89534e-10
      51.6620      1.70000  5.53423e-10
      51.6620      2.00000  7.69128e-10
      51.6620      2.50000  1.20744e-09
      51.6620      3.00000  1.73966e-09
      51.6620      3.50000  2.36028e-09
      51.6620      4.00000  3.06569e-09
      51.6620      4.50000  3.85406e-09
      51.6620      5.00000  4.72400e-09
      51.6620      5.50000  5.67429e-09
      51.6620      6.00000  6.70335e-09
      51.6620      6.50000  7.80954e-09
      51.6620      7.00000  8.99118e-09
      51.6620      7.50000  1.02462e-08
      51.6620      8.00000  1.15729e-08
      51.6620      8.50000  1.29692e-08
      51.6620      9.00000  1.44336e-08
      51.6620      9.50000  1.59644e-08
      51.6620      10.0000  1.75602e-08
      51.6620      10.5000  1.92197e-08
      51.6620      11.0000  2.09421e-08
      51.6620      11.5000  2.27267e-08
      51.6620      12.0000  2.45727e-08
      51.6620      14.0000  3.25533e-08
      51.6620      16.0000  4.14168e-08
      51.6620      18.0000  5.10059e-08
      51.6620      20.0000  6.11170e-08
      51.6620      25.0000  8.73665e-08
      51.6620      30.0000  1.12937e-07
      51.6620      35.0000  1.36003e-07
      51.6620      40.0000  1.55621e-07
      51.6620      45.0000  1.71484e-07
      51.6620      50.0000  1.83693e-07
      51.6620      55.0000  1.92548e-07
      51.6620      60.0000  1.98440e-07
      51.6620      65.0000  2.01795e-07
      51.6620      70.0000  2.03028e-07
      51.6620      75.0000  2.02530e-07
      51.6620      80.0000  2.00639e-07
      51.6620      85.0000  1.97648e-07
      51.6620      90.0000  1.93802e-07
      51.6620      95.0000  1.89327e-07
      51.6620      100.000  1.84395e-07
      51.6620      110.000  1.73703e-07
      51.6620      120.000  1.62550e-07
      51.6620      130.000  1.51481e-07
      51.6620      140.000  1.40850e-07
      51.6620      150.000  1.30779e-07
      51.6620      160.000  1.21508e-07
      51.6620      170.000  1.13101e-07
      51.6620      180.000  1.05635e-07
      51.6620      190.000  9.91344e-08
      51.6620      200.000  9.47040e-08
      51.6620      210.000  9.03921e-08
      51.6620      220.000  8.95753e-08
      51.6620      230.000  9.28204e-08
      51.6620      240.000  1.01210e-07
      51.6620      250.000  1.16862e-07
      51.6620      260.000  1.50050e-07
      51.6620      270.000  2.03845e-07
      51.6620      280.000  2.95516e-07
      51.6620      290.000  4.48221e-07
      51.6620      300.000  7.21591e-07
      51.6620      310.000  1.14404e-06
      51.6620      320.000  1.81456e-06
      51.6620      330.000  2.73401e-06
      51.6620      340.000  3.78074e-06
      51.6620      350.000  5.17494e-06
      51.6620      360.000  6.61770e-06
      51.6620      365.000  6.28476e-06
      51.6620      370.000  6.42079e-06
      51.6620      380.000  6.39443e-06
      51.6620      390.000  5.72121e-06
      51.6620      400.000  4.94830e-06
      51.6620      410.000  4.05110e-06
      51.6620      420.000  3.45262e-06
      51.6620      430.000  2.94027e-06
      51.6620      440.000  2.51174e-06
      51.6620      450.000  2.15762e-06
      51.6620      460.000  1.86734e-06
      51.6620      470.000  1.63384e-06
      51.6620      480.000  1.44545e-06
      51.6620      490.000  1.30863e-06
      51.6620      500.000  1.22924e-06
      51.6620      510.000  1.20340e-06
      51.6620      520.000  1.26332e-06
      51.6620      530.000  1.48748e-06
      51.6620      540.000  1.85048e-06
      51.6620      550.000  2.46296e-06
      51.6620      560.000  3.37517e-06
      51.6620      570.000  4.48270e-06
      51.6620      580.000  5.93203e-06
      51.6620      590.000  7.21371e-06
      51.6620      600.000  7.26554e-06
      51.6620      610.000  7.28815e-06
      51.6620      620.000  6.63563e-06
      51.6620      630.000  5.75688e-06
      51.6620      640.000  4.75986e-06
      51.6620      650.000  4.04189e-06
      51.6620      660.000  3.42890e-06
      51.6620      670.000  2.91844e-06
      51.6620      680.000  2.49834e-06
      51.6620      690.000  2.15338e-06
      51.6620      700.000  1.87199e-06
      51.6620      710.000  1.63816e-06
      51.6620      720.000  1.43513e-06
      51.6620      730.000  1.26431e-06
      51.6620      740.000  1.11409e-06
      51.6620      750.000  9.83618e-07
      51.6620      760.000  8.70739e-07
      51.6620      770.000  7.73316e-07
      51.6620      780.000  6.89246e-07
      51.6620      790.000  6.16457e-07
      51.6620      800.000  5.53271e-07
      51.6620      810.000  4.98138e-07
      51.6620      820.000  4.49912e-07
      51.6620      830.000  4.07621e-07
      51.6620      840.000  3.70516e-07
      51.6620      850.000  3.37909e-07
      51.6620      860.000  3.09639e-07
      51.6620      870.000  2.85156e-07
      51.6620      880.000  2.64795e-07
      51.6620      890.000  2.49369e-07
      51.6620      900.000  2.40120e-07
      51.6620      910.000  2.35126e-07
      51.6620      920.000  2.35315e-07
      51.6620      930.000  2.44447e-07
      51.6620      940.000  2.53970e-07
      51.6620      950.000  2.45640e-07
      51.6620      960.000  2.34990e-07
      51.6620      970.000  2.19499e-07
      51.6620      980.000  1.98569e-07
      51.6620      990.000  1.77030e-07
      51.6620      1000.00  1.57259e-07
      51.6620      1010.00  1.39931e-07
      51.6620      1020.00  1.25013e-07
      51.6620      1030.00  1.12226e-07
      51.6620      1040.00  1.01286e-07
      51.6620      1050.00  9.19087e-08
      51.6620      1060.00  8.38603e-08
      51.6620      1070.00  7.70028e-08
      51.6620      1080.00  7.13879e-08
      51.6620      1090.00  6.64359e-08
      51.6620      1100.00  6.26048e-08
      51.6620      1110.00  5.99534e-08
      51.6620      1120.00  5.93045e-08
      51.6620      1130.00  5.99709e-08
      51.6620      1140.00  6.25600e-08
      51.6620      1150.00  6.76693e-08
      51.6620      1160.00  7.91943e-08
      51.6620      1170.00  8.59681e-08
      51.6620      1180.00  8.72615e-08
      51.6620      1190.00  8.57232e-08
      51.6620      1200.00  8.27469e-08
      51.6620      1210.00  7.66712e-08
      51.6620      1220.00  6.95622e-08
      51.6620      1230.00  6.26767e-08
      51.6620      1240.00  5.64625e-08
      51.6620      1250.00  5.10011e-08
      51.6620      1260.00  4.62383e-08
      51.6620      1270.00  4.20830e-08
      51.6620      1280.00  3.84448e-08
      51.6620      1290.00  3.52386e-08
      51.6620      1300.00  3.23995e-08
      51.6620      1325.00  2.65486e-08
      51.6620      1350.00  2.20223e-08
      51.6620      1375.00  1.84329e-08
      51.6620      1400.00  1.55366e-08
      51.6620      1425.00  1.31757e-08
      51.6620      1450.00  1.12442e-08
      51.6620      1475.00  9.67896e-09
      51.6620      1500.00  8.46571e-09
      51.6620      1525.00  7.66209e-09
      51.6620      1550.00  7.53877e-09
      51.6620      1575.00  8.22348e-09
      51.6620      1600.00  1.01305e-08
      51.6620      1625.00  1.34599e-08
      51.6620      1650.00  1.42446e-08
      51.6620      1675.00  1.45245e-08
      51.6620      1700.00  1.39168e-08
      51.6620      1725.00  1.26498e-08
      51.6620      1750.00  1.11438e-08
      51.6620      1775.00  9.64748e-09
      51.6620      1800.00  8.27077e-09
      51.6620      1825.00  7.05379e-09
      51.6620      1850.00  6.00051e-09
      51.6620      1875.00  5.09978e-09
      51.6620      1900.00  4.33499e-09
      51.6620      1925.00  3.68785e-09
      51.6620      1950.00  3.14177e-09
      51.6620      1975.00  2.68073e-09
      51.6620      2000.00  2.29127e-09
      51.6620      2025.00  1.96240e-09
      51.6620      2050.00  1.68410e-09
      51.6620      2075.00  1.44821e-09
      51.6620      2100.00  1.24794e-09
      51.6620      2125.00  1.07757e-09
      51.6620      2150.00  9.32511e-10
      51.6620      2175.00  8.08589e-10
      51.6620      2200.00  7.02482e-10
      51.6620      2225.00  6.11447e-10
      51.6620      2250.00  5.33322e-10
      51.6620      2275.00  4.66079e-10
      51.6620      2300.00  4.08026e-10
      51.6620      2325.00  3.57775e-10
      51.6620      2350.00  3.14279e-10
      51.6620      2375.00  2.76581e-10
      51.6620      2400.00  2.43833e-10

      66.7240     0.100000  1.36218e-12
      66.7240     0.200000  5.44888e-12
      66.7240     0.300000  1.22624e-11
      66.7240     0.400000  2.18071e-11
      66.7240     0.500000  3.40897e-11
      66.7240     0.600000  4.91179e-11
      66.7240     0.700000  6.69008e-11
      66.7240     0.800000  8.74460e-11
      66.7240     0.900000  1.10763e-10
      66.7240      1.00000  1.36858e-10
      66.7240      1.10000  1.65735e-10
      66.7240      1.20000  1.97399e-10
      66.7240      1.30000  2.31847e-10
      66.7240      1.40000  2.69076e-10
      66.7240      1.50000  3.09081e-10
      66.7240      1.60000  3.51855e-10
      66.7240      1.70000  3.97384e-10
      66.7240      2.00000  5.50394e-10
      66.7240      2.50000  8.59242e-10
      66.7240      3.00000  1.23391e-09
      66.7240      3.50000  1.67310e-09
      66.7240      4.00000  2.17584e-09
      66.7240      4.50000  2.74130e-09
      66.7240      5.00000  3.36865e-09
      66.7240      5.50000  4.05715e-09
      66.7240      6.00000  4.80584e-09
      66.7240      6.50000  5.61378e-09
      66.7240      7.00000  6.47973e-09
      66.7240      7.50000  7.40247e-09
      66.7240      8.00000  8.38055e-09
      66.7240      8.50000  9.41255e-09
      66.7240      9.00000  1.04973e-08
      66.7240      9.50000  1.16336e-08
      66.7240      10.0000  1.28205e-08
      66.7240      10.5000  1.40574e-08
      66.7240      11.0000  1.53436e-08
      66.7240      11.5000  1.66789e-08
      66.7240      12.0000  1.80623e-08
      66.7240      14.0000  2.40684e-08
      66.7240      16.0000  3.07827e-08
      66.7240      18.0000  3.81103e-08
      66.7240      20.0000  4.59312e-08
      66.7240      25.0000  6.68382e-08
      66.7240      30.0000  8.82581e-08
      66.7240      35.0000  1.08727e-07
      66.7240      40.0000  1.27303e-07
      66.7240      45.0000  1.43496e-07
      66.7240      50.0000  1.57104e-07
      66.7240      55.0000  1.68140e-07
      66.7240      60.0000  1.76737e-07
      66.7240      65.0000  1.83098e-07
      66.7240      70.0000  1.87464e-07
      66.7240      75.0000  1.90082e-07
      66.7240      80.0000  1.91206e-07
      66.7240      85.0000  1.91062e-07
      66.7240      90.0000  1.89855e-07
      66.7240      95.0000  1.87804e-07
      66.7240      100.000  1.85035e-07
      66.7240      110.000  1.77986e-07
      66.7240      120.000  1.69624e-07
      66.7240      130.000  1.60711e-07
      66.7240      140.000  1.51614e-07
      66.7240      150.000  1.42901e-07
      66.7240      160.000  1.34804e-07
      66.7240      170.000  1.27305e-07
      66.7240      180.000  1.21355e-07
      66.7240      190.000  1.16849e-07
      66.7240      200.000  1.13930e-07
      66.7240      210.000  1.15139e-07
      66.7240      220.000  1.19577e-07
      66.7240      230.000  1.29302e-07
      66.7240      240.000  1.50836e-07
      66.7240      250.000  1.84421e-07
      66.7240      260.000  2.37881e-07
      66.7240      270.000  3.24779e-07
      66.7240      280.000  4.57547e-07
      66.7240      290.000  6.61676e-07
      66.7240      300.000  9.89611e-07
      66.7240      310.000  1.43864e-06
      66.7240      320.000  2.07310e-06
      66.7240      330.000  2.90790e-06
      66.7240      340.000  3.83551e-06
      66.7240      350.000  4.82267e-06
      66.7240      360.000  6.13784e-06
      66.7240      365.000  5.83819e-06
      66.7240      370.000  5.97259e-06
      66.7240      380.000  5.99538e-06
      66.7240      390.000  5.45102e-06
      66.7240      400.000  4.81134e-06
      66.7240      410.000  3.99034e-06
      66.7240      420.000  3.47848e-06
      66.7240      430.000  3.02130e-06
      66.7240      440.000  2.63043e-06
      66.7240      450.000  2.30059e-06
      66.7240      460.000  2.02604e-06
      66.7240      470.000  1.80684e-06
      66.7240      480.000  1.63914e-06
      66.7240      490.000  1.53002e-06
      66.7240      500.000  1.46820e-06
      66.7240      510.000  1.49480e-06
      66.7240      520.000  1.59052e-06
      66.7240      530.000  1.88253e-06
      66.7240      540.000  2.27010e-06
      66.7240      550.000  2.87308e-06
      66.7240      560.000  3.76358e-06
      66.7240      570.000  4.77418e-06
      66.7240      580.000  5.67604e-06
      66.7240      590.000  6.79726e-06
      66.7240      600.000  6.81723e-06
      66.7240      610.000  6.87327e-06
      66.7240      620.000  6.34052e-06
      66.7240      630.000  5.61076e-06
      66.7240      640.000  4.70505e-06
      66.7240      650.000  4.08146e-06
      66.7240      660.000  3.52848e-06
      66.7240      670.000  3.05247e-06
      66.7240      680.000  2.64885e-06
      66.7240      690.000  2.30897e-06
      66.7240      700.000  2.02295e-06
      66.7240      710.000  1.78149e-06
      66.7240      720.000  1.57013e-06
      66.7240      730.000  1.39051e-06
      66.7240      740.000  1.23309e-06
      66.7240      750.000  1.09589e-06
      66.7240      760.000  9.76689e-07
      66.7240      770.000  8.73345e-07
      66.7240      780.000  7.85065e-07
      66.7240      790.000  7.07023e-07
      66.7240      800.000  6.41442e-07
      66.7240      810.000  5.81943e-07
      66.7240      820.000  5.30150e-07
      66.7240      830.000  4.83158e-07
      66.7240      840.000  4.41660e-07
      66.7240      850.000  4.04069e-07
      66.7240      860.000  3.71116e-07
      66.7240      870.000  3.42148e-07
      66.7240      880.000  3.18499e-07
      66.7240      890.000  2.98919e-07
      66.7240      900.000  2.86160e-07
      66.7240      910.000  2.76505e-07
      66.7240      920.000  2.74816e-07
      66.7240      930.000  2.70966e-07
      66.7240      940.000  2.72756e-07
      66.7240      950.000  2.63009e-07
      66.7240      960.000  2.50584e-07
      66.7240      970.000  2.34931e-07
      66.7240      980.000  2.15253e-07
      66.7240      990.000  1.94812e-07
      66.7240      1000.00  1.75544e-07
      66.7240      1010.00  1.58203e-07
      66.7240      1020.00  1.42891e-07
      66.7240      1030.00  1.29470e-07
      66.7240      1040.00  1.17837e-07
      66.7240      1050.00  1.07691e-07
      66.7240      1060.00  9.89552e-08
      66.7240      1070.00  9.13988e-08
      66.7240      1080.00  8.50621e-08
      66.7240      1090.00  7.97568e-08
      66.7240      1100.00  7.58455e-08
      66.7240      1110.00  7.28372e-08
      66.7240      1120.00  7.21862e-08
      66.7240      1130.00  7.18231e-08
      66.7240      1140.00  7.56317e-08
      66.7240      1150.00  7.79710e-08
      66.7240      1160.00  8.44680e-08
      66.7240      1170.00  8.76783e-08
      66.7240      1180.00  8.94078e-08
      66.7240      1190.00  8.76946e-08
      66.7240      1200.00  8.47049e-08
      66.7240      1210.00  7.94001e-08
      66.7240      1220.00  7.30804e-08
      66.7240      1230.00  6.67587e-08
      66.7240      1240.00  6.08742e-08
      66.7240      1250.00  5.55585e-08
      66.7240      1260.00  5.08139e-08
      66.7240      1270.00  4.65934e-08
      66.7240      1280.00  4.28389e-08
      66.7240      1290.00  3.94885e-08
      66.7240      1300.00  3.64887e-08
      66.7240      1325.00  3.02251e-08
      66.7240      1350.00  2.53156e-08
      66.7240      1375.00  2.14309e-08
      66.7240      1400.00  1.82704e-08
      66.7240      1425.00  1.56428e-08
      66.7240      1450.00  1.34452e-08
      66.7240      1475.00  1.17022e-08
      66.7240      1500.00  1.04117e-08
      66.7240      1525.00  9.64126e-09
      66.7240      1550.00  9.48754e-09
      66.7240      1575.00  1.02308e-08
      66.7240      1600.00  1.19933e-08
      66.7240      1625.00  1.41609e-08
      66.7240      1650.00  1.47256e-08
      66.7240      1675.00  1.48536e-08
      66.7240      1700.00  1.42798e-08
      66.7240      1725.00  1.31420e-08
      66.7240      1750.00  1.17537e-08
      66.7240      1775.00  1.03291e-08
      66.7240      1800.00  8.98120e-09
      66.7240      1825.00  7.75864e-09
      66.7240      1850.00  6.67692e-09
      66.7240      1875.00  5.73438e-09
      66.7240      1900.00  4.92081e-09
      66.7240      1925.00  4.22269e-09
      66.7240      1950.00  3.62597e-09
      66.7240      1975.00  3.11801e-09
      66.7240      2000.00  2.68535e-09
      66.7240      2025.00  2.31851e-09
      66.7240      2050.00  2.01070e-09
      66.7240      2075.00  1.74300e-09
      66.7240      2100.00  1.51402e-09
      66.7240      2125.00  1.31683e-09
      66.7240      2150.00  1.14605e-09
      66.7240      2175.00  9.98221e-10
      66.7240      2200.00  8.70472e-10
      66.7240      2225.00  7.60151e-10
      66.7240      2250.00  6.64646e-10
      66.7240      2275.00  5.81975e-10
      66.7240      2300.00  5.10403e-10
      66.7240      2325.00  4.48392e-10
      66.7240      2350.00  3.94513e-10
      66.7240      2375.00  3.47579e-10
      66.7240      2400.00  3.06674e-10

      86.1770     0.100000  1.00123e-12
      86.1770     0.200000  4.00582e-12
      86.1770     0.300000  9.01487e-12
      86.1770     0.400000  1.60294e-11
      86.1770     0.500000  2.50495e-11
      86.1770     0.600000  3.60751e-11
      86.1770     0.700000  4.91051e-11
      86.1770     0.800000  6.41387e-11
      86.1770     0.900000  8.11717e-11
      86.1770      1.00000  1.00205e-10
      86.1770      1.10000  1.21230e-10
      86.1770      1.20000  1.44248e-10
      86.1770      1.30000  1.69253e-10
      86.1770      1.40000  1.96241e-10
      86.1770      1.50000  2.25209e-10
      86.1770      1.60000  2.56155e-10
      86.1770      1.70000  2.89072e-10
      86.1770      2.00000  3.99622e-10
      86.1770      2.50000  6.23023e-10
      86.1770      3.00000  8.95115e-10
      86.1770      3.50000  1.21570e-09
      86.1770      4.00000  1.58455e-09
      86.1770      4.50000  2.00146e-09
      86.1770      5.00000  2.46609e-09
      86.1770      5.50000  2.97792e-09
      86.1770      6.00000  3.53613e-09
      86.1770      6.50000  4.13972e-09
      86.1770      7.00000  4.78765e-09
      86.1770      7.50000  5.47870e-09
      86.1770      8.00000  6.21167e-09
      86.1770      8.50000  6.98566e-09
      86.1770      9.00000  7.79991e-09
      86.1770      9.50000  8.65375e-09
      86.1770      10.0000  9.54676e-09
      86.1770      10.5000  1.04787e-08
      86.1770      11.0000  1.14491e-08
      86.1770      11.5000  1.24579e-08
      86.1770      12.0000  1.35050e-08
      86.1770      14.0000  1.80683e-08
      86.1770      16.0000  2.32041e-08
      86.1770      18.0000  2.88580e-08
      86.1770      20.0000  3.49604e-08
      86.1770      25.0000  5.16799e-08
      86.1770      30.0000  6.94841e-08
      86.1770      35.0000  8.72269e-08
      86.1770      40.0000  1.04116e-07
      86.1770      45.0000  1.19647e-07
      86.1770      50.0000  1.33519e-07
      86.1770      55.0000  1.45599e-07
      86.1770      60.0000  1.55864e-07
      86.1770      65.0000  1.64347e-07
      86.1770      70.0000  1.71130e-07
      86.1770      75.0000  1.76352e-07
      86.1770      80.0000  1.80175e-07
      86.1770      85.0000  1.82740e-07
      86.1770      90.0000  1.84164e-07
      86.1770      95.0000  1.84627e-07
      86.1770      100.000  1.84294e-07
      86.1770      110.000  1.81608e-07
      86.1770      120.000  1.77058e-07
      86.1770      130.000  1.71336e-07
      86.1770      140.000  1.65172e-07
      86.1770      150.000  1.58950e-07
      86.1770      160.000  1.53410e-07
      86.1770      170.000  1.48720e-07
      86.1770      180.000  1.45978e-07
      86.1770      190.000  1.45200e-07
      86.1770      200.000  1.48172e-07
      86.1770      210.000  1.55238e-07
      86.1770      220.000  1.69562e-07
      86.1770      230.000  1.92954e-07
      86.1770      240.000  2.29512e-07
      86.1770      250.000  2.85003e-07
      86.1770      260.000  3.67658e-07
      86.1770      270.000  4.89268e-07
      86.1770      280.000  6.66756e-07
      86.1770      290.000  9.22439e-07
      86.1770      300.000  1.28131e-06
      86.1770      310.000  1.68667e-06
      86.1770      320.000  2.28196e-06
      86.1770      330.000  2.97451e-06
      86.1770      340.000  3.68199e-06
      86.1770      350.000  4.46379e-06
      86.1770      360.000  5.17922e-06
      86.1770      365.000  5.11558e-06
      86.1770      370.000  5.21893e-06
      86.1770      380.000  5.24348e-06
      86.1770      390.000  4.92148e-06
      86.1770      400.000  4.48259e-06
      86.1770      410.000  3.93330e-06
      86.1770      420.000  3.50653e-06
      86.1770      430.000  3.11302e-06
      86.1770      440.000  2.76833e-06
      86.1770      450.000  2.47276e-06
      86.1770      460.000  2.22764e-06
      86.1770      470.000  2.03325e-06
      86.1770      480.000  1.89112e-06
      86.1770      490.000  1.80529e-06
      86.1770      500.000  1.78343e-06
      86.1770      510.000  1.83759e-06
      86.1770      520.000  1.98540e-06
      86.1770      530.000  2.29161e-06
      86.1770      540.000  2.71754e-06
      86.1770      550.000  3.31860e-06
      86.1770      560.000  4.08626e-06
      86.1770      570.000  4.84869e-06
      86.1770      580.000  5.71907e-06
      86.1770      590.000  6.18035e-06
      86.1770      600.000  6.22444e-06
      86.1770      610.000  6.23947e-06
      86.1770      620.000  5.88619e-06
      86.1770      630.000  5.35078e-06
      86.1770      640.000  4.71152e-06
      86.1770      650.000  4.16906e-06
      86.1770      660.000  3.67142e-06
      86.1770      670.000  3.22946e-06
      86.1770      680.000  2.84385e-06
      86.1770      690.000  2.50987e-06
      86.1770      700.000  2.22289e-06
      86.1770      710.000  1.97415e-06
      86.1770      720.000  1.75602e-06
      86.1770      730.000  1.56856e-06
      86.1770      740.000  1.40462e-06
      86.1770      750.000  1.26214e-06
      86.1770      760.000  1.13899e-06
      86.1770      770.000  1.03341e-06
      86.1770      780.000  9.43402e-07
      86.1770      790.000  8.66426e-07
      86.1770      800.000  7.98859e-07
      86.1770      810.000  7.42001e-07
      86.1770      820.000  6.86455e-07
      86.1770      830.000  6.34239e-07
      86.1770      840.000  5.86207e-07
      86.1770      850.000  5.39884e-07
      86.1770      860.000  4.96507e-07
      86.1770      870.000  4.57585e-07
      86.1770      880.000  4.23903e-07
      86.1770      890.000  3.95755e-07
      86.1770      900.000  3.73274e-07
      86.1770      910.000  3.56003e-07
      86.1770      920.000  3.42551e-07
      86.1770      930.000  3.31204e-07
      86.1770      940.000  3.22804e-07
      86.1770      950.000  3.08266e-07
      86.1770      960.000  2.91469e-07
      86.1770      970.000  2.73333e-07
      86.1770      980.000  2.52389e-07
      86.1770      990.000  2.30890e-07
      86.1770      1000.00  2.10543e-07
      86.1770      1010.00  1.91829e-07
      86.1770      1020.00  1.75087e-07
      86.1770      1030.00  1.60120e-07
      86.1770      1040.00  1.46908e-07
      86.1770      1050.00  1.35280e-07
      86.1770      1060.00  1.25119e-07
      86.1770      1070.00  1.16310e-07
      86.1770      1080.00  1.08802e-07
      86.1770      1090.00  1.02568e-07
      86.1770      1100.00  9.76508e-08
      86.1770      1110.00  9.41477e-08
      86.1770      1120.00  9.22544e-08
      86.1770      1130.00  9.22725e-08
      86.1770      1140.00  9.46298e-08
      86.1770      1150.00  9.89821e-08
      86.1770      1160.00  1.00892e-07
      86.1770      1170.00  1.05454e-07
      86.1770      1180.00  9.84858e-08
      86.1770      1190.00  9.60383e-08
      86.1770      1200.00  9.27078e-08
      86.1770      1210.00  8.75518e-08
      86.1770      1220.00  8.14418e-08
      86.1770      1230.00  7.52414e-08
      86.1770      1240.00  6.93516e-08
      86.1770      1250.00  6.39122e-08
      86.1770      1260.00  5.89577e-08
      86.1770      1270.00  5.44740e-08
      86.1770      1280.00  5.04215e-08
      86.1770      1290.00  4.67625e-08
      86.1770      1300.00  4.34502e-08
      86.1770      1325.00  3.64575e-08
      86.1770      1350.00  3.09628e-08
      86.1770      1375.00  2.66601e-08
      86.1770      1400.00  2.32232e-08
      86.1770      1425.00  2.01716e-08
      86.1770      1450.00  1.74995e-08
      86.1770      1475.00  1.52950e-08
      86.1770      1500.00  1.37086e-08
      86.1770      1525.00  1.27539e-08
      86.1770      1550.00  1.24944e-08
      86.1770      1575.00  1.29508e-08
      86.1770      1600.00  1.41030e-08
      86.1770      1625.00  1.56816e-08
      86.1770      1650.00  1.59760e-08
      86.1770      1675.00  1.59075e-08
      86.1770      1700.00  1.52953e-08
      86.1770      1725.00  1.42015e-08
      86.1770      1750.00  1.28656e-08
      86.1770      1775.00  1.14672e-08
      86.1770      1800.00  1.01122e-08
      86.1770      1825.00  8.85427e-09
      86.1770      1850.00  7.71747e-09
      86.1770      1875.00  6.70850e-09
      86.1770      1900.00  5.82230e-09
      86.1770      1925.00  5.05202e-09
      86.1770      1950.00  4.38648e-09
      86.1770      1975.00  3.81637e-09
      86.1770      2000.00  3.33101e-09
      86.1770      2025.00  2.92133e-09
      86.1770      2050.00  2.57762e-09
      86.1770      2075.00  2.27868e-09
      86.1770      2100.00  2.01132e-09
      86.1770      2125.00  1.77502e-09
      86.1770      2150.00  1.56348e-09
      86.1770      2175.00  1.37450e-09
      86.1770      2200.00  1.20697e-09
      86.1770      2225.00  1.05948e-09
      86.1770      2250.00  9.30073e-10
      86.1770      2275.00  8.16910e-10
      86.1770      2300.00  7.18199e-10
      86.1770      2325.00  6.31983e-10
      86.1770      2350.00  5.56778e-10
      86.1770      2375.00  4.91015e-10
      86.1770      2400.00  4.33664e-10

      111.302     0.100000  7.46353e-13
      111.302     0.200000  2.98397e-12
      111.302     0.300000  6.71064e-12
      111.302     0.400000  1.19241e-11
      111.302     0.500000  1.86220e-11
      111.302     0.600000  2.68024e-11
      111.302     0.700000  3.64633e-11
      111.302     0.800000  4.76027e-11
      111.302     0.900000  6.02183e-11
      111.302      1.00000  7.43098e-11
      111.302      1.10000  8.98746e-11
      111.302      1.20000  1.06913e-10
      111.302      1.30000  1.25423e-10
      111.302      1.40000  1.45402e-10
      111.302      1.50000  1.66854e-10
      111.302      1.60000  1.89774e-10
      111.302      1.70000  2.14167e-10
      111.302      2.00000  2.96155e-10
      111.302      2.50000  4.62218e-10
      111.302      3.00000  6.65100e-10
      111.302      3.50000  9.04839e-10
      111.302      4.00000  1.18139e-09
      111.302      4.50000  1.49455e-09
      111.302      5.00000  1.84389e-09
      111.302      5.50000  2.22891e-09
      111.302      6.00000  2.64880e-09
      111.302      6.50000  3.10285e-09
      111.302      7.00000  3.59035e-09
      111.302      7.50000  4.11059e-09
      111.302      8.00000  4.66301e-09
      111.302      8.50000  5.24722e-09
      111.302      9.00000  5.86298e-09
      111.302      9.50000  6.50990e-09
      111.302      10.0000  7.18795e-09
      111.302      10.5000  7.89681e-09
      111.302      11.0000  8.63645e-09
      111.302      11.5000  9.40687e-09
      111.302      12.0000  1.02076e-08
      111.302      14.0000  1.37111e-08
      111.302      16.0000  1.76783e-08
      111.302      18.0000  2.20772e-08
      111.302      20.0000  2.68686e-08
      111.302      25.0000  4.02403e-08
      111.302      30.0000  5.49094e-08
      111.302      35.0000  7.00521e-08
      111.302      40.0000  8.50427e-08
      111.302      45.0000  9.94428e-08
      111.302      50.0000  1.12945e-07
      111.302      55.0000  1.25336e-07
      111.302      60.0000  1.36486e-07
      111.302      65.0000  1.46352e-07
      111.302      70.0000  1.54921e-07
      111.302      75.0000  1.62241e-07
      111.302      80.0000  1.68364e-07
      111.302      85.0000  1.73335e-07
      111.302      90.0000  1.77268e-07
      111.302      95.0000  1.80270e-07
      111.302      100.000  1.82496e-07
      111.302      110.000  1.84749e-07
      111.302      120.000  1.84784e-07
      111.302      130.000  1.83727e-07
      111.302      140.000  1.81535e-07
      111.302      150.000  1.79275e-07
      111.302      160.000  1.78251e-07
      111.302      170.000  1.78165e-07
      111.302      180.000  1.80371e-07
      111.302      190.000  1.86755e-07
      111.302      200.000  1.96067e-07
      111.302      210.000  2.12895e-07
      111.302      220.000  2.37699e-07
      111.302      230.000  2.74193e-07
      111.302      240.000  3.26674e-07
      111.302      250.000  3.99736e-07
      111.302      260.000  5.11860e-07
      111.302      270.000  6.42281e-07
      111.302      280.000  8.36733e-07
      111.302      290.000  1.08836e-06
      111.302      300.000  1.41563e-06
      111.302      310.000  1.84899e-06
      111.302      320.000  2.36041e-06
      111.302      330.000  2.97951e-06
      111.302      340.000  3.47637e-06
      111.302      350.000  4.05880e-06
      111.302      360.000  4.47775e-06
      111.302      365.000  4.50184e-06
      111.302      370.000  4.58670e-06
      111.302      380.000  4.62977e-06
      111.302      390.000  4.45107e-06
      111.302      400.000  4.15899e-06
      111.302      410.000  3.79524e-06
      111.302      420.000  3.46170e-06
      111.302      430.000  3.14916e-06
      111.302      440.000  2.86663e-06
      111.302      450.000  2.62345e-06
      111.302      460.000  2.42235e-06
      111.302      470.000  2.26771e-06
      111.302      480.000  2.17984e-06
      111.302      490.000  2.11456e-06
      111.302      500.000  2.13638e-06
      111.302      510.000  2.21838e-06
      111.302      520.000  2.39608e-06
      111.302      530.000  2.70481e-06
      111.302      540.000  3.07010e-06
      111.302      550.000  3.60588e-06
      111.302      560.000  4.22763e-06
      111.302      570.000  4.72574e-06
      111.302      580.000  5.42122e-06
      111.302      590.000  5.77190e-06
      111.302      600.000  5.82678e-06
      111.302      610.000  5.83276e-06
      111.302      620.000  5.59064e-06
      111.302      630.000  5.19056e-06
      111.302      640.000  4.72020e-06
      111.302      650.000  4.25894e-06
      111.302      660.000  3.82083e-06
      111.302      670.000  3.41994e-06
      111.302      680.000  3.05922e-06
      111.302      690.000  2.74013e-06
      111.302      700.000  2.45857e-06
      111.302      710.000  2.21215e-06
      111.302      720.000  1.99621e-06
      111.302      730.000  1.80726e-06
      111.302      740.000  1.64531e-06
      111.302      750.000  1.50531e-06
      111.302      760.000  1.38819e-06
      111.302      770.000  1.29112e-06
      111.302      780.000  1.21326e-06
      111.302      790.000  1.17694e-06
      111.302      800.000  1.09492e-06
      111.302      810.000  1.07200e-06
      111.302      820.000  1.00011e-06
      111.302      830.000  9.42729e-07
      111.302      840.000  8.87255e-07
      111.302      850.000  8.26321e-07
      111.302      860.000  7.63986e-07
      111.302      870.000  7.03563e-07
      111.302      880.000  6.49197e-07
      111.302      890.000  6.00735e-07
      111.302      900.000  5.58985e-07
      111.302      910.000  5.23261e-07
      111.302      920.000  4.92135e-07
      111.302      930.000  4.72518e-07
      111.302      940.000  4.40566e-07
      111.302      950.000  4.14278e-07
      111.302      960.000  3.88315e-07
      111.302      970.000  3.63090e-07
      111.302      980.000  3.36944e-07
      111.302      990.000  3.11372e-07
      111.302      1000.00  2.87488e-07
      111.302      1010.00  2.65912e-07
      111.302      1020.00  2.45838e-07
      111.302      1030.00  2.29165e-07
      111.302      1040.00  2.11856e-07
      111.302      1050.00  1.96977e-07
      111.302      1060.00  1.83622e-07
      111.302      1070.00  1.71501e-07
      111.302      1080.00  1.60787e-07
      111.302      1090.00  1.51233e-07
      111.302      1100.00  1.43636e-07
      111.302      1110.00  1.36871e-07
      111.302      1120.00  1.32105e-07
      111.302      1130.00  1.28737e-07
      111.302      1140.00  1.26749e-07
      111.302      1150.00  1.29061e-07
      111.302      1160.00  1.24762e-07
      111.302      1170.00  1.26258e-07
      111.302      1180.00  1.21805e-07
      111.302      1190.00  1.17669e-07
      111.302      1200.00  1.13106e-07
      111.302      1210.00  1.07112e-07
      111.302      1220.00  1.00327e-07
      111.302      1230.00  9.34732e-08
      111.302      1240.00  8.68941e-08
      111.302      1250.00  8.07321e-08
      111.302      1260.00  7.50260e-08
      111.302      1270.00  6.97936e-08
      111.302      1280.00  6.50137e-08
      111.302      1290.00  6.06543e-08
      111.302      1300.00  5.66875e-08
      111.302      1325.00  4.82999e-08
      111.302      1350.00  4.18347e-08
      111.302      1375.00  3.69832e-08
      111.302      1400.00  3.31192e-08
      111.302      1425.00  2.92997e-08
      111.302      1450.00  2.55468e-08
      111.302      1475.00  2.23316e-08
      111.302      1500.00  1.99300e-08
      111.302      1525.00  1.83482e-08
      111.302      1550.00  1.75494e-08
      111.302      1575.00  1.74456e-08
      111.302      1600.00  1.79246e-08
      111.302      1625.00  1.86992e-08
      111.302      1650.00  1.85612e-08
      111.302      1675.00  1.81447e-08
      111.302      1700.00  1.73318e-08
      111.302      1725.00  1.61463e-08
      111.302      1750.00  1.47592e-08
      111.302      1775.00  1.33103e-08
      111.302      1800.00  1.18911e-08
      111.302      1825.00  1.05530e-08
      111.302      1850.00  9.32473e-09
      111.302      1875.00  8.21676e-09
      111.302      1900.00  7.23169e-09
      111.302      1925.00  6.36797e-09
      111.302      1950.00  5.62136e-09
      111.302      1975.00  4.98597e-09
      111.302      2000.00  4.45298e-09
      111.302      2025.00  4.01090e-09
      111.302      2050.00  3.64953e-09
      111.302      2075.00  3.31391e-09
      111.302      2100.00  2.99993e-09
      111.302      2125.00  2.71035e-09
      111.302      2150.00  2.43487e-09
      111.302      2175.00  2.17462e-09
      111.302      2200.00  1.93380e-09
      111.302      2225.00  1.71450e-09
      111.302      2250.00  1.51689e-09
      111.302      2275.00  1.34055e-09
      111.302      2300.00  1.18421e-09
      111.302      2325.00  1.04635e-09
      111.302      2350.00  9.25126e-10
      111.302      2375.00  8.18725e-10
      111.302      2400.00  7.25745e-10

      143.753     0.100000  5.65149e-13
      143.753     0.200000  2.25964e-12
      143.753     0.300000  5.08222e-12
      143.753     0.400000  9.03179e-12
      143.753     0.500000  1.41072e-11
      143.753     0.600000  2.03080e-11
      143.753     0.700000  2.76334e-11
      143.753     0.800000  3.60823e-11
      143.753     0.900000  4.56558e-11
      143.753      1.00000  5.63525e-11
      143.753      1.10000  6.81726e-11
      143.753      1.20000  8.11161e-11
      143.753      1.30000  9.51820e-11
      143.753      1.40000  1.10372e-10
      143.753      1.50000  1.26686e-10
      143.753      1.60000  1.44124e-10
      143.753      1.70000  1.62684e-10
      143.753      2.00000  2.25116e-10
      143.753      2.50000  3.51659e-10
      143.753      3.00000  5.06298e-10
      143.753      3.50000  6.88933e-10
      143.753      4.00000  8.99377e-10
      143.753      4.50000  1.13738e-09
      143.753      5.00000  1.40260e-09
      143.753      5.50000  1.69471e-09
      143.753      6.00000  2.01336e-09
      143.753      6.50000  2.35820e-09
      143.753      7.00000  2.72909e-09
      143.753      7.50000  3.12565e-09
      143.753      8.00000  3.54783e-09
      143.753      8.50000  3.99544e-09
      143.753      9.00000  4.46827e-09
      143.753      9.50000  4.96638e-09
      143.753      10.0000  5.48945e-09
      143.753      10.5000  6.03754e-09
      143.753      11.0000  6.61036e-09
      143.753      11.5000  7.20795e-09
      143.753      12.0000  7.82995e-09
      143.753      14.0000  1.05589e-08
      143.753      16.0000  1.36614e-08
      143.753      18.0000  1.71178e-08
      143.753      20.0000  2.09046e-08
      143.753      25.0000  3.16196e-08
      143.753      30.0000  4.36777e-08
      143.753      35.0000  5.65295e-08
      143.753      40.0000  6.97197e-08
      143.753      45.0000  8.28798e-08
      143.753      50.0000  9.57159e-08
      143.753      55.0000  1.07998e-07
      143.753      60.0000  1.19589e-07
      143.753      65.0000  1.30338e-07
      143.753      70.0000  1.40195e-07
      143.753      75.0000  1.49135e-07
      143.753      80.0000  1.57143e-07
      143.753      85.0000  1.64246e-07
      143.753      90.0000  1.70547e-07
      143.753      95.0000  1.76053e-07
      143.753      100.000  1.80713e-07
      143.753      110.000  1.88226e-07
      143.753      120.000  1.93634e-07
      143.753      130.000  1.97689e-07
      143.753      140.000  2.01009e-07
      143.753      150.000  2.04369e-07
      143.753      160.000  2.08644e-07
      143.753      170.000  2.14503e-07
      143.753      180.000  2.23235e-07
      143.753      190.000  2.35898e-07
      143.753      200.000  2.53891e-07
      143.753      210.000  2.79635e-07
      143.753      220.000  3.14372e-07
      143.753      230.000  3.62193e-07
      143.753      240.000  4.26296e-07
      143.753      250.000  5.10802e-07
      143.753      260.000  6.24641e-07
      143.753      270.000  7.68780e-07
      143.753      280.000  9.55802e-07
      143.753      290.000  1.19499e-06
      143.753      300.000  1.48737e-06
      143.753      310.000  1.87339e-06
      143.753      320.000  2.25641e-06
      143.753      330.000  2.76004e-06
      143.753      340.000  3.08307e-06
      143.753      350.000  3.63755e-06
      143.753      360.000  3.77678e-06
      143.753      365.000  3.83099e-06
      143.753      370.000  3.90314e-06
      143.753      380.000  3.96704e-06
      143.753      390.000  3.88743e-06
      143.753      400.000  3.71861e-06
      143.753      410.000  3.48108e-06
      143.753      420.000  3.25889e-06
      143.753      430.000  3.04581e-06
      143.753      440.000  2.84471e-06
      143.753      450.000  2.67389e-06
      143.753      460.000  2.53655e-06
      143.753      470.000  2.43659e-06
      143.753      480.000  2.39802e-06
      143.753      490.000  2.38093e-06
      143.753      500.000  2.43500e-06
      143.753      510.000  2.55491e-06
      143.753      520.000  2.73945e-06
      143.753      530.000  3.02234e-06
      143.753      540.000  3.41664e-06
      143.753      550.000  3.80825e-06
      143.753      560.000  4.37456e-06
      143.753      570.000  4.70353e-06
      143.753      580.000  5.27553e-06
      143.753      590.000  5.45429e-06
      143.753      600.000  5.51292e-06
      143.753      610.000  5.52229e-06
      143.753      620.000  5.35832e-06
      143.753      630.000  5.06296e-06
      143.753      640.000  4.68521e-06
      143.753      650.000  4.31337e-06
      143.753      660.000  3.94676e-06
      143.753      670.000  3.59987e-06
      143.753      680.000  3.28035e-06
      143.753      690.000  2.99110e-06
      143.753      700.000  2.73210e-06
      143.753      710.000  2.50311e-06
      143.753      720.000  2.30341e-06
      143.753      730.000  2.13195e-06
      143.753      740.000  1.98819e-06
      143.753      750.000  1.87218e-06
      143.753      760.000  1.77902e-06
      143.753      770.000  1.71318e-06
      143.753      780.000  1.66298e-06
      143.753      790.000  1.62906e-06
      143.753      800.000  1.60949e-06
      143.753      810.000  1.58100e-06
      143.753      820.000  1.52844e-06
      143.753      830.000  1.46897e-06
      143.753      840.000  1.40718e-06
      143.753      850.000  1.32918e-06
      143.753      860.000  1.24105e-06
      143.753      870.000  1.15106e-06
      143.753      880.000  1.06465e-06
      143.753      890.000  9.84149e-07
      143.753      900.000  9.10655e-07
      143.753      910.000  8.46386e-07
      143.753      920.000  7.85896e-07
      143.753      930.000  7.32133e-07
      143.753      940.000  6.83566e-07
      143.753      950.000  6.37177e-07
      143.753      960.000  5.94984e-07
      143.753      970.000  5.56503e-07
      143.753      980.000  5.19849e-07
      143.753      990.000  4.86257e-07
      143.753      1000.00  4.55588e-07
      143.753      1010.00  4.27583e-07
      143.753      1020.00  4.03775e-07
      143.753      1030.00  3.80285e-07
      143.753      1040.00  3.57457e-07
      143.753      1050.00  3.36050e-07
      143.753      1060.00  3.16165e-07
      143.753      1070.00  2.97062e-07
      143.753      1080.00  2.78522e-07
      143.753      1090.00  2.61534e-07
      143.753      1100.00  2.46539e-07
      143.753      1110.00  2.32932e-07
      143.753      1120.00  2.22076e-07
      143.753      1130.00  2.11972e-07
      143.753      1140.00  2.03719e-07
      143.753      1150.00  1.98724e-07
      143.753      1160.00  1.90370e-07
      143.753      1170.00  1.84299e-07
      143.753      1180.00  1.76570e-07
      143.753      1190.00  1.68720e-07
      143.753      1200.00  1.60807e-07
      143.753      1210.00  1.52046e-07
      143.753      1220.00  1.42871e-07
      143.753      1230.00  1.33783e-07
      143.753      1240.00  1.25071e-07
      143.753      1250.00  1.16862e-07
      143.753      1260.00  1.09221e-07
      143.753      1270.00  1.02163e-07
      143.753      1280.00  9.56648e-08
      143.753      1290.00  8.97312e-08
      143.753      1300.00  8.43024e-08
      143.753      1325.00  7.29069e-08
      143.753      1350.00  6.43323e-08
      143.753      1375.00  5.80717e-08
      143.753      1400.00  5.28821e-08
      143.753      1425.00  4.73431e-08
      143.753      1450.00  4.15665e-08
      143.753      1475.00  3.62836e-08
      143.753      1500.00  3.20892e-08
      143.753      1525.00  2.90278e-08
      143.753      1550.00  2.69922e-08
      143.753      1575.00  2.58145e-08
      143.753      1600.00  2.52909e-08
      143.753      1625.00  2.49861e-08
      143.753      1650.00  2.40696e-08
      143.753      1675.00  2.29458e-08
      143.753      1700.00  2.15694e-08
      143.753      1725.00  1.99858e-08
      143.753      1750.00  1.83066e-08
      143.753      1775.00  1.66224e-08
      143.753      1800.00  1.50008e-08
      143.753      1825.00  1.34825e-08
      143.753      1850.00  1.20773e-08
      143.753      1875.00  1.08034e-08
      143.753      1900.00  9.66202e-09
      143.753      1925.00  8.66283e-09
      143.753      1950.00  7.80822e-09
      143.753      1975.00  7.09305e-09
      143.753      2000.00  6.50448e-09
      143.753      2025.00  6.02468e-09
      143.753      2050.00  5.63764e-09
      143.753      2075.00  5.25583e-09
      143.753      2100.00  4.87481e-09
      143.753      2125.00  4.50521e-09
      143.753      2150.00  4.13185e-09
      143.753      2175.00  3.75900e-09
      143.753      2200.00  3.39710e-09
      143.753      2225.00  3.05460e-09
      143.753      2250.00  2.73668e-09
      143.753      2275.00  2.44575e-09
      143.753      2300.00  2.18248e-09
      143.753      2325.00  1.94681e-09
      143.753      2350.00  1.73770e-09
      143.753      2375.00  1.55378e-09
      143.753      2400.00  1.39338e-09

      185.664     0.100000  4.42832e-13
      185.664     0.200000  1.77100e-12
      185.664     0.300000  3.98414e-12
      185.664     0.400000  7.08186e-12
      185.664     0.500000  1.10637e-11
      185.664     0.600000  1.59296e-11
      185.664     0.700000  2.16794e-11
      185.664     0.800000  2.83128e-11
      185.664     0.900000  3.58285e-11
      185.664      1.00000  4.42274e-11
      185.664      1.10000  5.35095e-11
      185.664      1.20000  6.36742e-11
      185.664      1.30000  7.47211e-11
      185.664      1.40000  8.66493e-11
      185.664      1.50000  9.94583e-11
      185.664      1.60000  1.13150e-10
      185.664      1.70000  1.27721e-10
      185.664      2.00000  1.76720e-10
      185.664      2.50000  2.75957e-10
      185.664      3.00000  3.97093e-10
      185.664      3.50000  5.40025e-10
      185.664      4.00000  7.04653e-10
      185.664      4.50000  8.90830e-10
      185.664      5.00000  1.09846e-09
      185.664      5.50000  1.32741e-09
      185.664      6.00000  1.57751e-09
      185.664      6.50000  1.84877e-09
      185.664      7.00000  2.14100e-09
      185.664      7.50000  2.45412e-09
      185.664      8.00000  2.78807e-09
      185.664      8.50000  3.14270e-09
      185.664      9.00000  3.51796e-09
      185.664      9.50000  3.91377e-09
      185.664      10.0000  4.32986e-09
      185.664      10.5000  4.76643e-09
      185.664      11.0000  5.22292e-09
      185.664      11.5000  5.69959e-09
      185.664      12.0000  6.19614e-09
      185.664      14.0000  8.37781e-09
      185.664      16.0000  1.08652e-08
      185.664      18.0000  1.36468e-08
      185.664      20.0000  1.67080e-08
      185.664      25.0000  2.54674e-08
      185.664      30.0000  3.55297e-08
      185.664      35.0000  4.65409e-08
      185.664      40.0000  5.81667e-08
      185.664      45.0000  7.01195e-08
      185.664      50.0000  8.21490e-08
      185.664      55.0000  9.40462e-08
      185.664      60.0000  1.05643e-07
      185.664      65.0000  1.16831e-07
      185.664      70.0000  1.27498e-07
      185.664      75.0000  1.37587e-07
      185.664      80.0000  1.47079e-07
      185.664      85.0000  1.55921e-07
      185.664      90.0000  1.64152e-07
      185.664      95.0000  1.71750e-07
      185.664      100.000  1.78793e-07
      185.664      110.000  1.91290e-07
      185.664      120.000  2.02082e-07
      185.664      130.000  2.11766e-07
      185.664      140.000  2.20651e-07
      185.664      150.000  2.29725e-07
      185.664      160.000  2.39777e-07
      185.664      170.000  2.51658e-07
      185.664      180.000  2.66389e-07
      185.664      190.000  2.85170e-07
      185.664      200.000  3.09459e-07
      185.664      210.000  3.40880e-07
      185.664      220.000  3.81423e-07
      185.664      230.000  4.33223e-07
      185.664      240.000  4.99250e-07
      185.664      250.000  5.83349e-07
      185.664      260.000  6.90226e-07
      185.664      270.000  8.27055e-07
      185.664      280.000  9.90103e-07
      185.664      290.000  1.17554e-06
      185.664      300.000  1.40973e-06
      185.664      310.000  1.71310e-06
      185.664      320.000  1.99163e-06
      185.664      330.000  2.28569e-06
      185.664      340.000  2.56644e-06
      185.664      350.000  2.85753e-06
      185.664      360.000  3.04412e-06
      185.664      365.000  3.10144e-06
      185.664      370.000  3.16337e-06
      185.664      380.000  3.24010e-06
      185.664      390.000  3.23054e-06
      185.664      400.000  3.15842e-06
      185.664      410.000  3.03761e-06
      185.664      420.000  2.91856e-06
      185.664      430.000  2.79889e-06
      185.664      440.000  2.68964e-06
      185.664      450.000  2.59927e-06
      185.664      460.000  2.53552e-06
      185.664      470.000  2.51246e-06
      185.664      480.000  2.49741e-06
      185.664      490.000  2.53792e-06
      185.664      500.000  2.62723e-06
      185.664      510.000  2.76937e-06
      185.664      520.000  2.96929e-06
      185.664      530.000  3.23319e-06
      185.664      540.000  3.55429e-06
      185.664      550.000  3.94321e-06
      185.664      560.000  4.38956e-06
      185.664      570.000  4.58810e-06
      185.664      580.000  4.88352e-06
      185.664      590.000  5.12579e-06
      185.664      600.000  5.18737e-06
      185.664      610.000  5.20791e-06
      185.664      620.000  5.10602e-06
      185.664      630.000  4.90094e-06
      185.664      640.000  4.61840e-06
      185.664      650.000  4.33561e-06
      185.664      660.000  4.04724e-06
      185.664      670.000  3.76708e-06
      185.664      680.000  3.50340e-06
      185.664      690.000  3.26158e-06
      185.664      700.000  3.04453e-06
      185.664      710.000  2.85414e-06
      185.664      720.000  2.69168e-06
      185.664      730.000  2.56051e-06
      185.664      740.000  2.45278e-06
      185.664      750.000  2.36625e-06
      185.664      760.000  2.31389e-06
      185.664      770.000  2.28627e-06
      185.664      780.000  2.27850e-06
      185.664      790.000  2.28026e-06
      185.664      800.000  2.27706e-06
      185.664      810.000  2.29157e-06
      185.664      820.000  2.22853e-06
      185.664      830.000  2.17418e-06
      185.664      840.000  2.10947e-06
      185.664      850.000  2.01960e-06
      185.664      860.000  1.91013e-06
      185.664      870.000  1.79222e-06
      185.664      880.000  1.67356e-06
      185.664      890.000  1.55912e-06
      185.664      900.000  1.45216e-06
      185.664      910.000  1.35190e-06
      185.664      920.000  1.25823e-06
      185.664      930.000  1.17443e-06
      185.664      940.000  1.09966e-06
      185.664      950.000  1.03142e-06
      185.664      960.000  9.68769e-07
      185.664      970.000  9.13868e-07
      185.664      980.000  8.65186e-07
      185.664      990.000  8.22289e-07
      185.664      1000.00  7.84763e-07
      185.664      1010.00  7.51162e-07
      185.664      1020.00  7.19511e-07
      185.664      1030.00  6.92670e-07
      185.664      1040.00  6.57696e-07
      185.664      1050.00  6.26327e-07
      185.664      1060.00  5.95782e-07
      185.664      1070.00  5.63972e-07
      185.664      1080.00  5.31487e-07
      185.664      1090.00  4.99754e-07
      185.664      1100.00  4.69859e-07
      185.664      1110.00  4.41469e-07
      185.664      1120.00  4.15797e-07
      185.664      1130.00  3.92510e-07
      185.664      1140.00  3.71457e-07
      185.664      1150.00  3.52206e-07
      185.664      1160.00  3.34518e-07
      185.664      1170.00  3.17367e-07
      185.664      1180.00  2.99841e-07
      185.664      1190.00  2.83643e-07
      185.664      1200.00  2.68016e-07
      185.664      1210.00  2.52473e-07
      185.664      1220.00  2.37191e-07
      185.664      1230.00  2.22483e-07
      185.664      1240.00  2.08560e-07
      185.664      1250.00  1.95509e-07
      185.664      1260.00  1.83360e-07
      185.664      1270.00  1.72125e-07
      185.664      1280.00  1.61759e-07
      185.664      1290.00  1.52269e-07
      185.664      1300.00  1.43591e-07
      185.664      1325.00  1.25240e-07
      185.664      1350.00  1.11387e-07
      185.664      1375.00  1.00879e-07
      185.664      1400.00  9.15403e-08
      185.664      1425.00  8.21916e-08
      185.664      1450.00  7.25682e-08
      185.664      1475.00  6.35485e-08
      185.664      1500.00  5.60096e-08
      185.664      1525.00  5.00528e-08
      185.664      1550.00  4.57008e-08
      185.664      1575.00  4.25509e-08
      185.664      1600.00  4.02535e-08
      185.664      1625.00  3.84938e-08
      185.664      1650.00  3.61378e-08
      185.664      1675.00  3.35951e-08
      185.664      1700.00  3.09242e-08
      185.664      1725.00  2.82815e-08
      185.664      1750.00  2.57566e-08
      185.664      1775.00  2.34011e-08
      185.664      1800.00  2.12382e-08
      185.664      1825.00  1.92829e-08
      185.664      1850.00  1.74937e-08
      185.664      1875.00  1.58594e-08
      185.664      1900.00  1.43796e-08
      185.664      1925.00  1.30774e-08
      185.664      1950.00  1.19706e-08
      185.664      1975.00  1.10494e-08
      185.664      2000.00  1.03115e-08
      185.664      2025.00  9.69280e-09
      185.664      2050.00  9.16528e-09
      185.664      2075.00  8.67182e-09
      185.664      2100.00  8.14854e-09
      185.664      2125.00  7.62849e-09
      185.664      2150.00  7.09280e-09
      185.664      2175.00  6.54489e-09
      185.664      2200.00  6.00047e-09
      185.664      2225.00  5.47290e-09
      185.664      2250.00  4.97320e-09
      185.664      2275.00  4.50728e-09
      185.664      2300.00  4.07940e-09
      185.664      2325.00  3.69260e-09
      185.664      2350.00  3.34644e-09
      185.664      2375.00  3.03939e-09
      185.664      2400.00  2.77293e-09

      239.794     0.100000  3.51646e-13
      239.794     0.200000  1.40636e-12
      239.794     0.300000  3.16380e-12
      239.794     0.400000  5.62362e-12
      239.794     0.500000  8.78538e-12
      239.794     0.600000  1.26489e-11
      239.794     0.700000  1.72139e-11
      239.794     0.800000  2.24800e-11
      239.794     0.900000  2.84466e-11
      239.794      1.00000  3.51135e-11
      239.794      1.10000  4.24804e-11
      239.794      1.20000  5.05464e-11
      239.794      1.30000  5.93132e-11
      239.794      1.40000  6.87802e-11
      239.794      1.50000  7.89428e-11
      239.794      1.60000  8.98059e-11
      239.794      1.70000  1.01366e-10
      239.794      2.00000  1.40235e-10
      239.794      2.50000  2.18953e-10
      239.794      3.00000  3.15057e-10
      239.794      3.50000  4.28513e-10
      239.794      4.00000  5.59288e-10
      239.794      4.50000  7.07331e-10
      239.794      5.00000  8.72591e-10
      239.794      5.50000  1.05503e-09
      239.794      6.00000  1.25459e-09
      239.794      6.50000  1.47119e-09
      239.794      7.00000  1.70478e-09
      239.794      7.50000  1.95531e-09
      239.794      8.00000  2.22266e-09
      239.794      8.50000  2.50679e-09
      239.794      9.00000  2.80758e-09
      239.794      9.50000  3.12503e-09
      239.794      10.0000  3.45910e-09
      239.794      10.5000  3.80937e-09
      239.794      11.0000  4.17604e-09
      239.794      11.5000  4.55907e-09
      239.794      12.0000  4.95834e-09
      239.794      14.0000  6.71584e-09
      239.794      16.0000  8.72575e-09
      239.794      18.0000  1.09815e-08
      239.794      20.0000  1.34745e-08
      239.794      25.0000  2.06737e-08
      239.794      30.0000  2.90848e-08
      239.794      35.0000  3.84731e-08
      239.794      40.0000  4.86037e-08
      239.794      45.0000  5.92617e-08
      239.794      50.0000  7.02522e-08
      239.794      55.0000  8.14107e-08
      239.794      60.0000  9.25911e-08
      239.794      65.0000  1.03694e-07
      239.794      70.0000  1.14593e-07
      239.794      75.0000  1.25236e-07
      239.794      80.0000  1.35577e-07
      239.794      85.0000  1.45556e-07
      239.794      90.0000  1.55144e-07
      239.794      95.0000  1.64375e-07
      239.794      100.000  1.73209e-07
      239.794      110.000  1.89819e-07
      239.794      120.000  2.05186e-07
      239.794      130.000  2.19702e-07
      239.794      140.000  2.33902e-07
      239.794      150.000  2.48202e-07
      239.794      160.000  2.63273e-07
      239.794      170.000  2.80145e-07
      239.794      180.000  2.99563e-07
      239.794      190.000  3.22692e-07
      239.794      200.000  3.49355e-07
      239.794      210.000  3.83093e-07
      239.794      220.000  4.23819e-07
      239.794      230.000  4.72893e-07
      239.794      240.000  5.34621e-07
      239.794      250.000  6.10744e-07
      239.794      260.000  7.00131e-07
      239.794      270.000  8.05984e-07
      239.794      280.000  9.37197e-07
      239.794      290.000  1.08969e-06
      239.794      300.000  1.27092e-06
      239.794      310.000  1.46046e-06
      239.794      320.000  1.66035e-06
      239.794      330.000  1.85960e-06
      239.794      340.000  2.04389e-06
      239.794      350.000  2.22994e-06
      239.794      360.000  2.37475e-06
      239.794      365.000  2.42879e-06
      239.794      370.000  2.48122e-06
      239.794      380.000  2.56316e-06
      239.794      390.000  2.59826e-06
      239.794      400.000  2.59295e-06
      239.794      410.000  2.56022e-06
      239.794      420.000  2.52160e-06
      239.794      430.000  2.48297e-06
      239.794      440.000  2.45107e-06
      239.794      450.000  2.43929e-06
      239.794      460.000  2.42730e-06
      239.794      470.000  2.44999e-06
      239.794      480.000  2.49755e-06
      239.794      490.000  2.57206e-06
      239.794      500.000  2.68806e-06
      239.794      510.000  2.84682e-06
      239.794      520.000  3.04467e-06
      239.794      530.000  3.26276e-06
      239.794      540.000  3.52132e-06
      239.794      550.000  3.80141e-06
      239.794      560.000  4.09264e-06
      239.794      570.000  4.44926e-06
      239.794      580.000  4.59027e-06
      239.794      590.000  4.71990e-06
      239.794      600.000  4.79332e-06
      239.794      610.000  4.82918e-06
      239.794      620.000  4.78302e-06
      239.794      630.000  4.65875e-06
      239.794      640.000  4.47303e-06
      239.794      650.000  4.28101e-06
      239.794      660.000  4.07654e-06
      239.794      670.000  3.87550e-06
      239.794      680.000  3.68367e-06
      239.794      690.000  3.50625e-06
      239.794      700.000  3.34996e-06
      239.794      710.000  3.21552e-06
      239.794      720.000  3.10481e-06
      239.794      730.000  3.01536e-06
      239.794      740.000  2.95765e-06
      239.794      750.000  2.92638e-06
      239.794      760.000  2.93062e-06
      239.794      770.000  2.92012e-06
      239.794      780.000  2.96023e-06
      239.794      790.000  2.98552e-06
      239.794      800.000  2.95936e-06
      239.794      810.000  3.00242e-06
      239.794      820.000  2.95610e-06
      239.794      830.000  2.91136e-06
      239.794      840.000  2.85193e-06
      239.794      850.000  2.76360e-06
      239.794      860.000  2.64878e-06
      239.794      870.000  2.51905e-06
      239.794      880.000  2.38319e-06
      239.794      890.000  2.24915e-06
      239.794      900.000  2.11964e-06
      239.794      910.000  1.99760e-06
      239.794      920.000  1.88499e-06
      239.794      930.000  1.78213e-06
      239.794      940.000  1.68795e-06
      239.794      950.000  1.60319e-06
      239.794      960.000  1.53041e-06
      239.794      970.000  1.46755e-06
      239.794      980.000  1.41251e-06
      239.794      990.000  1.36520e-06
      239.794      1000.00  1.32895e-06
      239.794      1010.00  1.29226e-06
      239.794      1020.00  1.24601e-06
      239.794      1030.00  1.21907e-06
      239.794      1040.00  1.17342e-06
      239.794      1050.00  1.13096e-06
      239.794      1060.00  1.08752e-06
      239.794      1070.00  1.03949e-06
      239.794      1080.00  9.87416e-07
      239.794      1090.00  9.33754e-07
      239.794      1100.00  8.80578e-07
      239.794      1110.00  8.29390e-07
      239.794      1120.00  7.81453e-07
      239.794      1130.00  7.34860e-07
      239.794      1140.00  6.91851e-07
      239.794      1150.00  6.51686e-07
      239.794      1160.00  6.13639e-07
      239.794      1170.00  5.78092e-07
      239.794      1180.00  5.43972e-07
      239.794      1190.00  5.12158e-07
      239.794      1200.00  4.82150e-07
      239.794      1210.00  4.53522e-07
      239.794      1220.00  4.26209e-07
      239.794      1230.00  4.00412e-07
      239.794      1240.00  3.76203e-07
      239.794      1250.00  3.53585e-07
      239.794      1260.00  3.32537e-07
      239.794      1270.00  3.13033e-07
      239.794      1280.00  2.94978e-07
      239.794      1290.00  2.78303e-07
      239.794      1300.00  2.62996e-07
      239.794      1325.00  2.30144e-07
      239.794      1350.00  2.04088e-07
      239.794      1375.00  1.84984e-07
      239.794      1400.00  1.64581e-07
      239.794      1425.00  1.47255e-07
      239.794      1450.00  1.30548e-07
      239.794      1475.00  1.15046e-07
      239.794      1500.00  1.01760e-07
      239.794      1525.00  9.08026e-08
      239.794      1550.00  8.21695e-08
      239.794      1575.00  7.55798e-08
      239.794      1600.00  7.03203e-08
      239.794      1625.00  6.54822e-08
      239.794      1650.00  6.04990e-08
      239.794      1675.00  5.53792e-08
      239.794      1700.00  5.02706e-08
      239.794      1725.00  4.55118e-08
      239.794      1750.00  4.12195e-08
      239.794      1775.00  3.74230e-08
      239.794      1800.00  3.41146e-08
      239.794      1825.00  3.12075e-08
      239.794      1850.00  2.85543e-08
      239.794      1875.00  2.61212e-08
      239.794      1900.00  2.38608e-08
      239.794      1925.00  2.18244e-08
      239.794      1950.00  2.00524e-08
      239.794      1975.00  1.85789e-08
      239.794      2000.00  1.73564e-08
      239.794      2025.00  1.63423e-08
      239.794      2050.00  1.54545e-08
      239.794      2075.00  1.45654e-08
      239.794      2100.00  1.37036e-08
      239.794      2125.00  1.28594e-08
      239.794      2150.00  1.20115e-08
      239.794      2175.00  1.11633e-08
      239.794      2200.00  1.03298e-08
      239.794      2225.00  9.52607e-09
      239.794      2250.00  8.76328e-09
      239.794      2275.00  8.05053e-09
      239.794      2300.00  7.39503e-09
      239.794      2325.00  6.80000e-09
      239.794      2350.00  6.26729e-09
      239.794      2375.00  5.79342e-09
      239.794      2400.00  5.37408e-09

      309.705     0.100000  2.78612e-13
      309.705     0.200000  1.11432e-12
      309.705     0.300000  2.50688e-12
      309.705     0.400000  4.45616e-12
      309.705     0.500000  6.96195e-12
      309.705     0.600000  1.00240e-11
      309.705     0.700000  1.36420e-11
      309.705     0.800000  1.78163e-11
      309.705     0.900000  2.25461e-11
      309.705      1.00000  2.78316e-11
      309.705      1.10000  3.36728e-11
      309.705      1.20000  4.00685e-11
      309.705      1.30000  4.70201e-11
      309.705      1.40000  5.45262e-11
      309.705      1.50000  6.25871e-11
      309.705      1.60000  7.12032e-11
      309.705      1.70000  8.03724e-11
      309.705      2.00000  1.11207e-10
      309.705      2.50000  1.73672e-10
      309.705      3.00000  2.49965e-10
      309.705      3.50000  3.40064e-10
      309.705      4.00000  4.43925e-10
      309.705      4.50000  5.61552e-10
      309.705      5.00000  6.92892e-10
      309.705      5.50000  8.37909e-10
      309.705      6.00000  9.96569e-10
      309.705      6.50000  1.16884e-09
      309.705      7.00000  1.35469e-09
      309.705      7.50000  1.55406e-09
      309.705      8.00000  1.76696e-09
      309.705      8.50000  1.99325e-09
      309.705      9.00000  2.23299e-09
      309.705      9.50000  2.48603e-09
      309.705      10.0000  2.75245e-09
      309.705      10.5000  3.03216e-09
      309.705      11.0000  3.32510e-09
      309.705      11.5000  3.63127e-09
      309.705      12.0000  3.95066e-09
      309.705      14.0000  5.35909e-09
      309.705      16.0000  6.97386e-09
      309.705      18.0000  8.79170e-09
      309.705      20.0000  1.08065e-08
      309.705      25.0000  1.66648e-08
      309.705      30.0000  2.35962e-08
      309.705      35.0000  3.14564e-08
      309.705      40.0000  4.00882e-08
      309.705      45.0000  4.93434e-08
      309.705      50.0000  5.90897e-08
      309.705      55.0000  6.91907e-08
      309.705      60.0000  7.95373e-08
      309.705      65.0000  9.00309e-08
      309.705      70.0000  1.00596e-07
      309.705      75.0000  1.11157e-07
      309.705      80.0000  1.21643e-07
      309.705      85.0000  1.32026e-07
      309.705      90.0000  1.42280e-07
      309.705      95.0000  1.52339e-07
      309.705      100.000  1.62216e-07
      309.705      110.000  1.81473e-07
      309.705      120.000  2.00014e-07
      309.705      130.000  2.18146e-07
      309.705      140.000  2.36168e-07
      309.705      150.000  2.54213e-07
      309.705      160.000  2.73069e-07
      309.705      170.000  2.93090e-07
      309.705      180.000  3.15279e-07
      309.705      190.000  3.39558e-07
      309.705      200.000  3.67955e-07
      309.705      210.000  3.99790e-07
      309.705      220.000  4.38015e-07
      309.705      230.000  4.83317e-07
      309.705      240.000  5.33970e-07
      309.705      250.000  5.95026e-07
      309.705      260.000  6.65329e-07
      309.705      270.000  7.50415e-07
      309.705      280.000  8.40769e-07
      309.705      290.000  9.53400e-07
      309.705      300.000  1.06337e-06
      309.705      310.000  1.19930e-06
      309.705      320.000  1.36120e-06
      309.705      330.000  1.46989e-06
      309.705      340.000  1.59631e-06
      309.705      350.000  1.77291e-06
      309.705      360.000  1.82850e-06
      309.705      365.000  1.87374e-06
      309.705      370.000  1.91769e-06
      309.705      380.000  1.99693e-06
      309.705      390.000  2.05225e-06
      309.705      400.000  2.08676e-06
      309.705      410.000  2.10278e-06
      309.705      420.000  2.12002e-06
      309.705      430.000  2.13793e-06
      309.705      440.000  2.15842e-06
      309.705      450.000  2.19037e-06
      309.705      460.000  2.23055e-06
      309.705      470.000  2.29111e-06
      309.705      480.000  2.37563e-06
      309.705      490.000  2.46606e-06
      309.705      500.000  2.58992e-06
      309.705      510.000  2.73281e-06
      309.705      520.000  2.91156e-06
      309.705      530.000  3.10316e-06
      309.705      540.000  3.30958e-06
      309.705      550.000  3.52639e-06
      309.705      560.000  3.74866e-06
      309.705      570.000  3.93993e-06
      309.705      580.000  4.08683e-06
      309.705      590.000  4.22205e-06
      309.705      600.000  4.30238e-06
      309.705      610.000  4.35519e-06
      309.705      620.000  4.35679e-06
      309.705      630.000  4.30166e-06
      309.705      640.000  4.19440e-06
      309.705      650.000  4.08878e-06
      309.705      660.000  3.97375e-06
      309.705      670.000  3.85486e-06
      309.705      680.000  3.74295e-06
      309.705      690.000  3.64296e-06
      309.705      700.000  3.54936e-06
      309.705      710.000  3.47641e-06
      309.705      720.000  3.41997e-06
      309.705      730.000  3.38915e-06
      309.705      740.000  3.36827e-06
      309.705      750.000  3.38044e-06
      309.705      760.000  3.39009e-06
      309.705      770.000  3.43874e-06
      309.705      780.000  3.54411e-06
      309.705      790.000  3.51054e-06
      309.705      800.000  3.56548e-06
      309.705      810.000  3.55332e-06
      309.705      820.000  3.52192e-06
      309.705      830.000  3.48973e-06
      309.705      840.000  3.44591e-06
      309.705      850.000  3.37501e-06
      309.705      860.000  3.27738e-06
      309.705      870.000  3.16212e-06
      309.705      880.000  3.03884e-06
      309.705      890.000  2.91305e-06
      309.705      900.000  2.79052e-06
      309.705      910.000  2.67602e-06
      309.705      920.000  2.56347e-06
      309.705      930.000  2.46458e-06
      309.705      940.000  2.37374e-06
      309.705      950.000  2.29637e-06
      309.705      960.000  2.22666e-06
      309.705      970.000  2.17277e-06
      309.705      980.000  2.12073e-06
      309.705      990.000  2.08648e-06
      309.705      1000.00  2.09321e-06
      309.705      1010.00  2.01633e-06
      309.705      1020.00  1.99228e-06
      309.705      1030.00  1.94551e-06
      309.705      1040.00  1.89338e-06
      309.705      1050.00  1.84381e-06
      309.705      1060.00  1.79180e-06
      309.705      1070.00  1.73197e-06
      309.705      1080.00  1.66409e-06
      309.705      1090.00  1.59119e-06
      309.705      1100.00  1.51679e-06
      309.705      1110.00  1.44327e-06
      309.705      1120.00  1.37183e-06
      309.705      1130.00  1.30358e-06
      309.705      1140.00  1.23974e-06
      309.705      1150.00  1.17778e-06
      309.705      1160.00  1.12178e-06
      309.705      1170.00  1.06818e-06
      309.705      1180.00  1.01931e-06
      309.705      1190.00  9.73275e-07
      309.705      1200.00  9.32108e-07
      309.705      1210.00  8.91097e-07
      309.705      1220.00  8.54866e-07
      309.705      1230.00  8.23629e-07
      309.705      1240.00  7.84286e-07
      309.705      1250.00  7.48793e-07
      309.705      1260.00  7.15474e-07
      309.705      1270.00  6.83523e-07
      309.705      1280.00  6.51982e-07
      309.705      1290.00  6.20562e-07
      309.705      1300.00  5.89791e-07
      309.705      1325.00  5.17799e-07
      309.705      1350.00  4.55145e-07
      309.705      1375.00  4.01378e-07
      309.705      1400.00  3.54098e-07
      309.705      1425.00  3.12607e-07
      309.705      1450.00  2.75391e-07
      309.705      1475.00  2.42392e-07
      309.705      1500.00  2.14132e-07
      309.705      1525.00  1.90359e-07
      309.705      1550.00  1.70666e-07
      309.705      1575.00  1.54652e-07
      309.705      1600.00  1.40980e-07
      309.705      1625.00  1.28758e-07
      309.705      1650.00  1.17214e-07
      309.705      1675.00  1.06185e-07
      309.705      1700.00  9.57558e-08
      309.705      1725.00  8.63605e-08
      309.705      1750.00  7.81137e-08
      309.705      1775.00  7.09981e-08
      309.705      1800.00  6.49470e-08
      309.705      1825.00  5.96013e-08
      309.705      1850.00  5.46940e-08
      309.705      1875.00  5.01348e-08
      309.705      1900.00  4.58489e-08
      309.705      1925.00  4.18310e-08
      309.705      1950.00  3.83061e-08
      309.705      1975.00  3.53200e-08
      309.705      2000.00  3.27439e-08
      309.705      2025.00  3.05385e-08
      309.705      2050.00  2.86860e-08
      309.705      2075.00  2.68018e-08
      309.705      2100.00  2.50384e-08
      309.705      2125.00  2.33244e-08
      309.705      2150.00  2.16722e-08
      309.705      2175.00  2.01014e-08
      309.705      2200.00  1.86271e-08
      309.705      2225.00  1.72560e-08
      309.705      2250.00  1.59969e-08
      309.705      2275.00  1.48273e-08
      309.705      2300.00  1.37521e-08
      309.705      2325.00  1.27761e-08
      309.705      2350.00  1.18874e-08
      309.705      2375.00  1.10920e-08
      309.705      2400.00  1.03933e-08

      400.000     0.100000  2.19786e-13
      400.000     0.200000  8.79079e-13
      400.000     0.300000  1.97776e-12
      400.000     0.400000  3.51565e-12
      400.000     0.500000  5.49283e-12
      400.000     0.600000  7.90897e-12
      400.000     0.700000  1.07640e-11
      400.000     0.800000  1.40579e-11
      400.000     0.900000  1.77905e-11
      400.000      1.00000  2.19618e-11
      400.000      1.10000  2.65715e-11
      400.000      1.20000  3.16199e-11
      400.000      1.30000  3.71067e-11
      400.000      1.40000  4.30312e-11
      400.000      1.50000  4.93941e-11
      400.000      1.60000  5.61942e-11
      400.000      1.70000  6.34326e-11
      400.000      2.00000  8.77736e-11
      400.000      2.50000  1.37089e-10
      400.000      3.00000  1.97327e-10
      400.000      3.50000  2.68472e-10
      400.000      4.00000  3.50507e-10
      400.000      4.50000  4.43423e-10
      400.000      5.00000  5.47196e-10
      400.000      5.50000  6.61809e-10
      400.000      6.00000  7.87261e-10
      400.000      6.50000  9.23529e-10
      400.000      7.00000  1.07057e-09
      400.000      7.50000  1.22839e-09
      400.000      8.00000  1.39702e-09
      400.000      8.50000  1.57630e-09
      400.000      9.00000  1.76638e-09
      400.000      9.50000  1.96713e-09
      400.000      10.0000  2.17853e-09
      400.000      10.5000  2.40055e-09
      400.000      11.0000  2.63326e-09
      400.000      11.5000  2.87656e-09
      400.000      12.0000  3.13048e-09
      400.000      14.0000  4.25122e-09
      400.000      16.0000  5.53898e-09
      400.000      18.0000  6.99196e-09
      400.000      20.0000  8.60609e-09
      400.000      25.0000  1.33266e-08
      400.000      30.0000  1.89665e-08
      400.000      35.0000  2.54401e-08
      400.000      40.0000  3.26528e-08
      400.000      45.0000  4.05111e-08
      400.000      50.0000  4.89109e-08
      400.000      55.0000  5.77641e-08
      400.000      60.0000  6.69830e-08
      400.000      65.0000  7.65020e-08
      400.000      70.0000  8.62529e-08
      400.000      75.0000  9.61735e-08
      400.000      80.0000  1.06208e-07
      400.000      85.0000  1.16323e-07
      400.000      90.0000  1.26518e-07
      400.000      95.0000  1.36662e-07
      400.000      100.000  1.46818e-07
      400.000      110.000  1.67045e-07
      400.000      120.000  1.87206e-07
      400.000      130.000  2.07260e-07
      400.000      140.000  2.27440e-07
      400.000      150.000  2.47901e-07
      400.000      160.000  2.68897e-07
      400.000      170.000  2.91004e-07
      400.000      180.000  3.14266e-07
      400.000      190.000  3.39613e-07
      400.000      200.000  3.67055e-07
      400.000      210.000  3.97450e-07
      400.000      220.000  4.31741e-07
      400.000      230.000  4.69646e-07
      400.000      240.000  5.13839e-07
      400.000      250.000  5.61899e-07
      400.000      260.000  6.17885e-07
      400.000      270.000  6.79334e-07
      400.000      280.000  7.46500e-07
      400.000      290.000  8.26774e-07
      400.000      300.000  9.05920e-07
      400.000      310.000  9.99568e-07
      400.000      320.000  1.08773e-06
      400.000      330.000  1.17976e-06
      400.000      340.000  1.28054e-06
      400.000      350.000  1.35868e-06
      400.000      360.000  1.43552e-06
      400.000      365.000  1.47276e-06
      400.000      370.000  1.51044e-06
      400.000      380.000  1.58296e-06
      400.000      390.000  1.64550e-06
      400.000      400.000  1.69824e-06
      400.000      410.000  1.74073e-06
      400.000      420.000  1.78774e-06
      400.000      430.000  1.83363e-06
      400.000      440.000  1.88289e-06
      400.000      450.000  1.94077e-06
      400.000      460.000  2.00406e-06
      400.000      470.000  2.08018e-06
      400.000      480.000  2.16718e-06
      400.000      490.000  2.26411e-06
      400.000      500.000  2.38430e-06
      400.000      510.000  2.50951e-06
      400.000      520.000  2.66391e-06
      400.000      530.000  2.81289e-06
      400.000      540.000  2.97679e-06
      400.000      550.000  3.18182e-06
      400.000      560.000  3.30032e-06
      400.000      570.000  3.44046e-06
      400.000      580.000  3.57585e-06
      400.000      590.000  3.67368e-06
      400.000      600.000  3.75398e-06
      400.000      610.000  3.82178e-06
      400.000      620.000  3.85920e-06
      400.000      630.000  3.86224e-06
      400.000      640.000  3.82806e-06
      400.000      650.000  3.79628e-06
      400.000      660.000  3.75403e-06
      400.000      670.000  3.70853e-06
      400.000      680.000  3.66660e-06
      400.000      690.000  3.62801e-06
      400.000      700.000  3.60207e-06
      400.000      710.000  3.58206e-06
      400.000      720.000  3.58056e-06
      400.000      730.000  3.58680e-06
      400.000      740.000  3.60300e-06
      400.000      750.000  3.64757e-06
      400.000      760.000  3.68457e-06
      400.000      770.000  3.74446e-06
      400.000      780.000  3.79305e-06
      400.000      790.000  3.80097e-06
      400.000      800.000  3.89145e-06
      400.000      810.000  3.88033e-06
      400.000      820.000  3.86874e-06
      400.000      830.000  3.85861e-06
      400.000      840.000  3.83949e-06
      400.000      850.000  3.79976e-06
      400.000      860.000  3.73742e-06
      400.000      870.000  3.65892e-06
      400.000      880.000  3.56973e-06
      400.000      890.000  3.47638e-06
      400.000      900.000  3.38558e-06
      400.000      910.000  3.29639e-06
      400.000      920.000  3.21619e-06
      400.000      930.000  3.14037e-06
      400.000      940.000  3.07776e-06
      400.000      950.000  3.01991e-06
      400.000      960.000  2.97099e-06
      400.000      970.000  2.94008e-06
      400.000      980.000  2.90653e-06
      400.000      990.000  2.88718e-06
      400.000      1000.00  2.86454e-06
      400.000      1010.00  2.82049e-06
      400.000      1020.00  2.82366e-06
      400.000      1030.00  2.77220e-06
      400.000      1040.00  2.72137e-06
      400.000      1050.00  2.67328e-06
      400.000      1060.00  2.62201e-06
      400.000      1070.00  2.56035e-06
      400.000      1080.00  2.48800e-06
      400.000      1090.00  2.40723e-06
      400.000      1100.00  2.32188e-06
      400.000      1110.00  2.23579e-06
      400.000      1120.00  2.14988e-06
      400.000      1130.00  2.06726e-06
      400.000      1140.00  1.98716e-06
      400.000      1150.00  1.91117e-06
      400.000      1160.00  1.84059e-06
      400.000      1170.00  1.77295e-06
      400.000      1180.00  1.71241e-06
      400.000      1190.00  1.65356e-06
      400.000      1200.00  1.60194e-06
      400.000      1210.00  1.54937e-06
      400.000      1220.00  1.49512e-06
      400.000      1230.00  1.45475e-06
      400.000      1240.00  1.40151e-06
      400.000      1250.00  1.35045e-06
      400.000      1260.00  1.30227e-06
      400.000      1270.00  1.25525e-06
      400.000      1280.00  1.20761e-06
      400.000      1290.00  1.15878e-06
      400.000      1300.00  1.10927e-06
      400.000      1325.00  9.87934e-07
      400.000      1350.00  8.75978e-07
      400.000      1375.00  7.75478e-07
      400.000      1400.00  6.86206e-07
      400.000      1425.00  6.07322e-07
      400.000      1450.00  5.37611e-07
      400.000      1475.00  4.76068e-07
      400.000      1500.00  4.22676e-07
      400.000      1525.00  3.76787e-07
      400.000      1550.00  3.37727e-07
      400.000      1575.00  3.04639e-07
      400.000      1600.00  2.75588e-07
      400.000      1625.00  2.49296e-07
      400.000      1650.00  2.25805e-07
      400.000      1675.00  2.04263e-07
      400.000      1700.00  1.84470e-07
      400.000      1725.00  1.66785e-07
      400.000      1750.00  1.51258e-07
      400.000      1775.00  1.37775e-07
      400.000      1800.00  1.26052e-07
      400.000      1825.00  1.15594e-07
      400.000      1850.00  1.06108e-07
      400.000      1875.00  9.73429e-08
      400.000      1900.00  8.91108e-08
      400.000      1925.00  8.14822e-08
      400.000      1950.00  7.46547e-08
      400.000      1975.00  6.86681e-08
      400.000      2000.00  6.34619e-08
      400.000      2025.00  5.89180e-08
      400.000      2050.00  5.48868e-08
      400.000      2075.00  5.09626e-08
      400.000      2100.00  4.73697e-08
      400.000      2125.00  4.39240e-08
      400.000      2150.00  4.06719e-08
      400.000      2175.00  3.76599e-08
      400.000      2200.00  3.49048e-08
      400.000      2225.00  3.24060e-08
      400.000      2250.00  3.01362e-08
      400.000      2275.00  2.80604e-08
      400.000      2300.00  2.61455e-08
      400.000      2325.00  2.43930e-08
      400.000      2350.00  2.27773e-08
      400.000      2375.00  2.13112e-08
      400.000      2400.00  1.99912e-08

