      40.0000     0.100000  3.53066e-12
      40.0000     0.200000  1.41037e-11
      40.0000     0.300000  3.16995e-11
      40.0000     0.400000  5.63089e-11
      40.0000     0.500000  8.79312e-11
      40.0000     0.600000  1.26574e-10
      40.0000     0.700000  1.72251e-10
      40.0000     0.800000  2.24985e-10
      40.0000     0.900000  2.84808e-10
      40.0000      1.00000  3.51759e-10
      40.0000      1.10000  4.25882e-10
      40.0000      1.20000  5.07239e-10
      40.0000      1.30000  5.95894e-10
      40.0000      1.40000  6.91913e-10
      40.0000      1.50000  7.95376e-10
      40.0000      1.60000  9.06369e-10
      40.0000      1.70000  1.02497e-09
      40.0000      2.00000  1.42711e-09
      40.0000      2.50000  2.25353e-09
      40.0000      3.00000  3.26829e-09
      40.0000      3.50000  4.45141e-09
      40.0000      4.00000  5.78299e-09
      40.0000      4.50000  7.25236e-09
      40.0000      5.00000  8.85612e-09
      40.0000      5.50000  1.05935e-08
      40.0000      6.00000  1.24635e-08
      40.0000      6.50000  1.44638e-08
      40.0000      7.00000  1.65920e-08
      40.0000      7.50000  1.88445e-08
      40.0000      8.00000  2.12180e-08
      40.0000      8.50000  2.37089e-08
      40.0000      9.00000  2.63138e-08
      40.0000      9.50000  2.90297e-08
      40.0000      10.0000  3.18537e-08
      40.0000      10.5000  3.47837e-08
      40.0000      11.0000  3.78180e-08
      40.0000      11.5000  4.09548e-08
      40.0000      12.0000  4.41935e-08
      40.0000      14.0000  5.81344e-08
      40.0000      16.0000  7.35165e-08
      40.0000      18.0000  9.00015e-08
      40.0000      20.0000  1.07124e-07
      40.0000      25.0000  1.49909e-07
      40.0000      30.0000  1.88977e-07
      40.0000      35.0000  2.21718e-07
      40.0000      40.0000  2.47292e-07
      40.0000      45.0000  2.65914e-07
      40.0000      50.0000  2.78357e-07
      40.0000      55.0000  2.85594e-07
      40.0000      60.0000  2.88555e-07
      40.0000      65.0000  2.88129e-07
      40.0000      70.0000  2.85075e-07
      40.0000      75.0000  2.80063e-07
      40.0000      80.0000  2.73608e-07
      40.0000      85.0000  2.66129e-07
      40.0000      90.0000  2.57971e-07
      40.0000      95.0000  2.49390e-07
      40.0000      100.000  2.40600e-07
      40.0000      110.000  2.22958e-07
      40.0000      120.000  2.05832e-07
      40.0000      130.000  1.89666e-07
      40.0000      140.000  1.74647e-07
      40.0000      150.000  1.60815e-07
      40.0000      160.000  1.48167e-07
      40.0000      170.000  1.36696e-07
      40.0000      180.000  1.26237e-07
      40.0000      190.000  1.16800e-07
      40.0000      200.000  1.08381e-07
      40.0000      210.000  1.01015e-07
      40.0000      220.000  9.48511e-08
      40.0000      230.000  9.01982e-08
      40.0000      240.000  8.76032e-08
      40.0000      250.000  8.81296e-08
      40.0000      260.000  9.38104e-08
      40.0000      270.000  1.08300e-07
      40.0000      280.000  1.40673e-07
      40.0000      290.000  2.09122e-07
      40.0000      300.000  3.49701e-07
      40.0000      310.000  5.60649e-07
      40.0000      320.000  9.57881e-07
      40.0000      330.000  1.58395e-06
      40.0000      340.000  2.38907e-06
      40.0000      350.000  3.64623e-06
      40.0000      360.000  4.50430e-06
      40.0000      365.000  4.32414e-06
      40.0000      370.000  4.40410e-06
      40.0000      380.000  4.34376e-06
      40.0000      390.000  3.83338e-06
      40.0000      400.000  3.25131e-06
      40.0000      410.000  2.65731e-06
      40.0000      420.000  2.21941e-06
      40.0000      430.000  1.85843e-06
      40.0000      440.000  1.56573e-06
      40.0000      450.000  1.32842e-06
      40.0000      460.000  1.13793e-06
      40.0000      470.000  9.86345e-07
      40.0000      480.000  8.69395e-07
      40.0000      490.000  7.86369e-07
      40.0000      500.000  7.40567e-07
      40.0000      510.000  7.43705e-07
      40.0000      520.000  8.23984e-07
      40.0000      530.000  1.05779e-06
      40.0000      540.000  1.49433e-06
      40.0000      550.000  2.29902e-06
      40.0000      560.000  3.63579e-06
      40.0000      570.000  5.41065e-06
      40.0000      580.000  7.90947e-06
      40.0000      590.000  1.00350e-05
      40.0000      600.000  1.00803e-05
      40.0000      610.000  1.00764e-05
      40.0000      620.000  9.04001e-06
      40.0000      630.000  7.67112e-06
      40.0000      640.000  6.26430e-06
      40.0000      650.000  5.19548e-06
      40.0000      660.000  4.31561e-06
      40.0000      670.000  3.60406e-06
      40.0000      680.000  3.03132e-06
      40.0000      690.000  2.57033e-06
      40.0000      700.000  2.19839e-06
      40.0000      710.000  1.89497e-06
      40.0000      720.000  1.64088e-06
      40.0000      730.000  1.42986e-06
      40.0000      740.000  1.24979e-06
      40.0000      750.000  1.09685e-06
      40.0000      760.000  9.66728e-07
      40.0000      770.000  8.55588e-07
      40.0000      780.000  7.60259e-07
      40.0000      790.000  6.78200e-07
      40.0000      800.000  6.07116e-07
      40.0000      810.000  5.45231e-07
      40.0000      820.000  4.91182e-07
      40.0000      830.000  4.43789e-07
      40.0000      840.000  4.02234e-07
      40.0000      850.000  3.65441e-07
      40.0000      860.000  3.33088e-07
      40.0000      870.000  3.04750e-07
      40.0000      880.000  2.81002e-07
      40.0000      890.000  2.61117e-07
      40.0000      900.000  2.46423e-07
      40.0000      910.000  2.38097e-07
      40.0000      920.000  2.36542e-07
      40.0000      930.000  2.41471e-07
      40.0000      940.000  2.56801e-07
      40.0000      950.000  2.48528e-07
      40.0000      960.000  2.36713e-07
      40.0000      970.000  2.19434e-07
      40.0000      980.000  1.96593e-07
      40.0000      990.000  1.73999e-07
      40.0000      1000.00  1.53897e-07
      40.0000      1010.00  1.36666e-07
      40.0000      1020.00  1.22047e-07
      40.0000      1030.00  1.09650e-07
      40.0000      1040.00  9.90912e-08
      40.0000      1050.00  9.00014e-08
      40.0000      1060.00  8.21694e-08
      40.0000      1070.00  7.54033e-08
      40.0000      1080.00  6.96025e-08
      40.0000      1090.00  6.47332e-08
      40.0000      1100.00  6.10970e-08
      40.0000      1110.00  5.87516e-08
      40.0000      1120.00  5.80726e-08
      40.0000      1130.00  5.99566e-08
      40.0000      1140.00  6.58497e-08
      40.0000      1150.00  7.65084e-08
      40.0000      1160.00  9.17026e-08
      40.0000      1170.00  1.15908e-07
      40.0000      1180.00  1.25178e-07
      40.0000      1190.00  1.22351e-07
      40.0000      1200.00  1.17183e-07
      40.0000      1210.00  1.04842e-07
      40.0000      1220.00  9.10364e-08
      40.0000      1230.00  7.84558e-08
      40.0000      1240.00  6.77688e-08
      40.0000      1250.00  5.89075e-08
      40.0000      1260.00  5.16013e-08
      40.0000      1270.00  4.55567e-08
      40.0000      1280.00  4.05183e-08
      40.0000      1290.00  3.62778e-08
      40.0000      1300.00  3.26736e-08
      40.0000      1325.00  2.56949e-08
      40.0000      1350.00  2.06873e-08
      40.0000      1375.00  1.69421e-08
      40.0000      1400.00  1.40463e-08
      40.0000      1425.00  1.17609e-08
      40.0000      1450.00  9.93127e-09
      40.0000      1475.00  8.46381e-09
      40.0000      1500.00  7.30310e-09
      40.0000      1525.00  6.54542e-09
      40.0000      1550.00  6.36442e-09
      40.0000      1575.00  7.49557e-09
      40.0000      1600.00  1.03130e-08
      40.0000      1625.00  1.63910e-08
      40.0000      1650.00  1.78462e-08
      40.0000      1675.00  1.85240e-08
      40.0000      1700.00  1.77144e-08
      40.0000      1725.00  1.58907e-08
      40.0000      1750.00  1.37793e-08
      40.0000      1775.00  1.17459e-08
      40.0000      1800.00  9.92772e-09
      40.0000      1825.00  8.35823e-09
      40.0000      1850.00  7.02750e-09
      40.0000      1875.00  5.90966e-09
      40.0000      1900.00  4.97468e-09
      40.0000      1925.00  4.19465e-09
      40.0000      1950.00  3.54398e-09
      40.0000      1975.00  3.00106e-09
      40.0000      2000.00  2.54672e-09
      40.0000      2025.00  2.16633e-09
      40.0000      2050.00  1.84730e-09
      40.0000      2075.00  1.57917e-09
      40.0000      2100.00  1.35286e-09
      40.0000      2125.00  1.16163e-09
      40.0000      2150.00  9.99982e-10
      40.0000      2175.00  8.62872e-10
      40.0000      2200.00  7.45979e-10
      40.0000      2225.00  6.46168e-10
      40.0000      2250.00  5.61046e-10
      40.0000      2275.00  4.88172e-10
      40.0000      2300.00  4.25595e-10
      40.0000      2325.00  3.71550e-10
      40.0000      2350.00  3.24984e-10
      40.0000      2375.00  2.84899e-10
      40.0000      2400.00  2.50273e-10

      51.6620     0.100000  2.51448e-12
      51.6620     0.200000  1.00493e-11
      51.6620     0.300000  2.25956e-11
      51.6620     0.400000  4.01503e-11
      51.6620     0.500000  6.27157e-11
      51.6620     0.600000  9.02999e-11
      51.6620     0.700000  1.22918e-10
      51.6620     0.800000  1.60590e-10
      51.6620     0.900000  2.03338e-10
      51.6620      1.00000  2.51198e-10
      51.6620      1.10000  3.04197e-10
      51.6620      1.20000  3.62369e-10
      51.6620      1.30000  4.25756e-10
      51.6620      1.40000  4.94388e-10
      51.6620      1.50000  5.68289e-10
      51.6620      1.60000  6.47482e-10
      51.6620      1.70000  7.31985e-10
      51.6620      2.00000  1.01729e-09
      51.6620      2.50000  1.59702e-09
      51.6620      3.00000  2.30096e-09
      51.6620      3.50000  3.12183e-09
      51.6620      4.00000  4.05484e-09
      51.6620      4.50000  5.09757e-09
      51.6620      5.00000  6.24820e-09
      51.6620      5.50000  7.50511e-09
      51.6620      6.00000  8.86618e-09
      51.6620      6.50000  1.03293e-08
      51.6620      7.00000  1.18922e-08
      51.6620      7.50000  1.35521e-08
      51.6620      8.00000  1.53069e-08
      51.6620      8.50000  1.71537e-08
      51.6620      9.00000  1.90906e-08
      51.6620      9.50000  2.11153e-08
      51.6620      10.0000  2.32259e-08
      51.6620      10.5000  2.54208e-08
      51.6620      11.0000  2.76991e-08
      51.6620      11.5000  3.00594e-08
      51.6620      12.0000  3.25010e-08
      51.6620      14.0000  4.30566e-08
      51.6620      16.0000  5.47798e-08
      51.6620      18.0000  6.74628e-08
      51.6620      20.0000  8.08362e-08
      51.6620      25.0000  1.15555e-07
      51.6620      30.0000  1.49374e-07
      51.6620      35.0000  1.79883e-07
      51.6620      40.0000  2.05829e-07
      51.6620      45.0000  2.26808e-07
      51.6620      50.0000  2.42954e-07
      51.6620      55.0000  2.54663e-07
      51.6620      60.0000  2.62454e-07
      51.6620      65.0000  2.66889e-07
      51.6620      70.0000  2.68516e-07
      51.6620      75.0000  2.67854e-07
      51.6620      80.0000  2.65350e-07
      51.6620      85.0000  2.61389e-07
      51.6620      90.0000  2.56298e-07
      51.6620      95.0000  2.50372e-07
      51.6620      100.000  2.43842e-07
      51.6620      110.000  2.29679e-07
      51.6620      120.000  2.14895e-07
      51.6620      130.000  2.00211e-07
      51.6620      140.000  1.86065e-07
      51.6620      150.000  1.72642e-07
      51.6620      160.000  1.60179e-07
      51.6620      170.000  1.48724e-07
      51.6620      180.000  1.38325e-07
      51.6620      190.000  1.28999e-07
      51.6620      200.000  1.21541e-07
      51.6620      210.000  1.14232e-07
      51.6620      220.000  1.09654e-07
      51.6620      230.000  1.07970e-07
      51.6620      240.000  1.09961e-07
      51.6620      250.000  1.17203e-07
      51.6620      260.000  1.36172e-07
      51.6620      270.000  1.67412e-07
      51.6620      280.000  2.23259e-07
      51.6620      290.000  3.18380e-07
      51.6620      300.000  4.94060e-07
      51.6620      310.000  7.63905e-07
      51.6620      320.000  1.19626e-06
      51.6620      330.000  1.79192e-06
      51.6620      340.000  2.45634e-06
      51.6620      350.000  3.37134e-06
      51.6620      360.000  4.19795e-06
      51.6620      365.000  4.01972e-06
      51.6620      370.000  4.09389e-06
      51.6620      380.000  4.07352e-06
      51.6620      390.000  3.65682e-06
      51.6620      400.000  3.16796e-06
      51.6620      410.000  2.60877e-06
      51.6620      420.000  2.22565e-06
      51.6620      430.000  1.89837e-06
      51.6620      440.000  1.62594e-06
      51.6620      450.000  1.40293e-06
      51.6620      460.000  1.22294e-06
      51.6620      470.000  1.08396e-06
      51.6620      480.000  9.76731e-07
      51.6620      490.000  9.14858e-07
      51.6620      500.000  9.10399e-07
      51.6620      510.000  9.61542e-07
      51.6620      520.000  1.11361e-06
      51.6620      530.000  1.45677e-06
      51.6620      540.000  1.99279e-06
      51.6620      550.000  2.85157e-06
      51.6620      560.000  4.10082e-06
      51.6620      570.000  5.60314e-06
      51.6620      580.000  7.55348e-06
      51.6620      590.000  9.27809e-06
      51.6620      600.000  9.37148e-06
      51.6620      610.000  9.42326e-06
      51.6620      620.000  8.57876e-06
      51.6620      630.000  7.43248e-06
      51.6620      640.000  6.13253e-06
      51.6620      650.000  5.19395e-06
      51.6620      660.000  4.39178e-06
      51.6620      670.000  3.72228e-06
      51.6620      680.000  3.16907e-06
      51.6620      690.000  2.71322e-06
      51.6620      700.000  2.33786e-06
      51.6620      710.000  2.02629e-06
      51.6620      720.000  1.76328e-06
      51.6620      730.000  1.54255e-06
      51.6620      740.000  1.35399e-06
      51.6620      750.000  1.19287e-06
      51.6620      760.000  1.05487e-06
      51.6620      770.000  9.36301e-07
      51.6620      780.000  8.34134e-07
      51.6620      790.000  7.45681e-07
      51.6620      800.000  6.68849e-07
      51.6620      810.000  6.01767e-07
      51.6620      820.000  5.43017e-07
      51.6620      830.000  4.91429e-07
      51.6620      840.000  4.46067e-07
      51.6620      850.000  4.06095e-07
      51.6620      860.000  3.71154e-07
      51.6620      870.000  3.40618e-07
      51.6620      880.000  3.14604e-07
      51.6620      890.000  2.93671e-07
      51.6620      900.000  2.78747e-07
      51.6620      910.000  2.68127e-07
      51.6620      920.000  2.62507e-07
      51.6620      930.000  2.64979e-07
      51.6620      940.000  2.68278e-07
      51.6620      950.000  2.56961e-07
      51.6620      960.000  2.44090e-07
      51.6620      970.000  2.27483e-07
      51.6620      980.000  2.06608e-07
      51.6620      990.000  1.85501e-07
      51.6620      1000.00  1.66141e-07
      51.6620      1010.00  1.49071e-07
      51.6620      1020.00  1.34244e-07
      51.6620      1030.00  1.21398e-07
      51.6620      1040.00  1.10297e-07
      51.6620      1050.00  1.00686e-07
      51.6620      1060.00  9.23648e-08
      51.6620      1070.00  8.52127e-08
      51.6620      1080.00  7.94792e-08
      51.6620      1090.00  7.42535e-08
      51.6620      1100.00  7.04622e-08
      51.6620      1110.00  6.81838e-08
      51.6620      1120.00  6.88662e-08
      51.6620      1130.00  7.10551e-08
      51.6620      1140.00  7.65665e-08
      51.6620      1150.00  8.58965e-08
      51.6620      1160.00  1.05709e-07
      51.6620      1170.00  1.17142e-07
      51.6620      1180.00  1.19966e-07
      51.6620      1190.00  1.17789e-07
      51.6620      1200.00  1.13245e-07
      51.6620      1210.00  1.03285e-07
      51.6620      1220.00  9.15920e-08
      51.6620      1230.00  8.04413e-08
      51.6620      1240.00  7.05981e-08
      51.6620      1250.00  6.21721e-08
      51.6620      1260.00  5.50354e-08
      51.6620      1270.00  4.89993e-08
      51.6620      1280.00  4.38780e-08
      51.6620      1290.00  3.95049e-08
      51.6620      1300.00  3.57469e-08
      51.6620      1325.00  2.83606e-08
      51.6620      1350.00  2.29818e-08
      51.6620      1375.00  1.89166e-08
      51.6620      1400.00  1.57573e-08
      51.6620      1425.00  1.32558e-08
      51.6620      1450.00  1.12571e-08
      51.6620      1475.00  9.67603e-09
      51.6620      1500.00  8.49728e-09
      51.6620      1525.00  7.80255e-09
      51.6620      1550.00  7.95583e-09
      51.6620      1575.00  9.13358e-09
      51.6620      1600.00  1.18891e-08
      51.6620      1625.00  1.64923e-08
      51.6620      1650.00  1.77021e-08
      51.6620      1675.00  1.82204e-08
      51.6620      1700.00  1.75442e-08
      51.6620      1725.00  1.59785e-08
      51.6620      1750.00  1.40818e-08
      51.6620      1775.00  1.21850e-08
      51.6620      1800.00  1.04356e-08
      51.6620      1825.00  8.88766e-09
      51.6620      1850.00  7.54815e-09
      51.6620      1875.00  6.40346e-09
      51.6620      1900.00  5.43258e-09
      51.6620      1925.00  4.61202e-09
      51.6620      1950.00  3.92053e-09
      51.6620      1975.00  3.33778e-09
      51.6620      2000.00  2.84633e-09
      51.6620      2025.00  2.43208e-09
      51.6620      2050.00  2.08210e-09
      51.6620      2075.00  1.78614e-09
      51.6620      2100.00  1.53537e-09
      51.6620      2125.00  1.32248e-09
      51.6620      2150.00  1.14155e-09
      51.6620      2175.00  9.87324e-10
      51.6620      2200.00  8.55603e-10
      51.6620      2225.00  7.42848e-10
      51.6620      2250.00  6.46269e-10
      51.6620      2275.00  5.63313e-10
      51.6620      2300.00  4.91880e-10
      51.6620      2325.00  4.30223e-10
      51.6620      2350.00  3.76958e-10
      51.6620      2375.00  3.30884e-10
      51.6620      2400.00  2.90955e-10

      66.7240     0.100000  1.80021e-12
      66.7240     0.200000  7.20101e-12
      66.7240     0.300000  1.62054e-11
      66.7240     0.400000  2.88194e-11
      66.7240     0.500000  4.50516e-11
      66.7240     0.600000  6.49121e-11
      66.7240     0.700000  8.84134e-11
      66.7240     0.800000  1.15565e-10
      66.7240     0.900000  1.46379e-10
      66.7240      1.00000  1.80866e-10
      66.7240      1.10000  2.19028e-10
      66.7240      1.20000  2.60875e-10
      66.7240      1.30000  3.06399e-10
      66.7240      1.40000  3.55600e-10
      66.7240      1.50000  4.08469e-10
      66.7240      1.60000  4.64997e-10
      66.7240      1.70000  5.25166e-10
      66.7240      2.00000  7.27378e-10
      66.7240      2.50000  1.13554e-09
      66.7240      3.00000  1.63069e-09
      66.7240      3.50000  2.21110e-09
      66.7240      4.00000  2.87550e-09
      66.7240      4.50000  3.62279e-09
      66.7240      5.00000  4.45186e-09
      66.7240      5.50000  5.36176e-09
      66.7240      6.00000  6.35120e-09
      66.7240      6.50000  7.41893e-09
      66.7240      7.00000  8.56334e-09
      66.7240      7.50000  9.78278e-09
      66.7240      8.00000  1.10754e-08
      66.7240      8.50000  1.24392e-08
      66.7240      9.00000  1.38728e-08
      66.7240      9.50000  1.53744e-08
      66.7240      10.0000  1.69431e-08
      66.7240      10.5000  1.85776e-08
      66.7240      11.0000  2.02774e-08
      66.7240      11.5000  2.20420e-08
      66.7240      12.0000  2.38704e-08
      66.7240      14.0000  3.18077e-08
      66.7240      16.0000  4.06809e-08
      66.7240      18.0000  5.03646e-08
      66.7240      20.0000  6.07003e-08
      66.7240      25.0000  8.83296e-08
      66.7240      30.0000  1.16636e-07
      66.7240      35.0000  1.43685e-07
      66.7240      40.0000  1.68233e-07
      66.7240      45.0000  1.89629e-07
      66.7240      50.0000  2.07608e-07
      66.7240      55.0000  2.22188e-07
      66.7240      60.0000  2.33543e-07
      66.7240      65.0000  2.41942e-07
      66.7240      70.0000  2.47700e-07
      66.7240      75.0000  2.51149e-07
      66.7240      80.0000  2.52619e-07
      66.7240      85.0000  2.52410e-07
      66.7240      90.0000  2.50796e-07
      66.7240      95.0000  2.48054e-07
      66.7240      100.000  2.44362e-07
      66.7240      110.000  2.34959e-07
      66.7240      120.000  2.23787e-07
      66.7240      130.000  2.11791e-07
      66.7240      140.000  1.99525e-07
      66.7240      150.000  1.87551e-07
      66.7240      160.000  1.76152e-07
      66.7240      170.000  1.65413e-07
      66.7240      180.000  1.55955e-07
      66.7240      190.000  1.47795e-07
      66.7240      200.000  1.40973e-07
      66.7240      210.000  1.37063e-07
      66.7240      220.000  1.35757e-07
      66.7240      230.000  1.37923e-07
      66.7240      240.000  1.47745e-07
      66.7240      250.000  1.66123e-07
      66.7240      260.000  1.96958e-07
      66.7240      270.000  2.49804e-07
      66.7240      280.000  3.31884e-07
      66.7240      290.000  4.60112e-07
      66.7240      300.000  6.70581e-07
      66.7240      310.000  9.55616e-07
      66.7240      320.000  1.35841e-06
      66.7240      330.000  1.89983e-06
      66.7240      340.000  2.50209e-06
      66.7240      350.000  3.13230e-06
      66.7240      360.000  3.89537e-06
      66.7240      365.000  3.73428e-06
      66.7240      370.000  3.80991e-06
      66.7240      380.000  3.82095e-06
      66.7240      390.000  3.48696e-06
      66.7240      400.000  3.08448e-06
      66.7240      410.000  2.57729e-06
      66.7240      420.000  2.25230e-06
      66.7240      430.000  1.96158e-06
      66.7240      440.000  1.71737e-06
      66.7240      450.000  1.51487e-06
      66.7240      460.000  1.35086e-06
      66.7240      470.000  1.23020e-06
      66.7240      480.000  1.15237e-06
      66.7240      490.000  1.13082e-06
      66.7240      500.000  1.15399e-06
      66.7240      510.000  1.27925e-06
      66.7240      520.000  1.48353e-06
      66.7240      530.000  1.91807e-06
      66.7240      540.000  2.49140e-06
      66.7240      550.000  3.34202e-06
      66.7240      560.000  4.56656e-06
      66.7240      570.000  5.94454e-06
      66.7240      580.000  7.17358e-06
      66.7240      590.000  8.68888e-06
      66.7240      600.000  8.74286e-06
      66.7240      610.000  8.84140e-06
      66.7240      620.000  8.15770e-06
      66.7240      630.000  7.21047e-06
      66.7240      640.000  6.03394e-06
      66.7240      650.000  5.22161e-06
      66.7240      660.000  4.50003e-06
      66.7240      670.000  3.87747e-06
      66.7240      680.000  3.34810e-06
      66.7240      690.000  2.90096e-06
      66.7240      700.000  2.52380e-06
      66.7240      710.000  2.20534e-06
      66.7240      720.000  1.93290e-06
      66.7240      730.000  1.70152e-06
      66.7240      740.000  1.50257e-06
      66.7240      750.000  1.33133e-06
      66.7240      760.000  1.18371e-06
      66.7240      770.000  1.05620e-06
      66.7240      780.000  9.46590e-07
      66.7240      790.000  8.50456e-07
      66.7240      800.000  7.68159e-07
      66.7240      810.000  6.94743e-07
      66.7240      820.000  6.30532e-07
      66.7240      830.000  5.73010e-07
      66.7240      840.000  5.22259e-07
      66.7240      850.000  4.76747e-07
      66.7240      860.000  4.36772e-07
      66.7240      870.000  4.01489e-07
      66.7240      880.000  3.71835e-07
      66.7240      890.000  3.46609e-07
      66.7240      900.000  3.27984e-07
      66.7240      910.000  3.12746e-07
      66.7240      920.000  3.04896e-07
      66.7240      930.000  2.95823e-07
      66.7240      940.000  2.92043e-07
      66.7240      950.000  2.79014e-07
      66.7240      960.000  2.64155e-07
      66.7240      970.000  2.46964e-07
      66.7240      980.000  2.26723e-07
      66.7240      990.000  2.06153e-07
      66.7240      1000.00  1.86864e-07
      66.7240      1010.00  1.69449e-07
      66.7240      1020.00  1.53985e-07
      66.7240      1030.00  1.40347e-07
      66.7240      1040.00  1.28414e-07
      66.7240      1050.00  1.17944e-07
      66.7240      1060.00  1.08879e-07
      66.7240      1070.00  1.01040e-07
      66.7240      1080.00  9.44876e-08
      66.7240      1090.00  8.91330e-08
      66.7240      1100.00  8.54955e-08
      66.7240      1110.00  8.29660e-08
      66.7240      1120.00  8.39651e-08
      66.7240      1130.00  8.50055e-08
      66.7240      1140.00  9.29196e-08
      66.7240      1150.00  9.75674e-08
      66.7240      1160.00  1.09517e-07
      66.7240      1170.00  1.15364e-07
      66.7240      1180.00  1.19482e-07
      66.7240      1190.00  1.17389e-07
      66.7240      1200.00  1.13141e-07
      66.7240      1210.00  1.04827e-07
      66.7240      1220.00  9.47777e-08
      66.7240      1230.00  8.48084e-08
      66.7240      1240.00  7.56793e-08
      66.7240      1250.00  6.76049e-08
      66.7240      1260.00  6.05711e-08
      66.7240      1270.00  5.44769e-08
      66.7240      1280.00  4.92006e-08
      66.7240      1290.00  4.46177e-08
      66.7240      1300.00  4.06229e-08
      66.7240      1325.00  3.26290e-08
      66.7240      1350.00  2.67000e-08
      66.7240      1375.00  2.22057e-08
      66.7240      1400.00  1.86881e-08
      66.7240      1425.00  1.58635e-08
      66.7240      1450.00  1.35744e-08
      66.7240      1475.00  1.18233e-08
      66.7240      1500.00  1.06011e-08
      66.7240      1525.00  1.00022e-08
      66.7240      1550.00  1.01616e-08
      66.7240      1575.00  1.14582e-08
      66.7240      1600.00  1.40593e-08
      66.7240      1625.00  1.71591e-08
      66.7240      1650.00  1.81073e-08
      66.7240      1675.00  1.84508e-08
      66.7240      1700.00  1.78427e-08
      66.7240      1725.00  1.64685e-08
      66.7240      1750.00  1.47454e-08
      66.7240      1775.00  1.29596e-08
      66.7240      1800.00  1.12623e-08
      66.7240      1825.00  9.71958e-09
      66.7240      1850.00  8.35361e-09
      66.7240      1875.00  7.16330e-09
      66.7240      1900.00  6.13634e-09
      66.7240      1925.00  5.25570e-09
      66.7240      1950.00  4.50356e-09
      66.7240      1975.00  3.86329e-09
      66.7240      2000.00  3.31822e-09
      66.7240      2025.00  2.85552e-09
      66.7240      2050.00  2.46485e-09
      66.7240      2075.00  2.12857e-09
      66.7240      2100.00  1.84160e-09
      66.7240      2125.00  1.59574e-09
      66.7240      2150.00  1.38419e-09
      66.7240      2175.00  1.20221e-09
      66.7240      2200.00  1.04563e-09
      66.7240      2225.00  9.10933e-10
      66.7240      2250.00  7.94697e-10
      66.7240      2275.00  6.94323e-10
      66.7240      2300.00  6.07629e-10
      66.7240      2325.00  5.32689e-10
      66.7240      2350.00  4.67709e-10
      66.7240      2375.00  4.11215e-10
      66.7240      2400.00  3.62062e-10

      86.1770     0.100000  1.31824e-12
      86.1770     0.200000  5.27413e-12
      86.1770     0.300000  1.18691e-11
      86.1770     0.400000  2.11046e-11
      86.1770     0.500000  3.29807e-11
      86.1770     0.600000  4.74972e-11
      86.1770     0.700000  6.46527e-11
      86.1770     0.800000  8.44462e-11
      86.1770     0.900000  1.06872e-10
      86.1770      1.00000  1.31931e-10
      86.1770      1.10000  1.59614e-10
      86.1770      1.20000  1.89920e-10
      86.1770      1.30000  2.22842e-10
      86.1770      1.40000  2.58375e-10
      86.1770      1.50000  2.96515e-10
      86.1770      1.60000  3.37258e-10
      86.1770      1.70000  3.80598e-10
      86.1770      2.00000  5.26150e-10
      86.1770      2.50000  8.20283e-10
      86.1770      3.00000  1.17852e-09
      86.1770      3.50000  1.60060e-09
      86.1770      4.00000  2.08624e-09
      86.1770      4.50000  2.63515e-09
      86.1770      5.00000  3.24689e-09
      86.1770      5.50000  3.92076e-09
      86.1770      6.00000  4.65571e-09
      86.1770      6.50000  5.45040e-09
      86.1770      7.00000  6.30347e-09
      86.1770      7.50000  7.21332e-09
      86.1770      8.00000  8.17835e-09
      86.1770      8.50000  9.19739e-09
      86.1770      9.00000  1.02694e-08
      86.1770      9.50000  1.13936e-08
      86.1770      10.0000  1.25693e-08
      86.1770      10.5000  1.37963e-08
      86.1770      11.0000  1.50739e-08
      86.1770      11.5000  1.64022e-08
      86.1770      12.0000  1.77808e-08
      86.1770      14.0000  2.37887e-08
      86.1770      16.0000  3.05504e-08
      86.1770      18.0000  3.79941e-08
      86.1770      20.0000  4.60281e-08
      86.1770      25.0000  6.80394e-08
      86.1770      30.0000  9.14780e-08
      86.1770      35.0000  1.14834e-07
      86.1770      40.0000  1.37063e-07
      86.1770      45.0000  1.57500e-07
      86.1770      50.0000  1.75753e-07
      86.1770      55.0000  1.91642e-07
      86.1770      60.0000  2.05133e-07
      86.1770      65.0000  2.16272e-07
      86.1770      70.0000  2.25173e-07
      86.1770      75.0000  2.32012e-07
      86.1770      80.0000  2.36991e-07
      86.1770      85.0000  2.40299e-07
      86.1770      90.0000  2.42111e-07
      86.1770      95.0000  2.42643e-07
      86.1770      100.000  2.42086e-07
      86.1770      110.000  2.38274e-07
      86.1770      120.000  2.31877e-07
      86.1770      130.000  2.23777e-07
      86.1770      140.000  2.14833e-07
      86.1770      150.000  2.05489e-07
      86.1770      160.000  1.96517e-07
      86.1770      170.000  1.88011e-07
      86.1770      180.000  1.80997e-07
      86.1770      190.000  1.75229e-07
      86.1770      200.000  1.72332e-07
      86.1770      210.000  1.72083e-07
      86.1770      220.000  1.76742e-07
      86.1770      230.000  1.87544e-07
      86.1770      240.000  2.07090e-07
      86.1770      250.000  2.39076e-07
      86.1770      260.000  2.88866e-07
      86.1770      270.000  3.64165e-07
      86.1770      280.000  4.76141e-07
      86.1770      290.000  6.39444e-07
      86.1770      300.000  8.70020e-07
      86.1770      310.000  1.11850e-06
      86.1770      320.000  1.49730e-06
      86.1770      330.000  1.94023e-06
      86.1770      340.000  2.39071e-06
      86.1770      350.000  2.89680e-06
      86.1770      360.000  3.32607e-06
      86.1770      365.000  3.29758e-06
      86.1770      370.000  3.35748e-06
      86.1770      380.000  3.37322e-06
      86.1770      390.000  3.17354e-06
      86.1770      400.000  2.89710e-06
      86.1770      410.000  2.55723e-06
      86.1770      420.000  2.28915e-06
      86.1770      430.000  2.04358e-06
      86.1770      440.000  1.83458e-06
      86.1770      450.000  1.66162e-06
      86.1770      460.000  1.52794e-06
      86.1770      470.000  1.43652e-06
      86.1770      480.000  1.39235e-06
      86.1770      490.000  1.40364e-06
      86.1770      500.000  1.48308e-06
      86.1770      510.000  1.64905e-06
      86.1770      520.000  1.92688e-06
      86.1770      530.000  2.39581e-06
      86.1770      540.000  3.02344e-06
      86.1770      550.000  3.87504e-06
      86.1770      560.000  4.94048e-06
      86.1770      570.000  5.99322e-06
      86.1770      580.000  7.18372e-06
      86.1770      590.000  7.82832e-06
      86.1770      600.000  7.91702e-06
      86.1770      610.000  7.96374e-06
      86.1770      620.000  7.51973e-06
      86.1770      630.000  6.83185e-06
      86.1770      640.000  6.00632e-06
      86.1770      650.000  5.30333e-06
      86.1770      660.000  4.65690e-06
      86.1770      670.000  4.08148e-06
      86.1770      680.000  3.57816e-06
      86.1770      690.000  3.14180e-06
      86.1770      700.000  2.76586e-06
      86.1770      710.000  2.44140e-06
      86.1770      720.000  2.16051e-06
      86.1770      730.000  1.91874e-06
      86.1770      740.000  1.70926e-06
      86.1770      750.000  1.52806e-06
      86.1770      760.000  1.37139e-06
      86.1770      770.000  1.23618e-06
      86.1770      780.000  1.11956e-06
      86.1770      790.000  1.01862e-06
      86.1770      800.000  9.29982e-07
      86.1770      810.000  8.53561e-07
      86.1770      820.000  7.82645e-07
      86.1770      830.000  7.17913e-07
      86.1770      840.000  6.59421e-07
      86.1770      850.000  6.05115e-07
      86.1770      860.000  5.55493e-07
      86.1770      870.000  5.11225e-07
      86.1770      880.000  4.72643e-07
      86.1770      890.000  4.39739e-07
      86.1770      900.000  4.12498e-07
      86.1770      910.000  3.90393e-07
      86.1770      920.000  3.72186e-07
      86.1770      930.000  3.56343e-07
      86.1770      940.000  3.43529e-07
      86.1770      950.000  3.26016e-07
      86.1770      960.000  3.07042e-07
      86.1770      970.000  2.87334e-07
      86.1770      980.000  2.65616e-07
      86.1770      990.000  2.43768e-07
      86.1770      1000.00  2.23195e-07
      86.1770      1010.00  2.04283e-07
      86.1770      1020.00  1.87293e-07
      86.1770      1030.00  1.72053e-07
      86.1770      1040.00  1.58539e-07
      86.1770      1050.00  1.46604e-07
      86.1770      1060.00  1.36164e-07
      86.1770      1070.00  1.27140e-07
      86.1770      1080.00  1.19537e-07
      86.1770      1090.00  1.13399e-07
      86.1770      1100.00  1.08871e-07
      86.1770      1110.00  1.06187e-07
      86.1770      1120.00  1.05738e-07
      86.1770      1130.00  1.08086e-07
      86.1770      1140.00  1.13996e-07
      86.1770      1150.00  1.22976e-07
      86.1770      1160.00  1.27175e-07
      86.1770      1170.00  1.36894e-07
      86.1770      1180.00  1.26439e-07
      86.1770      1190.00  1.23665e-07
      86.1770      1200.00  1.19375e-07
      86.1770      1210.00  1.11883e-07
      86.1770      1220.00  1.02724e-07
      86.1770      1230.00  9.34239e-08
      86.1770      1240.00  8.46740e-08
      86.1770      1250.00  7.67152e-08
      86.1770      1260.00  6.96017e-08
      86.1770      1270.00  6.32936e-08
      86.1770      1280.00  5.77156e-08
      86.1770      1290.00  5.27872e-08
      86.1770      1300.00  4.84210e-08
      86.1770      1325.00  3.95182e-08
      86.1770      1350.00  3.28227e-08
      86.1770      1375.00  2.77500e-08
      86.1770      1400.00  2.38209e-08
      86.1770      1425.00  2.05059e-08
      86.1770      1450.00  1.77444e-08
      86.1770      1475.00  1.55498e-08
      86.1770      1500.00  1.40767e-08
      86.1770      1525.00  1.33501e-08
      86.1770      1550.00  1.34657e-08
      86.1770      1575.00  1.44636e-08
      86.1770      1600.00  1.63255e-08
      86.1770      1625.00  1.87048e-08
      86.1770      1650.00  1.93497e-08
      86.1770      1675.00  1.94808e-08
      86.1770      1700.00  1.88635e-08
      86.1770      1725.00  1.75846e-08
      86.1770      1750.00  1.59632e-08
      86.1770      1775.00  1.42402e-08
      86.1770      1800.00  1.25582e-08
      86.1770      1825.00  1.09905e-08
      86.1770      1850.00  9.57064e-09
      86.1770      1875.00  8.30867e-09
      86.1770      1900.00  7.19934e-09
      86.1770      1925.00  6.23389e-09
      86.1770      1950.00  5.39815e-09
      86.1770      1975.00  4.67946e-09
      86.1770      2000.00  4.06383e-09
      86.1770      2025.00  3.53946e-09
      86.1770      2050.00  3.09383e-09
      86.1770      2075.00  2.70877e-09
      86.1770      2100.00  2.37116e-09
      86.1770      2125.00  2.07669e-09
      86.1770      2150.00  1.81811e-09
      86.1770      2175.00  1.59107e-09
      86.1770      2200.00  1.39235e-09
      86.1770      2225.00  1.21902e-09
      86.1770      2250.00  1.06794e-09
      86.1770      2275.00  9.36469e-10
      86.1770      2300.00  8.22166e-10
      86.1770      2325.00  7.22581e-10
      86.1770      2350.00  6.35916e-10
      86.1770      2375.00  5.60251e-10
      86.1770      2400.00  4.94338e-10

      111.302     0.100000  9.70913e-13
      111.302     0.200000  3.88178e-12
      111.302     0.300000  8.72972e-12
      111.302     0.400000  1.55117e-11
      111.302     0.500000  2.42249e-11
      111.302     0.600000  3.48665e-11
      111.302     0.700000  4.74342e-11
      111.302     0.800000  6.19251e-11
      111.302     0.900000  7.83364e-11
      111.302      1.00000  9.66677e-11
      111.302      1.10000  1.16916e-10
      111.302      1.20000  1.39080e-10
      111.302      1.30000  1.63160e-10
      111.302      1.40000  1.89150e-10
      111.302      1.50000  2.17056e-10
      111.302      1.60000  2.46871e-10
      111.302      1.70000  2.78604e-10
      111.302      2.00000  3.85261e-10
      111.302      2.50000  6.01287e-10
      111.302      3.00000  8.65211e-10
      111.302      3.50000  1.17708e-09
      111.302      4.00000  1.53684e-09
      111.302      4.50000  1.94422e-09
      111.302      5.00000  2.39867e-09
      111.302      5.50000  2.89953e-09
      111.302      6.00000  3.44575e-09
      111.302      6.50000  4.03640e-09
      111.302      7.00000  4.67056e-09
      111.302      7.50000  5.34733e-09
      111.302      8.00000  6.06593e-09
      111.302      8.50000  6.82589e-09
      111.302      9.00000  7.62690e-09
      111.302      9.50000  8.46842e-09
      111.302      10.0000  9.35043e-09
      111.302      10.5000  1.02725e-08
      111.302      11.0000  1.12347e-08
      111.302      11.5000  1.22368e-08
      111.302      12.0000  1.32784e-08
      111.302      14.0000  1.78356e-08
      111.302      16.0000  2.29959e-08
      111.302      18.0000  2.87177e-08
      111.302      20.0000  3.49493e-08
      111.302      25.0000  5.23395e-08
      111.302      30.0000  7.14150e-08
      111.302      35.0000  9.11021e-08
      111.302      40.0000  1.10585e-07
      111.302      45.0000  1.29294e-07
      111.302      50.0000  1.46820e-07
      111.302      55.0000  1.62894e-07
      111.302      60.0000  1.77346e-07
      111.302      65.0000  1.90112e-07
      111.302      70.0000  2.01176e-07
      111.302      75.0000  2.10584e-07
      111.302      80.0000  2.18408e-07
      111.302      85.0000  2.24733e-07
      111.302      90.0000  2.29676e-07
      111.302      95.0000  2.33371e-07
      111.302      100.000  2.35981e-07
      111.302      110.000  2.38241e-07
      111.302      120.000  2.37413e-07
      111.302      130.000  2.34591e-07
      111.302      140.000  2.30130e-07
      111.302      150.000  2.24931e-07
      111.302      160.000  2.20062e-07
      111.302      170.000  2.15558e-07
      111.302      180.000  2.12373e-07
      111.302      190.000  2.11946e-07
      111.302      200.000  2.13172e-07
      111.302      210.000  2.19507e-07
      111.302      220.000  2.30894e-07
      111.302      230.000  2.50171e-07
      111.302      240.000  2.79577e-07
      111.302      250.000  3.22675e-07
      111.302      260.000  3.92301e-07
      111.302      270.000  4.70775e-07
      111.302      280.000  5.93191e-07
      111.302      290.000  7.49627e-07
      111.302      300.000  9.58163e-07
      111.302      310.000  1.23272e-06
      111.302      320.000  1.55787e-06
      111.302      330.000  1.96305e-06
      111.302      340.000  2.26940e-06
      111.302      350.000  2.64878e-06
      111.302      360.000  2.90457e-06
      111.302      365.000  2.92482e-06
      111.302      370.000  2.97613e-06
      111.302      380.000  3.00599e-06
      111.302      390.000  2.89799e-06
      111.302      400.000  2.71640e-06
      111.302      410.000  2.49792e-06
      111.302      420.000  2.29296e-06
      111.302      430.000  2.10764e-06
      111.302      440.000  1.94611e-06
      111.302      450.000  1.81766e-06
      111.302      460.000  1.72530e-06
      111.302      470.000  1.67551e-06
      111.302      480.000  1.69666e-06
      111.302      490.000  1.73189e-06
      111.302      500.000  1.86828e-06
      111.302      510.000  2.07186e-06
      111.302      520.000  2.39110e-06
      111.302      530.000  2.87064e-06
      111.302      540.000  3.42055e-06
      111.302      550.000  4.18846e-06
      111.302      560.000  5.06372e-06
      111.302      570.000  5.76947e-06
      111.302      580.000  6.73146e-06
      111.302      590.000  7.23255e-06
      111.302      600.000  7.33814e-06
      111.302      610.000  7.37541e-06
      111.302      620.000  7.08092e-06
      111.302      630.000  6.57431e-06
      111.302      640.000  5.97279e-06
      111.302      650.000  5.37917e-06
      111.302      660.000  4.81364e-06
      111.302      670.000  4.29418e-06
      111.302      680.000  3.82637e-06
      111.302      690.000  3.41083e-06
      111.302      700.000  3.04412e-06
      111.302      710.000  2.72239e-06
      111.302      720.000  2.44083e-06
      111.302      730.000  2.19423e-06
      111.302      740.000  1.98078e-06
      111.302      750.000  1.79508e-06
      111.302      760.000  1.63584e-06
      111.302      770.000  1.49961e-06
      111.302      780.000  1.38445e-06
      111.302      790.000  1.30346e-06
      111.302      800.000  1.19976e-06
      111.302      810.000  1.13967e-06
      111.302      820.000  1.05323e-06
      111.302      830.000  9.80458e-07
      111.302      840.000  9.12817e-07
      111.302      850.000  8.45119e-07
      111.302      860.000  7.79755e-07
      111.302      870.000  7.18157e-07
      111.302      880.000  6.63172e-07
      111.302      890.000  6.14192e-07
      111.302      900.000  5.71659e-07
      111.302      910.000  5.34866e-07
      111.302      920.000  5.02490e-07
      111.302      930.000  4.80299e-07
      111.302      940.000  4.48159e-07
      111.302      950.000  4.21199e-07
      111.302      960.000  3.94931e-07
      111.302      970.000  3.69617e-07
      111.302      980.000  3.43945e-07
      111.302      990.000  3.19095e-07
      111.302      1000.00  2.96020e-07
      111.302      1010.00  2.75299e-07
      111.302      1020.00  2.55809e-07
      111.302      1030.00  2.40049e-07
      111.302      1040.00  2.22804e-07
      111.302      1050.00  2.08120e-07
      111.302      1060.00  1.94904e-07
      111.302      1070.00  1.82847e-07
      111.302      1080.00  1.72276e-07
      111.302      1090.00  1.62844e-07
      111.302      1100.00  1.55619e-07
      111.302      1110.00  1.49635e-07
      111.302      1120.00  1.45994e-07
      111.302      1130.00  1.44253e-07
      111.302      1140.00  1.44255e-07
      111.302      1150.00  1.51287e-07
      111.302      1160.00  1.46418e-07
      111.302      1170.00  1.51393e-07
      111.302      1180.00  1.46499e-07
      111.302      1190.00  1.42023e-07
      111.302      1200.00  1.36802e-07
      111.302      1210.00  1.29102e-07
      111.302      1220.00  1.19978e-07
      111.302      1230.00  1.10654e-07
      111.302      1240.00  1.01712e-07
      111.302      1250.00  9.33973e-08
      111.302      1260.00  8.57826e-08
      111.302      1270.00  7.88884e-08
      111.302      1280.00  7.26782e-08
      111.302      1290.00  6.70942e-08
      111.302      1300.00  6.20848e-08
      111.302      1325.00  5.17163e-08
      111.302      1350.00  4.39038e-08
      111.302      1375.00  3.81040e-08
      111.302      1400.00  3.36017e-08
      111.302      1425.00  2.94804e-08
      111.302      1450.00  2.56814e-08
      111.302      1475.00  2.25760e-08
      111.302      1500.00  2.03847e-08
      111.302      1525.00  1.91190e-08
      111.302      1550.00  1.87544e-08
      111.302      1575.00  1.91993e-08
      111.302      1600.00  2.03241e-08
      111.302      1625.00  2.17636e-08
      111.302      1650.00  2.19463e-08
      111.302      1675.00  2.17139e-08
      111.302      1700.00  2.09182e-08
      111.302      1725.00  1.95936e-08
      111.302      1750.00  1.79696e-08
      111.302      1775.00  1.62356e-08
      111.302      1800.00  1.45164e-08
      111.302      1825.00  1.28834e-08
      111.302      1850.00  1.13763e-08
      111.302      1875.00  1.00110e-08
      111.302      1900.00  8.79167e-09
      111.302      1925.00  7.71583e-09
      111.302      1950.00  6.77674e-09
      111.302      1975.00  5.96544e-09
      111.302      2000.00  5.27034e-09
      111.302      2025.00  4.67846e-09
      111.302      2050.00  4.17833e-09
      111.302      2075.00  3.72972e-09
      111.302      2100.00  3.32550e-09
      111.302      2125.00  2.96364e-09
      111.302      2150.00  2.63389e-09
      111.302      2175.00  2.33393e-09
      111.302      2200.00  2.06385e-09
      111.302      2225.00  1.82273e-09
      111.302      2250.00  1.60842e-09
      111.302      2275.00  1.41910e-09
      111.302      2300.00  1.25243e-09
      111.302      2325.00  1.10627e-09
      111.302      2350.00  9.78268e-10
      111.302      2375.00  8.66281e-10
      111.302      2400.00  7.68695e-10

      143.753     0.100000  7.16828e-13
      143.753     0.200000  2.86610e-12
      143.753     0.300000  6.44622e-12
      143.753     0.400000  1.14558e-11
      143.753     0.500000  1.78933e-11
      143.753     0.600000  2.57583e-11
      143.753     0.700000  3.50497e-11
      143.753     0.800000  4.57662e-11
      143.753     0.900000  5.79090e-11
      143.753      1.00000  7.14764e-11
      143.753      1.10000  8.64689e-11
      143.753      1.20000  1.02886e-10
      143.753      1.30000  1.20727e-10
      143.753      1.40000  1.39994e-10
      143.753      1.50000  1.60686e-10
      143.753      1.60000  1.82804e-10
      143.753      1.70000  2.06345e-10
      143.753      2.00000  2.85532e-10
      143.753      2.50000  4.46037e-10
      143.753      3.00000  6.42177e-10
      143.753      3.50000  8.73826e-10
      143.753      4.00000  1.14075e-09
      143.753      4.50000  1.44262e-09
      143.753      5.00000  1.77901e-09
      143.753      5.50000  2.14951e-09
      143.753      6.00000  2.55367e-09
      143.753      6.50000  2.99104e-09
      143.753      7.00000  3.46144e-09
      143.753      7.50000  3.96439e-09
      143.753      8.00000  4.49983e-09
      143.753      8.50000  5.06752e-09
      143.753      9.00000  5.66718e-09
      143.753      9.50000  6.29890e-09
      143.753      10.0000  6.96227e-09
      143.753      10.5000  7.65736e-09
      143.753      11.0000  8.38381e-09
      143.753      11.5000  9.14166e-09
      143.753      12.0000  9.93046e-09
      143.753      14.0000  1.33911e-08
      143.753      16.0000  1.73253e-08
      143.753      18.0000  2.17080e-08
      143.753      20.0000  2.65093e-08
      143.753      25.0000  4.00916e-08
      143.753      30.0000  5.53703e-08
      143.753      35.0000  7.16488e-08
      143.753      40.0000  8.83449e-08
      143.753      45.0000  1.04989e-07
      143.753      50.0000  1.21205e-07
      143.753      55.0000  1.36698e-07
      143.753      60.0000  1.51277e-07
      143.753      65.0000  1.64776e-07
      143.753      70.0000  1.77114e-07
      143.753      75.0000  1.88253e-07
      143.753      80.0000  1.98169e-07
      143.753      85.0000  2.06896e-07
      143.753      90.0000  2.14525e-07
      143.753      95.0000  2.21067e-07
      143.753      100.000  2.26538e-07
      143.753      110.000  2.34844e-07
      143.753      120.000  2.40093e-07
      143.753      130.000  2.43052e-07
      143.753      140.000  2.44376e-07
      143.753      150.000  2.44802e-07
      143.753      160.000  2.45106e-07
      143.753      170.000  2.45898e-07
      143.753      180.000  2.48170e-07
      143.753      190.000  2.52735e-07
      143.753      200.000  2.60482e-07
      143.753      210.000  2.73110e-07
      143.753      220.000  2.91516e-07
      143.753      230.000  3.18473e-07
      143.753      240.000  3.56000e-07
      143.753      250.000  4.06466e-07
      143.753      260.000  4.75813e-07
      143.753      270.000  5.64860e-07
      143.753      280.000  6.82015e-07
      143.753      290.000  8.33734e-07
      143.753      300.000  1.01802e-06
      143.753      310.000  1.26692e-06
      143.753      320.000  1.50636e-06
      143.753      330.000  1.84038e-06
      143.753      340.000  2.03554e-06
      143.753      350.000  2.41543e-06
      143.753      360.000  2.48219e-06
      143.753      365.000  2.52012e-06
      143.753      370.000  2.56644e-06
      143.753      380.000  2.61360e-06
      143.753      390.000  2.57077e-06
      143.753      400.000  2.47347e-06
      143.753      410.000  2.33697e-06
      143.753      420.000  2.21239e-06
      143.753      430.000  2.10188e-06
      143.753      440.000  2.00193e-06
      143.753      450.000  1.93237e-06
      143.753      460.000  1.89567e-06
      143.753      470.000  1.89627e-06
      143.753      480.000  1.96604e-06
      143.753      490.000  2.05282e-06
      143.753      500.000  2.22305e-06
      143.753      510.000  2.47044e-06
      143.753      520.000  2.79455e-06
      143.753      530.000  3.23839e-06
      143.753      540.000  3.82491e-06
      143.753      550.000  4.40115e-06
      143.753      560.000  5.20281e-06
      143.753      570.000  5.68506e-06
      143.753      580.000  6.48394e-06
      143.753      590.000  6.75822e-06
      143.753      600.000  6.86961e-06
      143.753      610.000  6.91202e-06
      143.753      620.000  6.72166e-06
      143.753      630.000  6.35402e-06
      143.753      640.000  5.87498e-06
      143.753      650.000  5.39977e-06
      143.753      660.000  4.92848e-06
      143.753      670.000  4.48010e-06
      143.753      680.000  4.06453e-06
      143.753      690.000  3.68614e-06
      143.753      700.000  3.34517e-06
      143.753      710.000  3.04099e-06
      143.753      720.000  2.77204e-06
      143.753      730.000  2.53619e-06
      143.753      740.000  2.33178e-06
      143.753      750.000  2.15742e-06
      143.753      760.000  2.00856e-06
      143.753      770.000  1.88691e-06
      143.753      780.000  1.78368e-06
      143.753      790.000  1.69840e-06
      143.753      800.000  1.62895e-06
      143.753      810.000  1.55970e-06
      143.753      820.000  1.48027e-06
      143.753      830.000  1.40106e-06
      143.753      840.000  1.32455e-06
      143.753      850.000  1.24138e-06
      143.753      860.000  1.15513e-06
      143.753      870.000  1.07073e-06
      143.753      880.000  9.91434e-07
      143.753      890.000  9.18421e-07
      143.753      900.000  8.52178e-07
      143.753      910.000  7.94282e-07
      143.753      920.000  7.40022e-07
      143.753      930.000  6.91768e-07
      143.753      940.000  6.48236e-07
      143.753      950.000  6.06866e-07
      143.753      960.000  5.69381e-07
      143.753      970.000  5.35544e-07
      143.753      980.000  5.03531e-07
      143.753      990.000  4.74643e-07
      143.753      1000.00  4.48473e-07
      143.753      1010.00  4.24586e-07
      143.753      1020.00  4.05007e-07
      143.753      1030.00  3.84768e-07
      143.753      1040.00  3.64287e-07
      143.753      1050.00  3.44740e-07
      143.753      1060.00  3.26322e-07
      143.753      1070.00  3.08052e-07
      143.753      1080.00  2.90042e-07
      143.753      1090.00  2.73358e-07
      143.753      1100.00  2.58880e-07
      143.753      1110.00  2.45702e-07
      143.753      1120.00  2.35375e-07
      143.753      1130.00  2.26574e-07
      143.753      1140.00  2.19430e-07
      143.753      1150.00  2.17268e-07
      143.753      1160.00  2.08883e-07
      143.753      1170.00  2.03905e-07
      143.753      1180.00  1.96230e-07
      143.753      1190.00  1.88066e-07
      143.753      1200.00  1.79691e-07
      143.753      1210.00  1.69798e-07
      143.753      1220.00  1.59024e-07
      143.753      1230.00  1.48173e-07
      143.753      1240.00  1.37700e-07
      143.753      1250.00  1.27829e-07
      143.753      1260.00  1.18664e-07
      143.753      1270.00  1.10234e-07
      143.753      1280.00  1.02523e-07
      143.753      1290.00  9.55201e-08
      143.753      1300.00  8.91488e-08
      143.753      1325.00  7.58670e-08
      143.753      1350.00  6.58794e-08
      143.753      1375.00  5.85327e-08
      143.753      1400.00  5.26031e-08
      143.753      1425.00  4.67851e-08
      143.753      1450.00  4.10945e-08
      143.753      1475.00  3.61065e-08
      143.753      1500.00  3.22992e-08
      143.753      1525.00  2.96996e-08
      143.753      1550.00  2.82017e-08
      143.753      1575.00  2.76233e-08
      143.753      1600.00  2.77299e-08
      143.753      1625.00  2.79874e-08
      143.753      1650.00  2.73738e-08
      143.753      1675.00  2.64259e-08
      143.753      1700.00  2.50931e-08
      143.753      1725.00  2.34215e-08
      143.753      1750.00  2.15619e-08
      143.753      1775.00  1.96413e-08
      143.753      1800.00  1.77550e-08
      143.753      1825.00  1.59629e-08
      143.753      1850.00  1.42879e-08
      143.753      1875.00  1.27542e-08
      143.753      1900.00  1.13659e-08
      143.753      1925.00  1.01315e-08
      143.753      1950.00  9.05115e-09
      143.753      1975.00  8.11804e-09
      143.753      2000.00  7.31939e-09
      143.753      2025.00  6.63934e-09
      143.753      2050.00  6.06238e-09
      143.753      2075.00  5.52786e-09
      143.753      2100.00  5.02835e-09
      143.753      2125.00  4.56683e-09
      143.753      2150.00  4.13013e-09
      143.753      2175.00  3.71800e-09
      143.753      2200.00  3.33417e-09
      143.753      2225.00  2.98152e-09
      143.753      2250.00  2.66134e-09
      143.753      2275.00  2.37304e-09
      143.753      2300.00  2.11542e-09
      143.753      2325.00  1.88732e-09
      143.753      2350.00  1.68690e-09
      143.753      2375.00  1.51236e-09
      143.753      2400.00  1.36181e-09

      185.664     0.100000  5.41682e-13
      185.664     0.200000  2.16632e-12
      185.664     0.300000  4.87349e-12
      185.664     0.400000  8.66267e-12
      185.664     0.500000  1.35333e-11
      185.664     0.600000  1.94854e-11
      185.664     0.700000  2.65186e-11
      185.664     0.800000  3.46327e-11
      185.664     0.900000  4.38260e-11
      185.664      1.00000  5.40997e-11
      185.664      1.10000  6.54537e-11
      185.664      1.20000  7.78872e-11
      185.664      1.30000  9.13998e-11
      185.664      1.40000  1.05991e-10
      185.664      1.50000  1.21659e-10
      185.664      1.60000  1.38406e-10
      185.664      1.70000  1.56230e-10
      185.664      2.00000  2.16165e-10
      185.664      2.50000  3.37551e-10
      185.664      3.00000  4.85724e-10
      185.664      3.50000  6.60555e-10
      185.664      4.00000  8.61922e-10
      185.664      4.50000  1.08965e-09
      185.664      5.00000  1.34360e-09
      185.664      5.50000  1.62364e-09
      185.664      6.00000  1.92954e-09
      185.664      6.50000  2.26130e-09
      185.664      7.00000  2.61873e-09
      185.664      7.50000  3.00168e-09
      185.664      8.00000  3.41011e-09
      185.664      8.50000  3.84383e-09
      185.664      9.00000  4.30276e-09
      185.664      9.50000  4.78682e-09
      185.664      10.0000  5.29568e-09
      185.664      10.5000  5.82957e-09
      185.664      11.0000  6.38782e-09
      185.664      11.5000  6.97072e-09
      185.664      12.0000  7.57794e-09
      185.664      14.0000  1.02456e-08
      185.664      16.0000  1.32869e-08
      185.664      18.0000  1.66875e-08
      185.664      20.0000  2.04294e-08
      185.664      25.0000  3.11319e-08
      185.664      30.0000  4.34190e-08
      185.664      35.0000  5.68560e-08
      185.664      40.0000  7.10283e-08
      185.664      45.0000  8.55772e-08
      185.664      50.0000  1.00194e-07
      185.664      55.0000  1.14621e-07
      185.664      60.0000  1.28648e-07
      185.664      65.0000  1.42130e-07
      185.664      70.0000  1.54932e-07
      185.664      75.0000  1.66982e-07
      185.664      80.0000  1.78230e-07
      185.664      85.0000  1.88631e-07
      185.664      90.0000  1.98198e-07
      185.664      95.0000  2.06918e-07
      185.664      100.000  2.14857e-07
      185.664      110.000  2.28466e-07
      185.664      120.000  2.39443e-07
      185.664      130.000  2.48347e-07
      185.664      140.000  2.55509e-07
      185.664      150.000  2.61792e-07
      185.664      160.000  2.67854e-07
      185.664      170.000  2.74403e-07
      185.664      180.000  2.82220e-07
      185.664      190.000  2.92206e-07
      185.664      200.000  3.05406e-07
      185.664      210.000  3.22953e-07
      185.664      220.000  3.46270e-07
      185.664      230.000  3.76747e-07
      185.664      240.000  4.16382e-07
      185.664      250.000  4.67692e-07
      185.664      260.000  5.33944e-07
      185.664      270.000  6.19938e-07
      185.664      280.000  7.22534e-07
      185.664      290.000  8.38664e-07
      185.664      300.000  9.87412e-07
      185.664      310.000  1.18425e-06
      185.664      320.000  1.36038e-06
      185.664      330.000  1.54948e-06
      185.664      340.000  1.73197e-06
      185.664      350.000  1.92352e-06
      185.664      360.000  2.04738e-06
      185.664      365.000  2.08794e-06
      185.664      370.000  2.13075e-06
      185.664      380.000  2.19022e-06
      185.664      390.000  2.19739e-06
      185.664      400.000  2.16795e-06
      185.664      410.000  2.11219e-06
      185.664      420.000  2.06270e-06
      185.664      430.000  2.01944e-06
      185.664      440.000  1.99112e-06
      185.664      450.000  1.98517e-06
      185.664      460.000  2.00945e-06
      185.664      470.000  2.08142e-06
      185.664      480.000  2.15711e-06
      185.664      490.000  2.29937e-06
      185.664      500.000  2.49923e-06
      185.664      510.000  2.76222e-06
      185.664      520.000  3.09536e-06
      185.664      530.000  3.50570e-06
      185.664      540.000  3.98763e-06
      185.664      550.000  4.55412e-06
      185.664      560.000  5.19165e-06
      185.664      570.000  5.49688e-06
      185.664      580.000  5.92604e-06
      185.664      590.000  6.28087e-06
      185.664      600.000  6.39283e-06
      185.664      610.000  6.44685e-06
      185.664      620.000  6.33533e-06
      185.664      630.000  6.08369e-06
      185.664      640.000  5.72646e-06
      185.664      650.000  5.36456e-06
      185.664      660.000  4.99140e-06
      185.664      670.000  4.62504e-06
      185.664      680.000  4.27621e-06
      185.664      690.000  3.95162e-06
      185.664      700.000  3.65459e-06
      185.664      710.000  3.38691e-06
      185.664      720.000  3.14937e-06
      185.664      730.000  2.94350e-06
      185.664      740.000  2.76372e-06
      185.664      750.000  2.60774e-06
      185.664      760.000  2.48309e-06
      185.664      770.000  2.38282e-06
      185.664      780.000  2.30310e-06
      185.664      790.000  2.23642e-06
      185.664      800.000  2.17298e-06
      185.664      810.000  2.12670e-06
      185.664      820.000  2.03594e-06
      185.664      830.000  1.95555e-06
      185.664      840.000  1.87288e-06
      185.664      850.000  1.77804e-06
      185.664      860.000  1.67427e-06
      185.664      870.000  1.56850e-06
      185.664      880.000  1.46534e-06
      185.664      890.000  1.36782e-06
      185.664      900.000  1.27794e-06
      185.664      910.000  1.19464e-06
      185.664      920.000  1.11752e-06
      185.664      930.000  1.04932e-06
      185.664      940.000  9.89323e-07
      185.664      950.000  9.35768e-07
      185.664      960.000  8.86507e-07
      185.664      970.000  8.44864e-07
      185.664      980.000  8.09308e-07
      185.664      990.000  7.79264e-07
      185.664      1000.00  7.54156e-07
      185.664      1010.00  7.32195e-07
      185.664      1020.00  7.10810e-07
      185.664      1030.00  6.93956e-07
      185.664      1040.00  6.64710e-07
      185.664      1050.00  6.38651e-07
      185.664      1060.00  6.12246e-07
      185.664      1070.00  5.82897e-07
      185.664      1080.00  5.51500e-07
      185.664      1090.00  5.20040e-07
      185.664      1100.00  4.90174e-07
      185.664      1110.00  4.61158e-07
      185.664      1120.00  4.35151e-07
      185.664      1130.00  4.11666e-07
      185.664      1140.00  3.90538e-07
      185.664      1150.00  3.71218e-07
      185.664      1160.00  3.53185e-07
      185.664      1170.00  3.36662e-07
      185.664      1180.00  3.18216e-07
      185.664      1190.00  3.01312e-07
      185.664      1200.00  2.84924e-07
      185.664      1210.00  2.68304e-07
      185.664      1220.00  2.51676e-07
      185.664      1230.00  2.35504e-07
      185.664      1240.00  2.20115e-07
      185.664      1250.00  2.05650e-07
      185.664      1260.00  1.92177e-07
      185.664      1270.00  1.79728e-07
      185.664      1280.00  1.68248e-07
      185.664      1290.00  1.57751e-07
      185.664      1300.00  1.48155e-07
      185.664      1325.00  1.27861e-07
      185.664      1350.00  1.12404e-07
      185.664      1375.00  1.00590e-07
      185.664      1400.00  9.04217e-08
      185.664      1425.00  8.07728e-08
      185.664      1450.00  7.13260e-08
      185.664      1475.00  6.27792e-08
      185.664      1500.00  5.58131e-08
      185.664      1525.00  5.04660e-08
      185.664      1550.00  4.68003e-08
      185.664      1575.00  4.43380e-08
      185.664      1600.00  4.26393e-08
      185.664      1625.00  4.14474e-08
      185.664      1650.00  3.93998e-08
      185.664      1675.00  3.70079e-08
      185.664      1700.00  3.43831e-08
      185.664      1725.00  3.16810e-08
      185.664      1750.00  2.90116e-08
      185.664      1775.00  2.64528e-08
      185.664      1800.00  2.40473e-08
      185.664      1825.00  2.18247e-08
      185.664      1850.00  1.97635e-08
      185.664      1875.00  1.78599e-08
      185.664      1900.00  1.61148e-08
      185.664      1925.00  1.45496e-08
      185.664      1950.00  1.31782e-08
      185.664      1975.00  1.19932e-08
      185.664      2000.00  1.09875e-08
      185.664      2025.00  1.01170e-08
      185.664      2050.00  9.35744e-09
      185.664      2075.00  8.66262e-09
      185.664      2100.00  7.98922e-09
      185.664      2125.00  7.35238e-09
      185.664      2150.00  6.73920e-09
      185.664      2175.00  6.14922e-09
      185.664      2200.00  5.59011e-09
      185.664      2225.00  5.06700e-09
      185.664      2250.00  4.58511e-09
      185.664      2275.00  4.14570e-09
      185.664      2300.00  3.74991e-09
      185.664      2325.00  3.39867e-09
      185.664      2350.00  3.08999e-09
      185.664      2375.00  2.82108e-09
      185.664      2400.00  2.59388e-09

      239.794     0.100000  4.13783e-13
      239.794     0.200000  1.65487e-12
      239.794     0.300000  3.72285e-12
      239.794     0.400000  6.61731e-12
      239.794     0.500000  1.03377e-11
      239.794     0.600000  1.48839e-11
      239.794     0.700000  2.02555e-11
      239.794     0.800000  2.64520e-11
      239.794     0.900000  3.34728e-11
      239.794      1.00000  4.13177e-11
      239.794      1.10000  4.99862e-11
      239.794      1.20000  5.94772e-11
      239.794      1.30000  6.97929e-11
      239.794      1.40000  8.09325e-11
      239.794      1.50000  9.28904e-11
      239.794      1.60000  1.05673e-10
      239.794      1.70000  1.19275e-10
      239.794      2.00000  1.65010e-10
      239.794      2.50000  2.57634e-10
      239.794      3.00000  3.70714e-10
      239.794      3.50000  5.04209e-10
      239.794      4.00000  6.58079e-10
      239.794      4.50000  8.32265e-10
      239.794      5.00000  1.02671e-09
      239.794      5.50000  1.24136e-09
      239.794      6.00000  1.47614e-09
      239.794      6.50000  1.73098e-09
      239.794      7.00000  2.00579e-09
      239.794      7.50000  2.30054e-09
      239.794      8.00000  2.61506e-09
      239.794      8.50000  2.94932e-09
      239.794      9.00000  3.30316e-09
      239.794      9.50000  3.67656e-09
      239.794      10.0000  4.06945e-09
      239.794      10.5000  4.48152e-09
      239.794      11.0000  4.91282e-09
      239.794      11.5000  5.36336e-09
      239.794      12.0000  5.83296e-09
      239.794      14.0000  7.89985e-09
      239.794      16.0000  1.02633e-08
      239.794      18.0000  1.29154e-08
      239.794      20.0000  1.58458e-08
      239.794      25.0000  2.43044e-08
      239.794      30.0000  3.41790e-08
      239.794      35.0000  4.51897e-08
      239.794      40.0000  5.70537e-08
      239.794      45.0000  6.95142e-08
      239.794      50.0000  8.23379e-08
      239.794      55.0000  9.53211e-08
      239.794      60.0000  1.08292e-07
      239.794      65.0000  1.21120e-07
      239.794      70.0000  1.33660e-07
      239.794      75.0000  1.45843e-07
      239.794      80.0000  1.57595e-07
      239.794      85.0000  1.68847e-07
      239.794      90.0000  1.79565e-07
      239.794      95.0000  1.89758e-07
      239.794      100.000  1.99379e-07
      239.794      110.000  2.17023e-07
      239.794      120.000  2.32644e-07
      239.794      130.000  2.46551e-07
      239.794      140.000  2.59187e-07
      239.794      150.000  2.70949e-07
      239.794      160.000  2.82331e-07
      239.794      170.000  2.94144e-07
      239.794      180.000  3.06988e-07
      239.794      190.000  3.21779e-07
      239.794      200.000  3.38293e-07
      239.794      210.000  3.59105e-07
      239.794      220.000  3.84296e-07
      239.794      230.000  4.14626e-07
      239.794      240.000  4.53023e-07
      239.794      250.000  5.00732e-07
      239.794      260.000  5.57503e-07
      239.794      270.000  6.24616e-07
      239.794      280.000  7.08212e-07
      239.794      290.000  8.06390e-07
      239.794      300.000  9.25409e-07
      239.794      310.000  1.04738e-06
      239.794      320.000  1.17787e-06
      239.794      330.000  1.30964e-06
      239.794      340.000  1.43291e-06
      239.794      350.000  1.55897e-06
      239.794      360.000  1.66201e-06
      239.794      365.000  1.70243e-06
      239.794      370.000  1.74190e-06
      239.794      380.000  1.80956e-06
      239.794      390.000  1.85124e-06
      239.794      400.000  1.87024e-06
      239.794      410.000  1.87656e-06
      239.794      420.000  1.88531e-06
      239.794      430.000  1.90203e-06
      239.794      440.000  1.93159e-06
      239.794      450.000  1.98906e-06
      239.794      460.000  2.04559e-06
      239.794      470.000  2.14590e-06
      239.794      480.000  2.27637e-06
      239.794      490.000  2.43897e-06
      239.794      500.000  2.65278e-06
      239.794      510.000  2.91923e-06
      239.794      520.000  3.23339e-06
      239.794      530.000  3.56982e-06
      239.794      540.000  3.95651e-06
      239.794      550.000  4.36787e-06
      239.794      560.000  4.79018e-06
      239.794      570.000  5.29534e-06
      239.794      580.000  5.51173e-06
      239.794      590.000  5.70938e-06
      239.794      600.000  5.82929e-06
      239.794      610.000  5.89579e-06
      239.794      620.000  5.85006e-06
      239.794      630.000  5.69700e-06
      239.794      640.000  5.45858e-06
      239.794      650.000  5.20648e-06
      239.794      660.000  4.93486e-06
      239.794      670.000  4.66143e-06
      239.794      680.000  4.39456e-06
      239.794      690.000  4.14096e-06
      239.794      700.000  3.90693e-06
      239.794      710.000  3.69440e-06
      239.794      720.000  3.50474e-06
      239.794      730.000  3.33680e-06
      239.794      740.000  3.19713e-06
      239.794      750.000  3.08218e-06
      239.794      760.000  2.99747e-06
      239.794      770.000  2.91016e-06
      239.794      780.000  2.86191e-06
      239.794      790.000  2.81028e-06
      239.794      800.000  2.73147e-06
      239.794      810.000  2.70226e-06
      239.794      820.000  2.62087e-06
      239.794      830.000  2.54511e-06
      239.794      840.000  2.46428e-06
      239.794      850.000  2.36916e-06
      239.794      860.000  2.26106e-06
      239.794      870.000  2.14729e-06
      239.794      880.000  2.03252e-06
      239.794      890.000  1.92286e-06
      239.794      900.000  1.81936e-06
      239.794      910.000  1.72386e-06
      239.794      920.000  1.63798e-06
      239.794      930.000  1.56179e-06
      239.794      940.000  1.49416e-06
      239.794      950.000  1.43513e-06
      239.794      960.000  1.38822e-06
      239.794      970.000  1.35091e-06
      239.794      980.000  1.32080e-06
      239.794      990.000  1.29784e-06
      239.794      1000.00  1.28659e-06
      239.794      1010.00  1.27192e-06
      239.794      1020.00  1.24190e-06
      239.794      1030.00  1.23496e-06
      239.794      1040.00  1.20093e-06
      239.794      1050.00  1.16894e-06
      239.794      1060.00  1.13368e-06
      239.794      1070.00  1.09063e-06
      239.794      1080.00  1.04044e-06
      239.794      1090.00  9.86640e-07
      239.794      1100.00  9.32154e-07
      239.794      1110.00  8.78960e-07
      239.794      1120.00  8.29041e-07
      239.794      1130.00  7.79398e-07
      239.794      1140.00  7.34222e-07
      239.794      1150.00  6.91558e-07
      239.794      1160.00  6.50372e-07
      239.794      1170.00  6.13234e-07
      239.794      1180.00  5.76599e-07
      239.794      1190.00  5.42504e-07
      239.794      1200.00  5.10346e-07
      239.794      1210.00  4.79551e-07
      239.794      1220.00  4.50032e-07
      239.794      1230.00  4.22055e-07
      239.794      1240.00  3.95745e-07
      239.794      1250.00  3.71146e-07
      239.794      1260.00  3.48243e-07
      239.794      1270.00  3.27018e-07
      239.794      1280.00  3.07372e-07
      239.794      1290.00  2.89229e-07
      239.794      1300.00  2.72561e-07
      239.794      1325.00  2.36724e-07
      239.794      1350.00  2.08163e-07
      239.794      1375.00  1.86727e-07
      239.794      1400.00  1.65227e-07
      239.794      1425.00  1.47176e-07
      239.794      1450.00  1.30364e-07
      239.794      1475.00  1.15182e-07
      239.794      1500.00  1.02400e-07
      239.794      1525.00  9.20249e-08
      239.794      1550.00  8.40660e-08
      239.794      1575.00  7.81588e-08
      239.794      1600.00  7.36341e-08
      239.794      1625.00  6.91623e-08
      239.794      1650.00  6.44197e-08
      239.794      1675.00  5.93227e-08
      239.794      1700.00  5.41462e-08
      239.794      1725.00  4.92395e-08
      239.794      1750.00  4.47354e-08
      239.794      1775.00  4.06752e-08
      239.794      1800.00  3.70615e-08
      239.794      1825.00  3.38289e-08
      239.794      1850.00  3.08516e-08
      239.794      1875.00  2.81034e-08
      239.794      1900.00  2.55423e-08
      239.794      1925.00  2.32111e-08
      239.794      1950.00  2.11465e-08
      239.794      1975.00  1.93705e-08
      239.794      2000.00  1.78477e-08
      239.794      2025.00  1.65443e-08
      239.794      2050.00  1.53921e-08
      239.794      2075.00  1.42897e-08
      239.794      2100.00  1.32487e-08
      239.794      2125.00  1.22554e-08
      239.794      2150.00  1.13015e-08
      239.794      2175.00  1.03929e-08
      239.794      2200.00  9.53791e-09
      239.794      2225.00  8.74264e-09
      239.794      2250.00  8.01109e-09
      239.794      2275.00  7.34616e-09
      239.794      2300.00  6.75068e-09
      239.794      2325.00  6.22438e-09
      239.794      2350.00  5.76665e-09
      239.794      2375.00  5.37092e-09
      239.794      2400.00  5.03085e-09

      309.705     0.100000  3.15942e-13
      309.705     0.200000  1.26362e-12
      309.705     0.300000  2.84276e-12
      309.705     0.400000  5.05320e-12
      309.705     0.500000  7.89471e-12
      309.705     0.600000  1.13670e-11
      309.705     0.700000  1.54697e-11
      309.705     0.800000  2.02032e-11
      309.705     0.900000  2.55666e-11
      309.705      1.00000  3.15602e-11
      309.705      1.10000  3.81839e-11
      309.705      1.20000  4.54362e-11
      309.705      1.30000  5.33190e-11
      309.705      1.40000  6.18306e-11
      309.705      1.50000  7.09713e-11
      309.705      1.60000  8.07414e-11
      309.705      1.70000  9.11388e-11
      309.705      2.00000  1.26103e-10
      309.705      2.50000  1.96934e-10
      309.705      3.00000  2.83444e-10
      309.705      3.50000  3.85607e-10
      309.705      4.00000  5.03372e-10
      309.705      4.50000  6.36744e-10
      309.705      5.00000  7.85663e-10
      309.705      5.50000  9.50086e-10
      309.705      6.00000  1.12997e-09
      309.705      6.50000  1.32529e-09
      309.705      7.00000  1.53599e-09
      309.705      7.50000  1.76202e-09
      309.705      8.00000  2.00338e-09
      309.705      8.50000  2.25991e-09
      309.705      9.00000  2.53168e-09
      309.705      9.50000  2.81852e-09
      309.705      10.0000  3.12053e-09
      309.705      10.5000  3.43758e-09
      309.705      11.0000  3.76962e-09
      309.705      11.5000  4.11664e-09
      309.705      12.0000  4.47864e-09
      309.705      14.0000  6.07465e-09
      309.705      16.0000  7.90438e-09
      309.705      18.0000  9.96365e-09
      309.705      20.0000  1.22456e-08
      309.705      25.0000  1.88775e-08
      309.705      30.0000  2.67171e-08
      309.705      35.0000  3.55958e-08
      309.705      40.0000  4.53320e-08
      309.705      45.0000  5.57526e-08
      309.705      50.0000  6.66991e-08
      309.705      55.0000  7.80165e-08
      309.705      60.0000  8.95742e-08
      309.705      65.0000  1.01253e-07
      309.705      70.0000  1.12959e-07
      309.705      75.0000  1.24602e-07
      309.705      80.0000  1.36100e-07
      309.705      85.0000  1.47407e-07
      309.705      90.0000  1.58478e-07
      309.705      95.0000  1.69253e-07
      309.705      100.000  1.79725e-07
      309.705      110.000  1.99747e-07
      309.705      120.000  2.18476e-07
      309.705      130.000  2.36080e-07
      309.705      140.000  2.52800e-07
      309.705      150.000  2.68734e-07
      309.705      160.000  2.84485e-07
      309.705      170.000  3.00330e-07
      309.705      180.000  3.17012e-07
      309.705      190.000  3.34561e-07
      309.705      200.000  3.54365e-07
      309.705      210.000  3.76115e-07
      309.705      220.000  4.01708e-07
      309.705      230.000  4.31900e-07
      309.705      240.000  4.65269e-07
      309.705      250.000  5.05593e-07
      309.705      260.000  5.51978e-07
      309.705      270.000  6.08099e-07
      309.705      280.000  6.68310e-07
      309.705      290.000  7.42978e-07
      309.705      300.000  8.17464e-07
      309.705      310.000  9.09040e-07
      309.705      320.000  1.01983e-06
      309.705      330.000  1.09483e-06
      309.705      340.000  1.18502e-06
      309.705      350.000  1.31192e-06
      309.705      360.000  1.35791e-06
      309.705      365.000  1.39443e-06
      309.705      370.000  1.43073e-06
      309.705      380.000  1.50052e-06
      309.705      390.000  1.55862e-06
      309.705      400.000  1.60770e-06
      309.705      410.000  1.64955e-06
      309.705      420.000  1.69810e-06
      309.705      430.000  1.75444e-06
      309.705      440.000  1.81874e-06
      309.705      450.000  1.90087e-06
      309.705      460.000  1.99523e-06
      309.705      470.000  2.11681e-06
      309.705      480.000  2.26948e-06
      309.705      490.000  2.42894e-06
      309.705      500.000  2.63097e-06
      309.705      510.000  2.85621e-06
      309.705      520.000  3.12683e-06
      309.705      530.000  3.41155e-06
      309.705      540.000  3.71385e-06
      309.705      550.000  4.02721e-06
      309.705      560.000  4.34501e-06
      309.705      570.000  4.61890e-06
      309.705      580.000  4.83107e-06
      309.705      590.000  5.02460e-06
      309.705      600.000  5.14226e-06
      309.705      610.000  5.21988e-06
      309.705      620.000  5.22553e-06
      309.705      630.000  5.15288e-06
      309.705      640.000  5.00620e-06
      309.705      650.000  4.85744e-06
      309.705      660.000  4.68982e-06
      309.705      670.000  4.51276e-06
      309.705      680.000  4.33675e-06
      309.705      690.000  4.16814e-06
      309.705      700.000  4.00521e-06
      309.705      710.000  3.85861e-06
      309.705      720.000  3.72649e-06
      309.705      730.000  3.61546e-06
      309.705      740.000  3.51559e-06
      309.705      750.000  3.44204e-06
      309.705      760.000  3.37212e-06
      309.705      770.000  3.33220e-06
      309.705      780.000  3.33349e-06
      309.705      790.000  3.25107e-06
      309.705      800.000  3.22984e-06
      309.705      810.000  3.17039e-06
      309.705      820.000  3.10343e-06
      309.705      830.000  3.03972e-06
      309.705      840.000  2.97318e-06
      309.705      850.000  2.89341e-06
      309.705      860.000  2.80086e-06
      309.705      870.000  2.70081e-06
      309.705      880.000  2.60014e-06
      309.705      890.000  2.50149e-06
      309.705      900.000  2.40966e-06
      309.705      910.000  2.32872e-06
      309.705      920.000  2.24965e-06
      309.705      930.000  2.18602e-06
      309.705      940.000  2.13109e-06
      309.705      950.000  2.09076e-06
      309.705      960.000  2.05718e-06
      309.705      970.000  2.04119e-06
      309.705      980.000  2.02434e-06
      309.705      990.000  2.02778e-06
      309.705      1000.00  2.08226e-06
      309.705      1010.00  2.02315e-06
      309.705      1020.00  2.03080e-06
      309.705      1030.00  2.00558e-06
      309.705      1040.00  1.97058e-06
      309.705      1050.00  1.93630e-06
      309.705      1060.00  1.89645e-06
      309.705      1070.00  1.84383e-06
      309.705      1080.00  1.77824e-06
      309.705      1090.00  1.70426e-06
      309.705      1100.00  1.62611e-06
      309.705      1110.00  1.54727e-06
      309.705      1120.00  1.46923e-06
      309.705      1130.00  1.39396e-06
      309.705      1140.00  1.32250e-06
      309.705      1150.00  1.25262e-06
      309.705      1160.00  1.18843e-06
      309.705      1170.00  1.12659e-06
      309.705      1180.00  1.06914e-06
      309.705      1190.00  1.01507e-06
      309.705      1200.00  9.65513e-07
      309.705      1210.00  9.17279e-07
      309.705      1220.00  8.73233e-07
      309.705      1230.00  8.33526e-07
      309.705      1240.00  7.89819e-07
      309.705      1250.00  7.49735e-07
      309.705      1260.00  7.12159e-07
      309.705      1270.00  6.76560e-07
      309.705      1280.00  6.42251e-07
      309.705      1290.00  6.08989e-07
      309.705      1300.00  5.77093e-07
      309.705      1325.00  5.04157e-07
      309.705      1350.00  4.41813e-07
      309.705      1375.00  3.88850e-07
      309.705      1400.00  3.42766e-07
      309.705      1425.00  3.02704e-07
      309.705      1450.00  2.67102e-07
      309.705      1475.00  2.35853e-07
      309.705      1500.00  2.09314e-07
      309.705      1525.00  1.87150e-07
      309.705      1550.00  1.68943e-07
      309.705      1575.00  1.54412e-07
      309.705      1600.00  1.41797e-07
      309.705      1625.00  1.30506e-07
      309.705      1650.00  1.19566e-07
      309.705      1675.00  1.08794e-07
      309.705      1700.00  9.84361e-08
      309.705      1725.00  8.89834e-08
      309.705      1750.00  8.05819e-08
      309.705      1775.00  7.32297e-08
      309.705      1800.00  6.68738e-08
      309.705      1825.00  6.12060e-08
      309.705      1850.00  5.59933e-08
      309.705      1875.00  5.11559e-08
      309.705      1900.00  4.66136e-08
      309.705      1925.00  4.23813e-08
      309.705      1950.00  3.86276e-08
      309.705      1975.00  3.53859e-08
      309.705      2000.00  3.25681e-08
      309.705      2025.00  3.01312e-08
      309.705      2050.00  2.80179e-08
      309.705      2075.00  2.59760e-08
      309.705      2100.00  2.40629e-08
      309.705      2125.00  2.22225e-08
      309.705      2150.00  2.04781e-08
      309.705      2175.00  1.88575e-08
      309.705      2200.00  1.73736e-08
      309.705      2225.00  1.60271e-08
      309.705      2250.00  1.48214e-08
      309.705      2275.00  1.37282e-08
      309.705      2300.00  1.27497e-08
      309.705      2325.00  1.18872e-08
      309.705      2350.00  1.11222e-08
      309.705      2375.00  1.04575e-08
      309.705      2400.00  9.89408e-09

      400.000     0.100000  2.41499e-13
      400.000     0.200000  9.65922e-13
      400.000     0.300000  2.17313e-12
      400.000     0.400000  3.86294e-12
      400.000     0.500000  6.03542e-12
      400.000     0.600000  8.69022e-12
      400.000     0.700000  1.18272e-11
      400.000     0.800000  1.54465e-11
      400.000     0.900000  1.95477e-11
      400.000      1.00000  2.41311e-11
      400.000      1.10000  2.91960e-11
      400.000      1.20000  3.47430e-11
      400.000      1.30000  4.07717e-11
      400.000      1.40000  4.72812e-11
      400.000      1.50000  5.42724e-11
      400.000      1.60000  6.17440e-11
      400.000      1.70000  6.96972e-11
      400.000      2.00000  9.64415e-11
      400.000      2.50000  1.50626e-10
      400.000      3.00000  2.16810e-10
      400.000      3.50000  2.94976e-10
      400.000      4.00000  3.85104e-10
      400.000      4.50000  4.87187e-10
      400.000      5.00000  6.01195e-10
      400.000      5.50000  7.27109e-10
      400.000      6.00000  8.64929e-10
      400.000      6.50000  1.01463e-09
      400.000      7.00000  1.17615e-09
      400.000      7.50000  1.34952e-09
      400.000      8.00000  1.53476e-09
      400.000      8.50000  1.73169e-09
      400.000      9.00000  1.94048e-09
      400.000      9.50000  2.16098e-09
      400.000      10.0000  2.39316e-09
      400.000      10.5000  2.63701e-09
      400.000      11.0000  2.89260e-09
      400.000      11.5000  3.15979e-09
      400.000      12.0000  3.43865e-09
      400.000      14.0000  4.66933e-09
      400.000      16.0000  6.08317e-09
      400.000      18.0000  7.67791e-09
      400.000      20.0000  9.44940e-09
      400.000      25.0000  1.46271e-08
      400.000      30.0000  2.08079e-08
      400.000      35.0000  2.78941e-08
      400.000      40.0000  3.57778e-08
      400.000      45.0000  4.43510e-08
      400.000      50.0000  5.34962e-08
      400.000      55.0000  6.31120e-08
      400.000      60.0000  7.30965e-08
      400.000      65.0000  8.33722e-08
      400.000      70.0000  9.38558e-08
      400.000      75.0000  1.04481e-07
      400.000      80.0000  1.15176e-07
      400.000      85.0000  1.25900e-07
      400.000      90.0000  1.36625e-07
      400.000      95.0000  1.47247e-07
      400.000      100.000  1.57795e-07
      400.000      110.000  1.78525e-07
      400.000      120.000  1.98740e-07
      400.000      130.000  2.18376e-07
      400.000      140.000  2.37547e-07
      400.000      150.000  2.56365e-07
      400.000      160.000  2.75020e-07
      400.000      170.000  2.93899e-07
      400.000      180.000  3.13114e-07
      400.000      190.000  3.33290e-07
      400.000      200.000  3.54518e-07
      400.000      210.000  3.77435e-07
      400.000      220.000  4.02674e-07
      400.000      230.000  4.30230e-07
      400.000      240.000  4.61797e-07
      400.000      250.000  4.96128e-07
      400.000      260.000  5.35717e-07
      400.000      270.000  5.79115e-07
      400.000      280.000  6.26799e-07
      400.000      290.000  6.83328e-07
      400.000      300.000  7.40351e-07
      400.000      310.000  8.07578e-07
      400.000      320.000  8.72181e-07
      400.000      330.000  9.40636e-07
      400.000      340.000  1.01733e-06
      400.000      350.000  1.08049e-06
      400.000      360.000  1.14498e-06
      400.000      365.000  1.17750e-06
      400.000      370.000  1.21096e-06
      400.000      380.000  1.27848e-06
      400.000      390.000  1.34295e-06
      400.000      400.000  1.40487e-06
      400.000      410.000  1.46450e-06
      400.000      420.000  1.53264e-06
      400.000      430.000  1.60434e-06
      400.000      440.000  1.68410e-06
      400.000      450.000  1.77792e-06
      400.000      460.000  1.88059e-06
      400.000      470.000  2.00118e-06
      400.000      480.000  2.13645e-06
      400.000      490.000  2.28477e-06
      400.000      500.000  2.46331e-06
      400.000      510.000  2.64757e-06
      400.000      520.000  2.86936e-06
      400.000      530.000  3.08206e-06
      400.000      540.000  3.31328e-06
      400.000      550.000  3.59694e-06
      400.000      560.000  3.76407e-06
      400.000      570.000  3.95730e-06
      400.000      580.000  4.14192e-06
      400.000      590.000  4.27395e-06
      400.000      600.000  4.37966e-06
      400.000      610.000  4.46550e-06
      400.000      620.000  4.50747e-06
      400.000      630.000  4.50007e-06
      400.000      640.000  4.43924e-06
      400.000      650.000  4.37616e-06
      400.000      660.000  4.29479e-06
      400.000      670.000  4.20371e-06
      400.000      680.000  4.11022e-06
      400.000      690.000  4.01612e-06
      400.000      700.000  3.92938e-06
      400.000      710.000  3.84669e-06
      400.000      720.000  3.77718e-06
      400.000      730.000  3.71468e-06
      400.000      740.000  3.66090e-06
      400.000      750.000  3.62826e-06
      400.000      760.000  3.59392e-06
      400.000      770.000  3.57769e-06
      400.000      780.000  3.55763e-06
      400.000      790.000  3.51539e-06
      400.000      800.000  3.52977e-06
      400.000      810.000  3.48281e-06
      400.000      820.000  3.43969e-06
      400.000      830.000  3.40125e-06
      400.000      840.000  3.36096e-06
      400.000      850.000  3.31206e-06
      400.000      860.000  3.25250e-06
      400.000      870.000  3.18738e-06
      400.000      880.000  3.11945e-06
      400.000      890.000  3.05308e-06
      400.000      900.000  2.99413e-06
      400.000      910.000  2.93982e-06
      400.000      920.000  2.89795e-06
      400.000      930.000  2.86168e-06
      400.000      940.000  2.84165e-06
      400.000      950.000  2.82610e-06
      400.000      960.000  2.82003e-06
      400.000      970.000  2.83534e-06
      400.000      980.000  2.84460e-06
      400.000      990.000  2.86986e-06
      400.000      1000.00  2.88802e-06
      400.000      1010.00  2.87502e-06
      400.000      1020.00  2.92164e-06
      400.000      1030.00  2.89312e-06
      400.000      1040.00  2.86295e-06
      400.000      1050.00  2.83356e-06
      400.000      1060.00  2.79726e-06
      400.000      1070.00  2.74473e-06
      400.000      1080.00  2.67539e-06
      400.000      1090.00  2.59254e-06
      400.000      1100.00  2.50120e-06
      400.000      1110.00  2.40630e-06
      400.000      1120.00  2.30967e-06
      400.000      1130.00  2.21455e-06
      400.000      1140.00  2.12110e-06
      400.000      1150.00  2.03048e-06
      400.000      1160.00  1.94526e-06
      400.000      1170.00  1.86250e-06
      400.000      1180.00  1.78581e-06
      400.000      1190.00  1.71186e-06
      400.000      1200.00  1.64424e-06
      400.000      1210.00  1.57757e-06
      400.000      1220.00  1.51143e-06
      400.000      1230.00  1.45571e-06
      400.000      1240.00  1.39333e-06
      400.000      1250.00  1.33388e-06
      400.000      1260.00  1.27779e-06
      400.000      1270.00  1.22389e-06
      400.000      1280.00  1.17102e-06
      400.000      1290.00  1.11869e-06
      400.000      1300.00  1.06724e-06
      400.000      1325.00  9.45283e-07
      400.000      1350.00  8.35843e-07
      400.000      1375.00  7.39144e-07
      400.000      1400.00  6.54101e-07
      400.000      1425.00  5.79477e-07
      400.000      1450.00  5.13920e-07
      400.000      1475.00  4.56333e-07
      400.000      1500.00  4.06581e-07
      400.000      1525.00  3.63966e-07
      400.000      1550.00  3.27904e-07
      400.000      1575.00  2.97628e-07
      400.000      1600.00  2.70822e-07
      400.000      1625.00  2.45977e-07
      400.000      1650.00  2.23819e-07
      400.000      1675.00  2.03114e-07
      400.000      1700.00  1.83814e-07
      400.000      1725.00  1.66398e-07
      400.000      1750.00  1.50964e-07
      400.000      1775.00  1.37433e-07
      400.000      1800.00  1.25566e-07
      400.000      1825.00  1.14936e-07
      400.000      1850.00  1.05279e-07
      400.000      1875.00  9.63755e-08
      400.000      1900.00  8.80556e-08
      400.000      1925.00  8.03682e-08
      400.000      1950.00  7.34787e-08
      400.000      1975.00  6.74068e-08
      400.000      2000.00  6.21049e-08
      400.000      2025.00  5.74718e-08
      400.000      2050.00  5.33623e-08
      400.000      2075.00  4.93589e-08
      400.000      2100.00  4.57107e-08
      400.000      2125.00  4.22149e-08
      400.000      2150.00  3.89204e-08
      400.000      2175.00  3.58940e-08
      400.000      2200.00  3.31564e-08
      400.000      2225.00  3.07060e-08
      400.000      2250.00  2.85159e-08
      400.000      2275.00  2.65496e-08
      400.000      2300.00  2.47729e-08
      400.000      2325.00  2.31802e-08
      400.000      2350.00  2.17421e-08
      400.000      2375.00  2.04626e-08
      400.000      2400.00  1.93293e-08

