      40.0000     0.100000  1.91146e-12
      40.0000     0.200000  7.63557e-12
      40.0000     0.300000  1.71618e-11
      40.0000     0.400000  3.04850e-11
      40.0000     0.500000  4.76050e-11
      40.0000     0.600000  6.85257e-11
      40.0000     0.700000  9.32548e-11
      40.0000     0.800000  1.21804e-10
      40.0000     0.900000  1.54192e-10
      40.0000      1.00000  1.90438e-10
      40.0000      1.10000  2.30568e-10
      40.0000      1.20000  2.74613e-10
      40.0000      1.30000  3.22610e-10
      40.0000      1.40000  3.74593e-10
      40.0000      1.50000  4.30607e-10
      40.0000      1.60000  4.90697e-10
      40.0000      1.70000  5.54904e-10
      40.0000      2.00000  7.72617e-10
      40.0000      2.50000  1.22003e-09
      40.0000      3.00000  1.76941e-09
      40.0000      3.50000  2.40993e-09
      40.0000      4.00000  3.13083e-09
      40.0000      4.50000  3.92633e-09
      40.0000      5.00000  4.79458e-09
      40.0000      5.50000  5.73520e-09
      40.0000      6.00000  6.74756e-09
      40.0000      6.50000  7.83053e-09
      40.0000      7.00000  8.98270e-09
      40.0000      7.50000  1.02022e-08
      40.0000      8.00000  1.14872e-08
      40.0000      8.50000  1.28357e-08
      40.0000      9.00000  1.42460e-08
      40.0000      9.50000  1.57163e-08
      40.0000      10.0000  1.72452e-08
      40.0000      10.5000  1.88315e-08
      40.0000      11.0000  2.04743e-08
      40.0000      11.5000  2.21725e-08
      40.0000      12.0000  2.39259e-08
      40.0000      14.0000  3.14733e-08
      40.0000      16.0000  3.98011e-08
      40.0000      18.0000  4.87259e-08
      40.0000      20.0000  5.79959e-08
      40.0000      25.0000  8.11597e-08
      40.0000      30.0000  1.02312e-07
      40.0000      35.0000  1.20038e-07
      40.0000      40.0000  1.33885e-07
      40.0000      45.0000  1.43969e-07
      40.0000      50.0000  1.50707e-07
      40.0000      55.0000  1.54627e-07
      40.0000      60.0000  1.56233e-07
      40.0000      65.0000  1.56004e-07
      40.0000      70.0000  1.54352e-07
      40.0000      75.0000  1.51641e-07
      40.0000      80.0000  1.48148e-07
      40.0000      85.0000  1.44100e-07
      40.0000      90.0000  1.39686e-07
      40.0000      95.0000  1.35042e-07
      40.0000      100.000  1.30285e-07
      40.0000      110.000  1.20739e-07
      40.0000      120.000  1.11475e-07
      40.0000      130.000  1.02734e-07
      40.0000      140.000  9.46219e-08
      40.0000      150.000  8.71654e-08
      40.0000      160.000  8.03744e-08
      40.0000      170.000  7.42839e-08
      40.0000      180.000  6.87861e-08
      40.0000      190.000  6.39709e-08
      40.0000      200.000  5.99413e-08
      40.0000      210.000  5.69199e-08
      40.0000      220.000  5.53618e-08
      40.0000      230.000  5.60035e-08
      40.0000      240.000  6.00519e-08
      40.0000      250.000  6.97833e-08
      40.0000      260.000  8.94774e-08
      40.0000      270.000  1.26715e-07
      40.0000      280.000  2.00199e-07
      40.0000      290.000  3.45377e-07
      40.0000      300.000  6.22247e-07
      40.0000      310.000  1.07078e-06
      40.0000      320.000  1.88154e-06
      40.0000      330.000  3.13527e-06
      40.0000      340.000  4.78666e-06
      40.0000      350.000  7.17970e-06
      40.0000      360.000  9.42249e-06
      40.0000      365.000  8.90618e-06
      40.0000      370.000  9.13664e-06
      40.0000      380.000  9.02219e-06
      40.0000      390.000  7.91424e-06
      40.0000      400.000  6.69901e-06
      40.0000      410.000  5.44023e-06
      40.0000      420.000  4.53894e-06
      40.0000      430.000  3.79534e-06
      40.0000      440.000  3.19067e-06
      40.0000      450.000  2.69975e-06
      40.0000      460.000  2.30190e-06
      40.0000      470.000  1.97866e-06
      40.0000      480.000  1.71681e-06
      40.0000      490.000  1.50734e-06
      40.0000      500.000  1.34508e-06
      40.0000      510.000  1.23106e-06
      40.0000      520.000  1.17657e-06
      40.0000      530.000  1.23438e-06
      40.0000      540.000  1.39716e-06
      40.0000      550.000  1.76910e-06
      40.0000      560.000  2.43718e-06
      40.0000      570.000  3.34903e-06
      40.0000      580.000  4.65836e-06
      40.0000      590.000  5.77091e-06
      40.0000      600.000  5.76325e-06
      40.0000      610.000  5.73268e-06
      40.0000      620.000  5.14741e-06
      40.0000      630.000  4.38546e-06
      40.0000      640.000  3.60116e-06
      40.0000      650.000  3.00772e-06
      40.0000      660.000  2.52021e-06
      40.0000      670.000  2.12845e-06
      40.0000      680.000  1.81767e-06
      40.0000      690.000  1.57311e-06
      40.0000      700.000  1.38464e-06
      40.0000      710.000  1.23351e-06
      40.0000      720.000  1.09052e-06
      40.0000      730.000  9.71020e-07
      40.0000      740.000  8.55445e-07
      40.0000      750.000  7.52177e-07
      40.0000      760.000  6.62292e-07
      40.0000      770.000  5.85077e-07
      40.0000      780.000  5.19018e-07
      40.0000      790.000  4.62469e-07
      40.0000      800.000  4.13777e-07
      40.0000      810.000  3.71642e-07
      40.0000      820.000  3.35015e-07
      40.0000      830.000  3.03040e-07
      40.0000      840.000  2.75184e-07
      40.0000      850.000  2.50581e-07
      40.0000      860.000  2.29115e-07
      40.0000      870.000  2.10540e-07
      40.0000      880.000  1.95704e-07
      40.0000      890.000  1.83970e-07
      40.0000      900.000  1.76985e-07
      40.0000      910.000  1.76182e-07
      40.0000      920.000  1.82123e-07
      40.0000      930.000  1.94586e-07
      40.0000      940.000  2.18063e-07
      40.0000      950.000  2.14464e-07
      40.0000      960.000  2.06361e-07
      40.0000      970.000  1.91653e-07
      40.0000      980.000  1.70284e-07
      40.0000      990.000  1.48816e-07
      40.0000      1000.00  1.29807e-07
      40.0000      1010.00  1.13707e-07
      40.0000      1020.00  1.00262e-07
      40.0000      1030.00  8.90536e-08
      40.0000      1040.00  7.96804e-08
      40.0000      1050.00  7.17498e-08
      40.0000      1060.00  6.50291e-08
      40.0000      1070.00  5.93116e-08
      40.0000      1080.00  5.44736e-08
      40.0000      1090.00  5.04431e-08
      40.0000      1100.00  4.73057e-08
      40.0000      1110.00  4.48140e-08
      40.0000      1120.00  4.33419e-08
      40.0000      1130.00  4.31189e-08
      40.0000      1140.00  4.45992e-08
      40.0000      1150.00  4.81433e-08
      40.0000      1160.00  5.40214e-08
      40.0000      1170.00  6.23193e-08
      40.0000      1180.00  6.51915e-08
      40.0000      1190.00  6.43993e-08
      40.0000      1200.00  6.25976e-08
      40.0000      1210.00  5.86708e-08
      40.0000      1220.00  5.42003e-08
      40.0000      1230.00  4.98334e-08
      40.0000      1240.00  4.58045e-08
      40.0000      1250.00  4.21593e-08
      40.0000      1260.00  3.88770e-08
      40.0000      1270.00  3.59137e-08
      40.0000      1280.00  3.32271e-08
      40.0000      1290.00  3.07832e-08
      40.0000      1300.00  2.85540e-08
      40.0000      1325.00  2.37663e-08
      40.0000      1350.00  1.98890e-08
      40.0000      1375.00  1.67208e-08
      40.0000      1400.00  1.41094e-08
      40.0000      1425.00  1.19497e-08
      40.0000      1450.00  1.01605e-08
      40.0000      1475.00  8.67959e-09
      40.0000      1500.00  7.46418e-09
      40.0000      1525.00  6.55442e-09
      40.0000      1550.00  6.03233e-09
      40.0000      1575.00  6.28387e-09
      40.0000      1600.00  7.50193e-09
      40.0000      1625.00  1.05323e-08
      40.0000      1650.00  1.10974e-08
      40.0000      1675.00  1.12733e-08
      40.0000      1700.00  1.06712e-08
      40.0000      1725.00  9.54351e-09
      40.0000      1750.00  8.27969e-09
      40.0000      1775.00  7.07434e-09
      40.0000      1800.00  5.99982e-09
      40.0000      1825.00  5.07256e-09
      40.0000      1850.00  4.28503e-09
      40.0000      1875.00  3.62138e-09
      40.0000      1900.00  3.06437e-09
      40.0000      1925.00  2.59814e-09
      40.0000      1950.00  2.20763e-09
      40.0000      1975.00  1.88013e-09
      40.0000      2000.00  1.60477e-09
      40.0000      2025.00  1.37324e-09
      40.0000      2050.00  1.17814e-09
      40.0000      2075.00  1.01326e-09
      40.0000      2100.00  8.73274e-10
      40.0000      2125.00  7.54399e-10
      40.0000      2150.00  6.53539e-10
      40.0000      2175.00  5.67414e-10
      40.0000      2200.00  4.93536e-10
      40.0000      2225.00  4.30068e-10
      40.0000      2250.00  3.75728e-10
      40.0000      2275.00  3.29008e-10
      40.0000      2300.00  2.88575e-10
      40.0000      2325.00  2.53423e-10
      40.0000      2350.00  2.22982e-10
      40.0000      2375.00  1.96675e-10
      40.0000      2400.00  1.73847e-10

      51.6620     0.100000  1.36132e-12
      51.6620     0.200000  5.44064e-12
      51.6620     0.300000  1.22331e-11
      51.6620     0.400000  2.17371e-11
      51.6620     0.500000  3.39539e-11
      51.6620     0.600000  4.88878e-11
      51.6620     0.700000  6.65470e-11
      51.6620     0.800000  8.69423e-11
      51.6620     0.900000  1.10086e-10
      51.6620      1.00000  1.35997e-10
      51.6620      1.10000  1.64690e-10
      51.6620      1.20000  1.96184e-10
      51.6620      1.30000  2.30502e-10
      51.6620      1.40000  2.67658e-10
      51.6620      1.50000  3.07668e-10
      51.6620      1.60000  3.50542e-10
      51.6620      1.70000  3.96292e-10
      51.6620      2.00000  5.50752e-10
      51.6620      2.50000  8.64612e-10
      51.6620      3.00000  1.24572e-09
      51.6620      3.50000  1.69014e-09
      51.6620      4.00000  2.19526e-09
      51.6620      4.50000  2.75979e-09
      51.6620      5.00000  3.38273e-09
      51.6620      5.50000  4.06321e-09
      51.6620      6.00000  4.80009e-09
      51.6620      6.50000  5.59220e-09
      51.6620      7.00000  6.43835e-09
      51.6620      7.50000  7.33704e-09
      51.6620      8.00000  8.28704e-09
      51.6620      8.50000  9.28693e-09
      51.6620      9.00000  1.03355e-08
      51.6620      9.50000  1.14317e-08
      51.6620      10.0000  1.25744e-08
      51.6620      10.5000  1.37627e-08
      51.6620      11.0000  1.49961e-08
      51.6620      11.5000  1.62740e-08
      51.6620      12.0000  1.75959e-08
      51.6620      14.0000  2.33106e-08
      51.6620      16.0000  2.96575e-08
      51.6620      18.0000  3.65240e-08
      51.6620      20.0000  4.37644e-08
      51.6620      25.0000  6.25612e-08
      51.6620      30.0000  8.08715e-08
      51.6620      35.0000  9.73897e-08
      51.6620      40.0000  1.11438e-07
      51.6620      45.0000  1.22798e-07
      51.6620      50.0000  1.31542e-07
      51.6620      55.0000  1.37884e-07
      51.6620      60.0000  1.42105e-07
      51.6620      65.0000  1.44508e-07
      51.6620      70.0000  1.45394e-07
      51.6620      75.0000  1.45039e-07
      51.6620      80.0000  1.43688e-07
      51.6620      85.0000  1.41550e-07
      51.6620      90.0000  1.38799e-07
      51.6620      95.0000  1.35601e-07
      51.6620      100.000  1.32075e-07
      51.6620      110.000  1.24436e-07
      51.6620      120.000  1.16478e-07
      51.6620      130.000  1.08590e-07
      51.6620      140.000  1.01047e-07
      51.6620      150.000  9.39313e-08
      51.6620      160.000  8.74697e-08
      51.6620      170.000  8.17477e-08
      51.6620      180.000  7.68627e-08
      51.6620      190.000  7.28317e-08
      51.6620      200.000  7.09267e-08
      51.6620      210.000  6.94072e-08
      51.6620      220.000  7.19218e-08
      51.6620      230.000  7.95487e-08
      51.6620      240.000  9.35356e-08
      51.6620      250.000  1.16238e-07
      51.6620      260.000  1.61332e-07
      51.6620      270.000  2.35431e-07
      51.6620      280.000  3.58904e-07
      51.6620      290.000  5.62495e-07
      51.6620      300.000  9.18974e-07
      51.6620      310.000  1.47459e-06
      51.6620      320.000  2.34942e-06
      51.6620      330.000  3.54472e-06
      51.6620      340.000  4.93081e-06
      51.6620      350.000  6.72291e-06
      51.6620      360.000  8.79686e-06
      51.6620      365.000  8.29459e-06
      51.6620      370.000  8.49657e-06
      51.6620      380.000  8.46731e-06
      51.6620      390.000  7.55474e-06
      51.6620      400.000  6.52642e-06
      51.6620      410.000  5.31777e-06
      51.6620      420.000  4.53038e-06
      51.6620      430.000  3.85560e-06
      51.6620      440.000  3.29004e-06
      51.6620      450.000  2.82080e-06
      51.6620      460.000  2.43365e-06
      51.6620      470.000  2.11713e-06
      51.6620      480.000  1.85743e-06
      51.6620      490.000  1.65478e-06
      51.6620      500.000  1.50953e-06
      51.6620      510.000  1.41604e-06
      51.6620      520.000  1.39498e-06
      51.6620      530.000  1.51592e-06
      51.6620      540.000  1.72672e-06
      51.6620      550.000  2.12263e-06
      51.6620      560.000  2.73855e-06
      51.6620      570.000  3.49899e-06
      51.6620      580.000  4.50794e-06
      51.6620      590.000  5.40032e-06
      51.6620      600.000  5.41558e-06
      51.6620      610.000  5.41254e-06
      51.6620      620.000  4.92876e-06
      51.6620      630.000  4.28517e-06
      51.6620      640.000  3.55415e-06
      51.6620      650.000  3.03049e-06
      51.6620      660.000  2.58450e-06
      51.6620      670.000  2.21499e-06
      51.6620      680.000  1.91360e-06
      51.6620      690.000  1.66811e-06
      51.6620      700.000  1.47200e-06
      51.6620      710.000  1.30881e-06
      51.6620      720.000  1.15877e-06
      51.6620      730.000  1.03205e-06
      51.6620      740.000  9.14447e-07
      51.6620      750.000  8.09401e-07
      51.6620      760.000  7.17035e-07
      51.6620      770.000  6.36781e-07
      51.6620      780.000  5.67412e-07
      51.6620      790.000  5.07395e-07
      51.6620      800.000  4.55387e-07
      51.6620      810.000  4.10091e-07
      51.6620      820.000  3.70557e-07
      51.6620      830.000  3.35957e-07
      51.6620      840.000  3.05668e-07
      51.6620      850.000  2.79113e-07
      51.6620      860.000  2.56204e-07
      51.6620      870.000  2.36467e-07
      51.6620      880.000  2.20271e-07
      51.6620      890.000  2.08426e-07
      51.6620      900.000  2.02145e-07
      51.6620      910.000  1.99639e-07
      51.6620      920.000  2.01813e-07
      51.6620      930.000  2.12249e-07
      51.6620      940.000  2.22879e-07
      51.6620      950.000  2.16471e-07
      51.6620      960.000  2.07724e-07
      51.6620      970.000  1.94278e-07
      51.6620      980.000  1.75577e-07
      51.6620      990.000  1.56201e-07
      51.6620      1000.00  1.38407e-07
      51.6620      1010.00  1.22844e-07
      51.6620      1020.00  1.09489e-07
      51.6620      1030.00  9.80885e-08
      51.6620      1040.00  8.83677e-08
      51.6620      1050.00  8.00745e-08
      51.6620      1060.00  7.29843e-08
      51.6620      1070.00  6.69838e-08
      51.6620      1080.00  6.20166e-08
      51.6620      1090.00  5.77126e-08
      51.6620      1100.00  5.42965e-08
      51.6620      1110.00  5.17944e-08
      51.6620      1120.00  5.06369e-08
      51.6620      1130.00  5.06028e-08
      51.6620      1140.00  5.16392e-08
      51.6620      1150.00  5.43160e-08
      51.6620      1160.00  6.07798e-08
      51.6620      1170.00  6.48144e-08
      51.6620      1180.00  6.52850e-08
      51.6620      1190.00  6.43719e-08
      51.6620      1200.00  6.25645e-08
      51.6620      1210.00  5.91641e-08
      51.6620      1220.00  5.51672e-08
      51.6620      1230.00  5.11545e-08
      51.6620      1240.00  4.73741e-08
      51.6620      1250.00  4.38946e-08
      51.6620      1260.00  4.07134e-08
      51.6620      1270.00  3.78059e-08
      51.6620      1280.00  3.51465e-08
      51.6620      1290.00  3.27055e-08
      51.6620      1300.00  3.04642e-08
      51.6620      1325.00  2.55973e-08
      51.6620      1350.00  2.15995e-08
      51.6620      1375.00  1.82907e-08
      51.6620      1400.00  1.55373e-08
      51.6620      1425.00  1.32420e-08
      51.6620      1450.00  1.13303e-08
      51.6620      1475.00  9.75214e-09
      51.6620      1500.00  8.48966e-09
      51.6620      1525.00  7.57678e-09
      51.6620      1550.00  7.20039e-09
      51.6620      1575.00  7.44399e-09
      51.6620      1600.00  8.59880e-09
      51.6620      1625.00  1.08030e-08
      51.6620      1650.00  1.12107e-08
      51.6620      1675.00  1.12784e-08
      51.6620      1700.00  1.07293e-08
      51.6620      1725.00  9.72408e-09
      51.6620      1750.00  8.56106e-09
      51.6620      1775.00  7.41658e-09
      51.6620      1800.00  6.36743e-09
      51.6620      1825.00  5.44141e-09
      51.6620      1850.00  4.63978e-09
      51.6620      1875.00  3.95356e-09
      51.6620      1900.00  3.36997e-09
      51.6620      1925.00  2.87532e-09
      51.6620      1950.00  2.45712e-09
      51.6620      1975.00  2.10309e-09
      51.6620      2000.00  1.80331e-09
      51.6620      2025.00  1.54952e-09
      51.6620      2050.00  1.33424e-09
      51.6620      2075.00  1.15118e-09
      51.6620      2100.00  9.95296e-10
      51.6620      2125.00  8.62301e-10
      51.6620      2150.00  7.48785e-10
      51.6620      2175.00  6.51503e-10
      51.6620      2200.00  5.67907e-10
      51.6620      2225.00  4.95958e-10
      51.6620      2250.00  4.34055e-10
      51.6620      2275.00  3.80628e-10
      51.6620      2300.00  3.34334e-10
      51.6620      2325.00  2.94102e-10
      51.6620      2350.00  2.59188e-10
      51.6620      2375.00  2.28855e-10
      51.6620      2400.00  2.02421e-10

      66.7240     0.100000  9.76727e-13
      66.7240     0.200000  3.90701e-12
      66.7240     0.300000  8.79248e-12
      66.7240     0.400000  1.56363e-11
      66.7240     0.500000  2.44434e-11
      66.7240     0.600000  3.52190e-11
      66.7240     0.700000  4.79699e-11
      66.7240     0.800000  6.27014e-11
      66.7240     0.900000  7.94201e-11
      66.7240      1.00000  9.81314e-11
      66.7240      1.10000  1.18837e-10
      66.7240      1.20000  1.41541e-10
      66.7240      1.30000  1.66241e-10
      66.7240      1.40000  1.92935e-10
      66.7240      1.50000  2.21620e-10
      66.7240      1.60000  2.52290e-10
      66.7240      1.70000  2.84936e-10
      66.7240      2.00000  3.94648e-10
      66.7240      2.50000  6.16102e-10
      66.7240      3.00000  8.84752e-10
      66.7240      3.50000  1.19966e-09
      66.7240      4.00000  1.56014e-09
      66.7240      4.50000  1.96559e-09
      66.7240      5.00000  2.41542e-09
      66.7240      5.50000  2.90910e-09
      66.7240      6.00000  3.44593e-09
      66.7240      6.50000  4.02525e-09
      66.7240      7.00000  4.64617e-09
      66.7240      7.50000  5.30780e-09
      66.7240      8.00000  6.00912e-09
      66.7240      8.50000  6.74910e-09
      66.7240      9.00000  7.52691e-09
      66.7240      9.50000  8.34163e-09
      66.7240      10.0000  9.19275e-09
      66.7240      10.5000  1.00796e-08
      66.7240      11.0000  1.10019e-08
      66.7240      11.5000  1.19593e-08
      66.7240      12.0000  1.29513e-08
      66.7240      14.0000  1.72579e-08
      66.7240      16.0000  2.20722e-08
      66.7240      18.0000  2.73264e-08
      66.7240      20.0000  3.29343e-08
      66.7240      25.0000  4.79258e-08
      66.7240      30.0000  6.32852e-08
      66.7240      35.0000  7.79629e-08
      66.7240      40.0000  9.12850e-08
      66.7240      45.0000  1.02897e-07
      66.7240      50.0000  1.12658e-07
      66.7240      55.0000  1.20576e-07
      66.7240      60.0000  1.26745e-07
      66.7240      65.0000  1.31313e-07
      66.7240      70.0000  1.34453e-07
      66.7240      75.0000  1.36338e-07
      66.7240      80.0000  1.37156e-07
      66.7240      85.0000  1.37071e-07
      66.7240      90.0000  1.36220e-07
      66.7240      95.0000  1.34775e-07
      66.7240      100.000  1.32821e-07
      66.7240      110.000  1.27838e-07
      66.7240      120.000  1.21952e-07
      66.7240      130.000  1.15753e-07
      66.7240      140.000  1.09442e-07
      66.7240      150.000  1.03602e-07
      66.7240      160.000  9.84103e-08
      66.7240      170.000  9.37561e-08
      66.7240      180.000  9.09065e-08
      66.7240      190.000  8.95950e-08
      66.7240      200.000  9.01079e-08
      66.7240      210.000  9.58780e-08
      66.7240      220.000  1.05225e-07
      66.7240      230.000  1.21660e-07
      66.7240      240.000  1.53729e-07
      66.7240      250.000  2.00380e-07
      66.7240      260.000  2.73906e-07
      66.7240      270.000  3.90550e-07
      66.7240      280.000  5.67985e-07
      66.7240      290.000  8.38665e-07
      66.7240      300.000  1.26698e-06
      66.7240      310.000  1.86083e-06
      66.7240      320.000  2.69987e-06
      66.7240      330.000  3.78375e-06
      66.7240      340.000  4.98732e-06
      66.7240      350.000  6.28798e-06
      66.7240      360.000  8.16104e-06
      66.7240      365.000  7.71022e-06
      66.7240      370.000  7.90556e-06
      66.7240      380.000  7.94141e-06
      66.7240      390.000  7.19874e-06
      66.7240      400.000  6.34404e-06
      66.7240      410.000  5.23095e-06
      66.7240      420.000  4.55526e-06
      66.7240      430.000  3.95206e-06
      66.7240      440.000  3.43248e-06
      66.7240      450.000  2.99085e-06
      66.7240      460.000  2.61925e-06
      66.7240      470.000  2.31349e-06
      66.7240      480.000  2.06686e-06
      66.7240      490.000  1.88080e-06
      66.7240      500.000  1.74433e-06
      66.7240      510.000  1.68424e-06
      66.7240      520.000  1.68456e-06
      66.7240      530.000  1.85287e-06
      66.7240      540.000  2.07705e-06
      66.7240      550.000  2.46225e-06
      66.7240      560.000  3.05905e-06
      66.7240      570.000  3.74671e-06
      66.7240      580.000  4.36097e-06
      66.7240      590.000  5.13581e-06
      66.7240      600.000  5.12586e-06
      66.7240      610.000  5.14459e-06
      66.7240      620.000  4.74458e-06
      66.7240      630.000  4.20610e-06
      66.7240      640.000  3.53817e-06
      66.7240      650.000  3.08101e-06
      66.7240      660.000  2.67703e-06
      66.7240      670.000  2.33106e-06
      66.7240      680.000  2.03950e-06
      66.7240      690.000  1.79572e-06
      66.7240      700.000  1.59170e-06
      66.7240      710.000  1.41969e-06
      66.7240      720.000  1.26213e-06
      66.7240      730.000  1.12814e-06
      66.7240      740.000  1.00649e-06
      66.7240      750.000  8.98056e-07
      66.7240      760.000  8.02564e-07
      66.7240      770.000  7.19248e-07
      66.7240      780.000  6.48633e-07
      66.7240      790.000  5.85562e-07
      66.7240      800.000  5.33887e-07
      66.7240      810.000  4.85938e-07
      66.7240      820.000  4.44442e-07
      66.7240      830.000  4.06201e-07
      66.7240      840.000  3.72292e-07
      66.7240      850.000  3.41153e-07
      66.7240      860.000  3.13718e-07
      66.7240      870.000  2.89586e-07
      66.7240      880.000  2.70129e-07
      66.7240      890.000  2.54225e-07
      66.7240      900.000  2.44537e-07
      66.7240      910.000  2.37562e-07
      66.7240      920.000  2.37931e-07
      66.7240      930.000  2.36087e-07
      66.7240      940.000  2.39415e-07
      66.7240      950.000  2.31691e-07
      66.7240      960.000  2.21308e-07
      66.7240      970.000  2.07748e-07
      66.7240      980.000  1.90281e-07
      66.7240      990.000  1.71995e-07
      66.7240      1000.00  1.54725e-07
      66.7240      1010.00  1.39209e-07
      66.7240      1020.00  1.25537e-07
      66.7240      1030.00  1.13573e-07
      66.7240      1040.00  1.03266e-07
      66.7240      1050.00  9.42804e-08
      66.7240      1060.00  8.65809e-08
      66.7240      1070.00  7.99151e-08
      66.7240      1080.00  7.43321e-08
      66.7240      1090.00  6.96000e-08
      66.7240      1100.00  6.59904e-08
      66.7240      1110.00  6.31088e-08
      66.7240      1120.00  6.17759e-08
      66.7240      1130.00  6.08754e-08
      66.7240      1140.00  6.23552e-08
      66.7240      1150.00  6.35032e-08
      66.7240      1160.00  6.68085e-08
      66.7240      1170.00  6.86165e-08
      66.7240      1180.00  6.89657e-08
      66.7240      1190.00  6.77084e-08
      66.7240      1200.00  6.56948e-08
      66.7240      1210.00  6.24963e-08
      66.7240      1220.00  5.87322e-08
      66.7240      1230.00  5.48866e-08
      66.7240      1240.00  5.11948e-08
      66.7240      1250.00  4.77387e-08
      66.7240      1260.00  4.45331e-08
      66.7240      1270.00  4.15684e-08
      66.7240      1280.00  3.88303e-08
      66.7240      1290.00  3.62999e-08
      66.7240      1300.00  3.39582e-08
      66.7240      1325.00  2.88278e-08
      66.7240      1350.00  2.45695e-08
      66.7240      1375.00  2.10537e-08
      66.7240      1400.00  1.80968e-08
      66.7240      1425.00  1.55751e-08
      66.7240      1450.00  1.34212e-08
      66.7240      1475.00  1.16628e-08
      66.7240      1500.00  1.02959e-08
      66.7240      1525.00  9.36234e-09
      66.7240      1550.00  8.92390e-09
      66.7240      1575.00  9.17304e-09
      66.7240      1600.00  1.01921e-08
      66.7240      1625.00  1.15351e-08
      66.7240      1650.00  1.17591e-08
      66.7240      1675.00  1.16950e-08
      66.7240      1700.00  1.11497e-08
      66.7240      1725.00  1.02187e-08
      66.7240      1750.00  9.12399e-09
      66.7240      1775.00  8.01659e-09
      66.7240      1800.00  6.97573e-09
      66.7240      1825.00  6.03462e-09
      66.7240      1850.00  5.20273e-09
      66.7240      1875.00  4.47802e-09
      66.7240      1900.00  3.85208e-09
      66.7240      1925.00  3.31445e-09
      66.7240      1950.00  2.85439e-09
      66.7240      1975.00  2.46276e-09
      66.7240      2000.00  2.12895e-09
      66.7240      2025.00  1.84640e-09
      66.7240      2050.00  1.61144e-09
      66.7240      2075.00  1.40406e-09
      66.7240      2100.00  1.22605e-09
      66.7240      2125.00  1.07167e-09
      66.7240      2150.00  9.36726e-10
      66.7240      2175.00  8.18915e-10
      66.7240      2200.00  7.16512e-10
      66.7240      2225.00  6.27618e-10
      66.7240      2250.00  5.50336e-10
      66.7240      2275.00  4.83229e-10
      66.7240      2300.00  4.24947e-10
      66.7240      2325.00  3.74297e-10
      66.7240      2350.00  3.30173e-10
      66.7240      2375.00  2.91643e-10
      66.7240      2400.00  2.57987e-10

      86.1770     0.100000  7.22258e-13
      86.1770     0.200000  2.88967e-12
      86.1770     0.300000  6.50305e-12
      86.1770     0.400000  1.15631e-11
      86.1770     0.500000  1.80700e-11
      86.1770     0.600000  2.60235e-11
      86.1770     0.700000  3.54229e-11
      86.1770     0.800000  4.62676e-11
      86.1770     0.900000  5.85547e-11
      86.1770      1.00000  7.22845e-11
      86.1770      1.10000  8.74518e-11
      86.1770      1.20000  1.04056e-10
      86.1770      1.30000  1.22094e-10
      86.1770      1.40000  1.41562e-10
      86.1770      1.50000  1.62459e-10
      86.1770      1.60000  1.84782e-10
      86.1770      1.70000  2.08528e-10
      86.1770      2.00000  2.88275e-10
      86.1770      2.50000  4.49431e-10
      86.1770      3.00000  6.45710e-10
      86.1770      3.50000  8.76971e-10
      86.1770      4.00000  1.14305e-09
      86.1770      4.50000  1.44380e-09
      86.1770      5.00000  1.77898e-09
      86.1770      5.50000  2.14819e-09
      86.1770      6.00000  2.55087e-09
      86.1770      6.50000  2.98629e-09
      86.1770      7.00000  3.45369e-09
      86.1770      7.50000  3.95220e-09
      86.1770      8.00000  4.48095e-09
      86.1770      8.50000  5.03929e-09
      86.1770      9.00000  5.62668e-09
      86.1770      9.50000  6.24263e-09
      86.1770      10.0000  6.88683e-09
      86.1770      10.5000  7.55913e-09
      86.1770      11.0000  8.25914e-09
      86.1770      11.5000  8.98692e-09
      86.1770      12.0000  9.74229e-09
      86.1770      14.0000  1.30342e-08
      86.1770      16.0000  1.67392e-08
      86.1770      18.0000  2.08179e-08
      86.1770      20.0000  2.52205e-08
      86.1770      25.0000  3.72831e-08
      86.1770      30.0000  5.01288e-08
      86.1770      35.0000  6.29316e-08
      86.1770      40.0000  7.51210e-08
      86.1770      45.0000  8.63340e-08
      86.1770      50.0000  9.63513e-08
      86.1770      55.0000  1.05079e-07
      86.1770      60.0000  1.12503e-07
      86.1770      65.0000  1.18649e-07
      86.1770      70.0000  1.23567e-07
      86.1770      75.0000  1.27366e-07
      86.1770      80.0000  1.30170e-07
      86.1770      85.0000  1.32082e-07
      86.1770      90.0000  1.33164e-07
      86.1770      95.0000  1.33566e-07
      86.1770      100.000  1.33424e-07
      86.1770      110.000  1.31733e-07
      86.1770      120.000  1.28797e-07
      86.1770      130.000  1.25177e-07
      86.1770      140.000  1.21438e-07
      86.1770      150.000  1.17984e-07
      86.1770      160.000  1.15422e-07
      86.1770      170.000  1.14131e-07
      86.1770      180.000  1.15060e-07
      86.1770      190.000  1.18757e-07
      86.1770      200.000  1.26733e-07
      86.1770      210.000  1.40277e-07
      86.1770      220.000  1.63130e-07
      86.1770      230.000  1.97544e-07
      86.1770      240.000  2.48953e-07
      86.1770      250.000  3.24927e-07
      86.1770      260.000  4.36123e-07
      86.1770      270.000  5.97751e-07
      86.1770      280.000  8.31480e-07
      86.1770      290.000  1.16598e-06
      86.1770      300.000  1.63428e-06
      86.1770      310.000  2.18578e-06
      86.1770      320.000  2.97127e-06
      86.1770      330.000  3.88149e-06
      86.1770      340.000  4.81538e-06
      86.1770      350.000  5.83257e-06
      86.1770      360.000  6.82560e-06
      86.1770      365.000  6.71922e-06
      86.1770      370.000  6.86642e-06
      86.1770      380.000  6.89907e-06
      86.1770      390.000  6.46429e-06
      86.1770      400.000  5.88078e-06
      86.1770      410.000  5.13918e-06
      86.1770      420.000  4.57392e-06
      86.1770      430.000  4.05102e-06
      86.1770      440.000  3.58751e-06
      86.1770      450.000  3.18453e-06
      86.1770      460.000  2.84168e-06
      86.1770      470.000  2.55698e-06
      86.1770      480.000  2.32889e-06
      86.1770      490.000  2.15781e-06
      86.1770      500.000  2.04700e-06
      86.1770      510.000  2.00295e-06
      86.1770      520.000  2.03655e-06
      86.1770      530.000  2.20064e-06
      86.1770      540.000  2.44927e-06
      86.1770      550.000  2.83009e-06
      86.1770      560.000  3.33601e-06
      86.1770      570.000  3.84331e-06
      86.1770      580.000  4.43233e-06
      86.1770      590.000  4.73249e-06
      86.1770      600.000  4.73747e-06
      86.1770      610.000  4.72478e-06
      86.1770      620.000  4.45141e-06
      86.1770      630.000  4.05029e-06
      86.1770      640.000  3.57488e-06
      86.1770      650.000  3.17413e-06
      86.1770      660.000  2.80813e-06
      86.1770      670.000  2.48464e-06
      86.1770      680.000  2.20390e-06
      86.1770      690.000  1.96135e-06
      86.1770      700.000  1.75413e-06
      86.1770      710.000  1.57300e-06
      86.1770      720.000  1.41010e-06
      86.1770      730.000  1.27050e-06
      86.1770      740.000  1.14609e-06
      86.1770      750.000  1.03680e-06
      86.1770      760.000  9.42103e-07
      86.1770      770.000  8.61548e-07
      86.1770      780.000  7.93993e-07
      86.1770      790.000  7.37228e-07
      86.1770      800.000  6.87422e-07
      86.1770      810.000  6.47079e-07
      86.1770      820.000  6.04419e-07
      86.1770      830.000  5.62611e-07
      86.1770      840.000  5.23173e-07
      86.1770      850.000  4.83221e-07
      86.1770      860.000  4.44595e-07
      86.1770      870.000  4.09472e-07
      86.1770      880.000  3.78962e-07
      86.1770      890.000  3.53538e-07
      86.1770      900.000  3.33391e-07
      86.1770      910.000  3.18135e-07
      86.1770      920.000  3.06460e-07
      86.1770      930.000  2.96749e-07
      86.1770      940.000  2.89798e-07
      86.1770      950.000  2.77003e-07
      86.1770      960.000  2.62039e-07
      86.1770      970.000  2.45761e-07
      86.1770      980.000  2.26796e-07
      86.1770      990.000  2.07250e-07
      86.1770      1000.00  1.88766e-07
      86.1770      1010.00  1.71760e-07
      86.1770      1020.00  1.56606e-07
      86.1770      1030.00  1.43063e-07
      86.1770      1040.00  1.31140e-07
      86.1770      1050.00  1.20667e-07
      86.1770      1060.00  1.11522e-07
      86.1770      1070.00  1.03589e-07
      86.1770      1080.00  9.67929e-08
      86.1770      1090.00  9.10796e-08
      86.1770      1100.00  8.64351e-08
      86.1770      1110.00  8.28814e-08
      86.1770      1120.00  8.04978e-08
      86.1770      1130.00  7.94274e-08
      86.1770      1140.00  7.98793e-08
      86.1770      1150.00  8.16057e-08
      86.1770      1160.00  8.23845e-08
      86.1770      1170.00  8.39377e-08
      86.1770      1180.00  7.94480e-08
      86.1770      1190.00  7.74263e-08
      86.1770      1200.00  7.48770e-08
      86.1770      1210.00  7.13722e-08
      86.1770      1220.00  6.73530e-08
      86.1770      1230.00  6.32550e-08
      86.1770      1240.00  5.92954e-08
      86.1770      1250.00  5.55516e-08
      86.1770      1260.00  5.20462e-08
      86.1770      1270.00  4.87845e-08
      86.1770      1280.00  4.57502e-08
      86.1770      1290.00  4.29359e-08
      86.1770      1300.00  4.03219e-08
      86.1770      1325.00  3.45805e-08
      86.1770      1350.00  2.98451e-08
      86.1770      1375.00  2.59908e-08
      86.1770      1400.00  2.28098e-08
      86.1770      1425.00  1.99049e-08
      86.1770      1450.00  1.72937e-08
      86.1770      1475.00  1.50842e-08
      86.1770      1500.00  1.34013e-08
      86.1770      1525.00  1.22464e-08
      86.1770      1550.00  1.16553e-08
      86.1770      1575.00  1.16332e-08
      86.1770      1600.00  1.21588e-08
      86.1770      1625.00  1.30312e-08
      86.1770      1650.00  1.30149e-08
      86.1770      1675.00  1.27690e-08
      86.1770      1700.00  1.21597e-08
      86.1770      1725.00  1.12278e-08
      86.1770      1750.00  1.01423e-08
      86.1770      1775.00  9.02893e-09
      86.1770      1800.00  7.96130e-09
      86.1770      1825.00  6.97564e-09
      86.1770      1850.00  6.08768e-09
      86.1770      1875.00  5.30121e-09
      86.1770      1900.00  4.61123e-09
      86.1770      1925.00  4.01259e-09
      86.1770      1950.00  3.49674e-09
      86.1770      1975.00  3.05732e-09
      86.1770      2000.00  2.68655e-09
      86.1770      2025.00  2.37774e-09
      86.1770      2050.00  2.12369e-09
      86.1770      2075.00  1.90050e-09
      86.1770      2100.00  1.69494e-09
      86.1770      2125.00  1.50979e-09
      86.1770      2150.00  1.33961e-09
      86.1770      2175.00  1.18409e-09
      86.1770      2200.00  1.04399e-09
      86.1770      2225.00  9.19228e-10
      86.1770      2250.00  8.08870e-10
      86.1770      2275.00  7.11797e-10
      86.1770      2300.00  6.26794e-10
      86.1770      2325.00  5.52335e-10
      86.1770      2350.00  4.87205e-10
      86.1770      2375.00  4.30141e-10
      86.1770      2400.00  3.80312e-10

      111.302     0.100000  5.48721e-13
      111.302     0.200000  2.19383e-12
      111.302     0.300000  4.93369e-12
      111.302     0.400000  8.76663e-12
      111.302     0.500000  1.36910e-11
      111.302     0.600000  1.97052e-11
      111.302     0.700000  2.68080e-11
      111.302     0.800000  3.49977e-11
      111.302     0.900000  4.42728e-11
      111.302      1.00000  5.46330e-11
      111.302      1.10000  6.60763e-11
      111.302      1.20000  7.86031e-11
      111.302      1.30000  9.22118e-11
      111.302      1.40000  1.06901e-10
      111.302      1.50000  1.22672e-10
      111.302      1.60000  1.39523e-10
      111.302      1.70000  1.57457e-10
      111.302      2.00000  2.17735e-10
      111.302      2.50000  3.39826e-10
      111.302      3.00000  4.88986e-10
      111.302      3.50000  6.65243e-10
      111.302      4.00000  8.68569e-10
      111.302      4.50000  1.09880e-09
      111.302      5.00000  1.35564e-09
      111.302      5.50000  1.63871e-09
      111.302      6.00000  1.94742e-09
      111.302      6.50000  2.28124e-09
      111.302      7.00000  2.63966e-09
      111.302      7.50000  3.02217e-09
      111.302      8.00000  3.42832e-09
      111.302      8.50000  3.85785e-09
      111.302      9.00000  4.31059e-09
      111.302      9.50000  4.78624e-09
      111.302      10.0000  5.28477e-09
      111.302      10.5000  5.80598e-09
      111.302      11.0000  6.34981e-09
      111.302      11.5000  6.91628e-09
      111.302      12.0000  7.50505e-09
      111.302      14.0000  1.00811e-08
      111.302      16.0000  1.29982e-08
      111.302      18.0000  1.62329e-08
      111.302      20.0000  1.97568e-08
      111.302      25.0000  2.95920e-08
      111.302      30.0000  4.03830e-08
      111.302      35.0000  5.15260e-08
      111.302      40.0000  6.25624e-08
      111.302      45.0000  7.31706e-08
      111.302      50.0000  8.31312e-08
      111.302      55.0000  9.22804e-08
      111.302      60.0000  1.00525e-07
      111.302      65.0000  1.07837e-07
      111.302      70.0000  1.14210e-07
      111.302      75.0000  1.19690e-07
      111.302      80.0000  1.24317e-07
      111.302      85.0000  1.28096e-07
      111.302      90.0000  1.31140e-07
      111.302      95.0000  1.33530e-07
      111.302      100.000  1.35411e-07
      111.302      110.000  1.37663e-07
      111.302      120.000  1.38455e-07
      111.302      130.000  1.38962e-07
      111.302      140.000  1.38748e-07
      111.302      150.000  1.39080e-07
      111.302      160.000  1.41460e-07
      111.302      170.000  1.45239e-07
      111.302      180.000  1.52178e-07
      111.302      190.000  1.64423e-07
      111.302      200.000  1.80974e-07
      111.302      210.000  2.06953e-07
      111.302      220.000  2.43661e-07
      111.302      230.000  2.95185e-07
      111.302      240.000  3.68108e-07
      111.302      250.000  4.67367e-07
      111.302      260.000  6.15482e-07
      111.302      270.000  7.93098e-07
      111.302      280.000  1.04986e-06
      111.302      290.000  1.38676e-06
      111.302      300.000  1.81674e-06
      111.302      310.000  2.39021e-06
      111.302      320.000  3.06543e-06
      111.302      330.000  3.86243e-06
      111.302      340.000  4.53678e-06
      111.302      350.000  5.29070e-06
      111.302      360.000  5.86555e-06
      111.302      365.000  5.88838e-06
      111.302      370.000  6.00604e-06
      111.302      380.000  6.06036e-06
      111.302      390.000  5.81760e-06
      111.302      400.000  5.42813e-06
      111.302      410.000  4.93174e-06
      111.302      420.000  4.48620e-06
      111.302      430.000  4.06251e-06
      111.302      440.000  3.67411e-06
      111.302      450.000  3.33043e-06
      111.302      460.000  3.03402e-06
      111.302      470.000  2.78741e-06
      111.302      480.000  2.60385e-06
      111.302      490.000  2.45034e-06
      111.302      500.000  2.37156e-06
      111.302      510.000  2.34677e-06
      111.302      520.000  2.40012e-06
      111.302      530.000  2.55930e-06
      111.302      540.000  2.76231e-06
      111.302      550.000  3.09405e-06
      111.302      560.000  3.49297e-06
      111.302      570.000  3.80859e-06
      111.302      580.000  4.26984e-06
      111.302      590.000  4.48839e-06
      111.302      600.000  4.49881e-06
      111.302      610.000  4.47747e-06
      111.302      620.000  4.28161e-06
      111.302      630.000  3.97552e-06
      111.302      640.000  3.62074e-06
      111.302      650.000  3.27646e-06
      111.302      660.000  2.95112e-06
      111.302      670.000  2.65551e-06
      111.302      680.000  2.38991e-06
      111.302      690.000  2.15679e-06
      111.302      700.000  1.95100e-06
      111.302      710.000  1.77162e-06
      111.302      720.000  1.61348e-06
      111.302      730.000  1.47530e-06
      111.302      740.000  1.35832e-06
      111.302      750.000  1.25790e-06
      111.302      760.000  1.17705e-06
      111.302      770.000  1.11359e-06
      111.302      780.000  1.06775e-06
      111.302      790.000  1.06995e-06
      111.302      800.000  1.00630e-06
      111.302      810.000  1.01541e-06
      111.302      820.000  9.55684e-07
      111.302      830.000  9.11193e-07
      111.302      840.000  8.65760e-07
      111.302      850.000  8.10056e-07
      111.302      860.000  7.49473e-07
      111.302      870.000  6.89207e-07
      111.302      880.000  6.34180e-07
      111.302      890.000  5.84790e-07
      111.302      900.000  5.42035e-07
      111.302      910.000  5.05354e-07
      111.302      920.000  4.73428e-07
      111.302      930.000  4.52762e-07
      111.302      940.000  4.20768e-07
      111.302      950.000  3.94425e-07
      111.302      960.000  3.68618e-07
      111.302      970.000  3.43739e-07
      111.302      980.000  3.18109e-07
      111.302      990.000  2.93166e-07
      111.302      1000.00  2.69901e-07
      111.302      1010.00  2.48859e-07
      111.302      1020.00  2.29455e-07
      111.302      1030.00  2.13042e-07
      111.302      1040.00  1.96642e-07
      111.302      1050.00  1.82447e-07
      111.302      1060.00  1.69751e-07
      111.302      1070.00  1.58288e-07
      111.302      1080.00  1.48154e-07
      111.302      1090.00  1.39139e-07
      111.302      1100.00  1.31882e-07
      111.302      1110.00  1.25192e-07
      111.302      1120.00  1.20238e-07
      111.302      1130.00  1.16357e-07
      111.302      1140.00  1.13581e-07
      111.302      1150.00  1.13313e-07
      111.302      1160.00  1.09834e-07
      111.302      1170.00  1.09462e-07
      111.302      1180.00  1.05546e-07
      111.302      1190.00  1.01849e-07
      111.302      1200.00  9.78533e-08
      111.302      1210.00  9.30448e-08
      111.302      1220.00  8.78205e-08
      111.302      1230.00  8.25881e-08
      111.302      1240.00  7.75507e-08
      111.302      1250.00  7.27858e-08
      111.302      1260.00  6.83152e-08
      111.302      1270.00  6.41534e-08
      111.302      1280.00  6.02902e-08
      111.302      1290.00  5.67106e-08
      111.302      1300.00  5.34011e-08
      111.302      1325.00  4.62289e-08
      111.302      1350.00  4.05198e-08
      111.302      1375.00  3.61104e-08
      111.302      1400.00  3.24901e-08
      111.302      1425.00  2.88172e-08
      111.302      1450.00  2.51423e-08
      111.302      1475.00  2.19158e-08
      111.302      1500.00  1.93983e-08
      111.302      1525.00  1.75868e-08
      111.302      1550.00  1.64394e-08
      111.302      1575.00  1.58778e-08
      111.302      1600.00  1.58095e-08
      111.302      1625.00  1.60151e-08
      111.302      1650.00  1.56000e-08
      111.302      1675.00  1.50191e-08
      111.302      1700.00  1.41865e-08
      111.302      1725.00  1.31199e-08
      111.302      1750.00  1.19387e-08
      111.302      1775.00  1.07389e-08
      111.302      1800.00  9.58233e-09
      111.302      1825.00  8.50299e-09
      111.302      1850.00  7.51946e-09
      111.302      1875.00  6.63767e-09
      111.302      1900.00  5.85871e-09
      111.302      1925.00  5.18172e-09
      111.302      1950.00  4.60456e-09
      111.302      1975.00  4.12405e-09
      111.302      2000.00  3.73374e-09
      111.302      2025.00  3.42353e-09
      111.302      2050.00  3.18430e-09
      111.302      2075.00  2.94814e-09
      111.302      2100.00  2.71358e-09
      111.302      2125.00  2.48762e-09
      111.302      2150.00  2.25989e-09
      111.302      2175.00  2.03459e-09
      111.302      2200.00  1.81949e-09
      111.302      2225.00  1.61937e-09
      111.302      2250.00  1.43644e-09
      111.302      2275.00  1.27152e-09
      111.302      2300.00  1.12426e-09
      111.302      2325.00  9.93694e-10
      111.302      2350.00  8.78413e-10
      111.302      2375.00  7.76918e-10
      111.302      2400.00  6.87982e-10

      143.753     0.100000  4.31641e-13
      143.753     0.200000  1.72584e-12
      143.753     0.300000  3.88164e-12
      143.753     0.400000  6.89820e-12
      143.753     0.500000  1.07746e-11
      143.753     0.600000  1.55106e-11
      143.753     0.700000  2.11055e-11
      143.753     0.800000  2.75586e-11
      143.753     0.900000  3.48706e-11
      143.753      1.00000  4.30404e-11
      143.753      1.10000  5.20683e-11
      143.753      1.20000  6.19542e-11
      143.753      1.30000  7.26973e-11
      143.753      1.40000  8.42990e-11
      143.753      1.50000  9.67591e-11
      143.753      1.60000  1.10078e-10
      143.753      1.70000  1.24254e-10
      143.753      2.00000  1.71937e-10
      143.753      2.50000  2.68588e-10
      143.753      3.00000  3.86697e-10
      143.753      3.50000  5.26189e-10
      143.753      4.00000  6.86922e-10
      143.753      4.50000  8.68703e-10
      143.753      5.00000  1.07128e-09
      143.753      5.50000  1.29439e-09
      143.753      6.00000  1.53779e-09
      143.753      6.50000  1.80118e-09
      143.753      7.00000  2.08448e-09
      143.753      7.50000  2.38739e-09
      143.753      8.00000  2.70988e-09
      143.753      8.50000  3.05180e-09
      143.753      9.00000  3.41298e-09
      143.753      9.50000  3.79349e-09
      143.753      10.0000  4.19307e-09
      143.753      10.5000  4.61177e-09
      143.753      11.0000  5.04937e-09
      143.753      11.5000  5.50589e-09
      143.753      12.0000  5.98107e-09
      143.753      14.0000  8.06597e-09
      143.753      16.0000  1.04364e-08
      143.753      18.0000  1.30775e-08
      143.753      20.0000  1.59713e-08
      143.753      25.0000  2.41625e-08
      143.753      30.0000  3.33859e-08
      143.753      35.0000  4.32213e-08
      143.753      40.0000  5.33255e-08
      143.753      45.0000  6.34192e-08
      143.753      50.0000  7.32796e-08
      143.753      55.0000  8.27347e-08
      143.753      60.0000  9.16976e-08
      143.753      65.0000  1.00024e-07
      143.753      70.0000  1.07696e-07
      143.753      75.0000  1.14700e-07
      143.753      80.0000  1.21028e-07
      143.753      85.0000  1.26700e-07
      143.753      90.0000  1.31829e-07
      143.753      95.0000  1.36429e-07
      143.753      100.000  1.40370e-07
      143.753      110.000  1.47186e-07
      143.753      120.000  1.52732e-07
      143.753      130.000  1.57743e-07
      143.753      140.000  1.62813e-07
      143.753      150.000  1.68754e-07
      143.753      160.000  1.76527e-07
      143.753      170.000  1.86842e-07
      143.753      180.000  2.01230e-07
      143.753      190.000  2.20988e-07
      143.753      200.000  2.48005e-07
      143.753      210.000  2.85319e-07
      143.753      220.000  3.34427e-07
      143.753      230.000  4.00518e-07
      143.753      240.000  4.87853e-07
      143.753      250.000  6.02393e-07
      143.753      260.000  7.55594e-07
      143.753      270.000  9.48280e-07
      143.753      280.000  1.19645e-06
      143.753      290.000  1.51153e-06
      143.753      300.000  1.89960e-06
      143.753      310.000  2.40281e-06
      143.753      320.000  2.91619e-06
      143.753      330.000  3.55740e-06
      143.753      340.000  4.00408e-06
      143.753      350.000  4.68932e-06
      143.753      360.000  4.91574e-06
      143.753      365.000  4.98264e-06
      143.753      370.000  5.07934e-06
      143.753      380.000  5.15750e-06
      143.753      390.000  5.04497e-06
      143.753      400.000  4.81347e-06
      143.753      410.000  4.48527e-06
      143.753      420.000  4.17775e-06
      143.753      430.000  3.87482e-06
      143.753      440.000  3.58502e-06
      143.753      450.000  3.32536e-06
      143.753      460.000  3.09965e-06
      143.753      470.000  2.91137e-06
      143.753      480.000  2.77761e-06
      143.753      490.000  2.66923e-06
      143.753      500.000  2.62121e-06
      143.753      510.000  2.62905e-06
      143.753      520.000  2.69091e-06
      143.753      530.000  2.83253e-06
      143.753      540.000  3.05780e-06
      143.753      550.000  3.28707e-06
      143.753      560.000  3.64644e-06
      143.753      570.000  3.84068e-06
      143.753      580.000  4.21320e-06
      143.753      590.000  4.30807e-06
      143.753      600.000  4.32046e-06
      143.753      610.000  4.30099e-06
      143.753      620.000  4.16047e-06
      143.753      630.000  3.92899e-06
      143.753      640.000  3.64065e-06
      143.753      650.000  3.36022e-06
      143.753      660.000  3.08628e-06
      143.753      670.000  2.82931e-06
      143.753      680.000  2.59509e-06
      143.753      690.000  2.38500e-06
      143.753      700.000  2.19865e-06
      143.753      710.000  2.03619e-06
      143.753      720.000  1.89752e-06
      143.753      730.000  1.78275e-06
      143.753      740.000  1.69216e-06
      143.753      750.000  1.62706e-06
      143.753      760.000  1.58239e-06
      143.753      770.000  1.56506e-06
      143.753      780.000  1.56089e-06
      143.753      790.000  1.57155e-06
      143.753      800.000  1.59526e-06
      143.753      810.000  1.60204e-06
      143.753      820.000  1.57253e-06
      143.753      830.000  1.52981e-06
      143.753      840.000  1.48033e-06
      143.753      850.000  1.40616e-06
      143.753      860.000  1.31555e-06
      143.753      870.000  1.21974e-06
      143.753      880.000  1.12601e-06
      143.753      890.000  1.03770e-06
      143.753      900.000  9.56492e-07
      143.753      910.000  8.84825e-07
      143.753      920.000  8.17645e-07
      143.753      930.000  7.57780e-07
      143.753      940.000  7.03725e-07
      143.753      950.000  6.52543e-07
      143.753      960.000  6.06046e-07
      143.753      970.000  5.63611e-07
      143.753      980.000  5.23475e-07
      143.753      990.000  4.86616e-07
      143.753      1000.00  4.52967e-07
      143.753      1010.00  4.22329e-07
      143.753      1020.00  3.95755e-07
      143.753      1030.00  3.70316e-07
      143.753      1040.00  3.46271e-07
      143.753      1050.00  3.24032e-07
      143.753      1060.00  3.03600e-07
      143.753      1070.00  2.84477e-07
      143.753      1080.00  2.66194e-07
      143.753      1090.00  2.49662e-07
      143.753      1100.00  2.35007e-07
      143.753      1110.00  2.21795e-07
      143.753      1120.00  2.11349e-07
      143.753      1130.00  2.01038e-07
      143.753      1140.00  1.92755e-07
      143.753      1150.00  1.86544e-07
      143.753      1160.00  1.78734e-07
      143.753      1170.00  1.72428e-07
      143.753      1180.00  1.64964e-07
      143.753      1190.00  1.57551e-07
      143.753      1200.00  1.50057e-07
      143.753      1210.00  1.42040e-07
      143.753      1220.00  1.33848e-07
      143.753      1230.00  1.25816e-07
      143.753      1240.00  1.18144e-07
      143.753      1250.00  1.10905e-07
      143.753      1260.00  1.04144e-07
      143.753      1270.00  9.78686e-08
      143.753      1280.00  9.20521e-08
      143.753      1290.00  8.67062e-08
      143.753      1300.00  8.17829e-08
      143.753      1325.00  7.13209e-08
      143.753      1350.00  6.33040e-08
      143.753      1375.00  5.73240e-08
      143.753      1400.00  5.22606e-08
      143.753      1425.00  4.67974e-08
      143.753      1450.00  4.10593e-08
      143.753      1475.00  3.57431e-08
      143.753      1500.00  3.14106e-08
      143.753      1525.00  2.81015e-08
      143.753      1550.00  2.57177e-08
      143.753      1575.00  2.41195e-08
      143.753      1600.00  2.31379e-08
      143.753      1625.00  2.24095e-08
      143.753      1650.00  2.12540e-08
      143.753      1675.00  1.99685e-08
      143.753      1700.00  1.85327e-08
      143.753      1725.00  1.70071e-08
      143.753      1750.00  1.54716e-08
      143.753      1775.00  1.39841e-08
      143.753      1800.00  1.25865e-08
      143.753      1825.00  1.13012e-08
      143.753      1850.00  1.01290e-08
      143.753      1875.00  9.08145e-09
      143.753      1900.00  8.15760e-09
      143.753      1925.00  7.36647e-09
      143.753      1950.00  6.71151e-09
      143.753      1975.00  6.18898e-09
      143.753      2000.00  5.78594e-09
      143.753      2025.00  5.48292e-09
      143.753      2050.00  5.26347e-09
      143.753      2075.00  5.01636e-09
      143.753      2100.00  4.73979e-09
      143.753      2125.00  4.45118e-09
      143.753      2150.00  4.13359e-09
      143.753      2175.00  3.79532e-09
      143.753      2200.00  3.45271e-09
      143.753      2225.00  3.11912e-09
      143.753      2250.00  2.80316e-09
      143.753      2275.00  2.50991e-09
      143.753      2300.00  2.24165e-09
      143.753      2325.00  1.99929e-09
      143.753      2350.00  1.78251e-09
      143.753      2375.00  1.59032e-09
      143.753      2400.00  1.42122e-09

      185.664     0.100000  3.55813e-13
      185.664     0.200000  1.42299e-12
      185.664     0.300000  3.20124e-12
      185.664     0.400000  5.69025e-12
      185.664     0.500000  8.88963e-12
      185.664     0.600000  1.27994e-11
      185.664     0.700000  1.74193e-11
      185.664     0.800000  2.27493e-11
      185.664     0.900000  2.87882e-11
      185.664      1.00000  3.55367e-11
      185.664      1.10000  4.29949e-11
      185.664      1.20000  5.11623e-11
      185.664      1.30000  6.00385e-11
      185.664      1.40000  6.96229e-11
      185.664      1.50000  7.99150e-11
      185.664      1.60000  9.09165e-11
      185.664      1.70000  1.02625e-10
      185.664      2.00000  1.41995e-10
      185.664      2.50000  2.21734e-10
      185.664      3.00000  3.19069e-10
      185.664      3.50000  4.33920e-10
      185.664      4.00000  5.66206e-10
      185.664      4.50000  7.15811e-10
      185.664      5.00000  8.82654e-10
      185.664      5.50000  1.06664e-09
      185.664      6.00000  1.26762e-09
      185.664      6.50000  1.48560e-09
      185.664      7.00000  1.72045e-09
      185.664      7.50000  1.97209e-09
      185.664      8.00000  2.24048e-09
      185.664      8.50000  2.52549e-09
      185.664      9.00000  2.82708e-09
      185.664      9.50000  3.14520e-09
      185.664      10.0000  3.47963e-09
      185.664      10.5000  3.83053e-09
      185.664      11.0000  4.19744e-09
      185.664      11.5000  4.58058e-09
      185.664      12.0000  4.97973e-09
      185.664      14.0000  6.73352e-09
      185.664      16.0000  8.73335e-09
      185.664      18.0000  1.09700e-08
      185.664      20.0000  1.34320e-08
      185.664      25.0000  2.04807e-08
      185.664      30.0000  2.85847e-08
      185.664      35.0000  3.74602e-08
      185.664      40.0000  4.68440e-08
      185.664      45.0000  5.65111e-08
      185.664      50.0000  6.62629e-08
      185.664      55.0000  7.59320e-08
      185.664      60.0000  8.53909e-08
      185.664      65.0000  9.45574e-08
      185.664      70.0000  1.03345e-07
      185.664      75.0000  1.11707e-07
      185.664      80.0000  1.19652e-07
      185.664      85.0000  1.27120e-07
      185.664      90.0000  1.34175e-07
      185.664      95.0000  1.40784e-07
      185.664      100.000  1.47036e-07
      185.664      110.000  1.58551e-07
      185.664      120.000  1.69174e-07
      185.664      130.000  1.79529e-07
      185.664      140.000  1.89939e-07
      185.664      150.000  2.01465e-07
      185.664      160.000  2.15023e-07
      185.664      170.000  2.31591e-07
      185.664      180.000  2.52397e-07
      185.664      190.000  2.78916e-07
      185.664      200.000  3.12956e-07
      185.664      210.000  3.56581e-07
      185.664      220.000  4.12267e-07
      185.664      230.000  4.82788e-07
      185.664      240.000  5.71975e-07
      185.664      250.000  6.84837e-07
      185.664      260.000  8.27300e-07
      185.664      270.000  1.00826e-06
      185.664      280.000  1.22445e-06
      185.664      290.000  1.47193e-06
      185.664      300.000  1.78148e-06
      185.664      310.000  2.17579e-06
      185.664      320.000  2.54686e-06
      185.664      330.000  2.93371e-06
      185.664      340.000  3.30064e-06
      185.664      350.000  3.67802e-06
      185.664      360.000  3.92100e-06
      185.664      365.000  3.99256e-06
      185.664      370.000  4.07217e-06
      185.664      380.000  4.16379e-06
      185.664      390.000  4.13937e-06
      185.664      400.000  4.02984e-06
      185.664      410.000  3.85166e-06
      185.664      420.000  3.67148e-06
      185.664      430.000  3.48462e-06
      185.664      440.000  3.30421e-06
      185.664      450.000  3.13961e-06
      185.664      460.000  2.99844e-06
      185.664      470.000  2.89179e-06
      185.664      480.000  2.79692e-06
      185.664      490.000  2.74790e-06
      185.664      500.000  2.73997e-06
      185.664      510.000  2.77577e-06
      185.664      520.000  2.85848e-06
      185.664      530.000  2.99361e-06
      185.664      540.000  3.17319e-06
      185.664      550.000  3.40591e-06
      185.664      560.000  3.68405e-06
      185.664      570.000  3.78878e-06
      185.664      580.000  3.96659e-06
      185.664      590.000  4.10990e-06
      185.664      600.000  4.12728e-06
      185.664      610.000  4.11852e-06
      185.664      620.000  4.02530e-06
      185.664      630.000  3.86145e-06
      185.664      640.000  3.64491e-06
      185.664      650.000  3.43210e-06
      185.664      660.000  3.21873e-06
      185.664      670.000  3.01485e-06
      185.664      680.000  2.82651e-06
      185.664      690.000  2.65791e-06
      185.664      700.000  2.51159e-06
      185.664      710.000  2.38946e-06
      185.664      720.000  2.29318e-06
      185.664      730.000  2.22777e-06
      185.664      740.000  2.18334e-06
      185.664      750.000  2.15768e-06
      185.664      760.000  2.16861e-06
      185.664      770.000  2.20453e-06
      185.664      780.000  2.25966e-06
      185.664      790.000  2.32122e-06
      185.664      800.000  2.37058e-06
      185.664      810.000  2.43812e-06
      185.664      820.000  2.39899e-06
      185.664      830.000  2.36705e-06
      185.664      840.000  2.31759e-06
      185.664      850.000  2.23147e-06
      185.664      860.000  2.11630e-06
      185.664      870.000  1.98695e-06
      185.664      880.000  1.85379e-06
      185.664      890.000  1.72349e-06
      185.664      900.000  1.60027e-06
      185.664      910.000  1.48410e-06
      185.664      920.000  1.37525e-06
      185.664      930.000  1.27694e-06
      185.664      940.000  1.18836e-06
      185.664      950.000  1.10693e-06
      185.664      960.000  1.03234e-06
      185.664      970.000  9.65839e-07
      185.664      980.000  9.05964e-07
      185.664      990.000  8.52319e-07
      185.664      1000.00  8.04540e-07
      185.664      1010.00  7.61420e-07
      185.664      1020.00  7.21468e-07
      185.664      1030.00  6.86564e-07
      185.664      1040.00  6.47267e-07
      185.664      1050.00  6.11925e-07
      185.664      1060.00  5.78428e-07
      185.664      1070.00  5.45147e-07
      185.664      1080.00  5.12414e-07
      185.664      1090.00  4.81183e-07
      185.664      1100.00  4.52085e-07
      185.664      1110.00  4.24999e-07
      185.664      1120.00  4.00479e-07
      185.664      1130.00  3.78265e-07
      185.664      1140.00  3.58182e-07
      185.664      1150.00  3.39848e-07
      185.664      1160.00  3.23233e-07
      185.664      1170.00  3.06101e-07
      185.664      1180.00  2.89601e-07
      185.664      1190.00  2.74199e-07
      185.664      1200.00  2.59264e-07
      185.664      1210.00  2.44470e-07
      185.664      1220.00  2.30010e-07
      185.664      1230.00  2.16144e-07
      185.664      1240.00  2.03024e-07
      185.664      1250.00  1.90728e-07
      185.664      1260.00  1.79261e-07
      185.664      1270.00  1.68634e-07
      185.664      1280.00  1.58804e-07
      185.664      1290.00  1.49775e-07
      185.664      1300.00  1.41495e-07
      185.664      1325.00  1.23863e-07
      185.664      1350.00  1.10396e-07
      185.664      1375.00  1.00032e-07
      185.664      1400.00  9.07372e-08
      185.664      1425.00  8.14105e-08
      185.664      1450.00  7.18122e-08
      185.664      1475.00  6.27651e-08
      185.664      1500.00  5.51085e-08
      185.664      1525.00  4.89525e-08
      185.664      1550.00  4.42938e-08
      185.664      1575.00  4.08146e-08
      185.664      1600.00  3.82437e-08
      185.664      1625.00  3.61746e-08
      185.664      1650.00  3.36186e-08
      185.664      1675.00  3.09239e-08
      185.664      1700.00  2.81450e-08
      185.664      1725.00  2.54855e-08
      185.664      1750.00  2.30284e-08
      185.664      1775.00  2.08010e-08
      185.664      1800.00  1.88091e-08
      185.664      1825.00  1.70522e-08
      185.664      1850.00  1.54763e-08
      185.664      1875.00  1.40668e-08
      185.664      1900.00  1.28206e-08
      185.664      1925.00  1.17558e-08
      185.664      1950.00  1.08881e-08
      185.664      1975.00  1.02047e-08
      185.664      2000.00  9.70713e-09
      185.664      2025.00  9.31391e-09
      185.664      2050.00  8.99375e-09
      185.664      2075.00  8.67955e-09
      185.664      2100.00  8.28959e-09
      185.664      2125.00  7.87272e-09
      185.664      2150.00  7.40524e-09
      185.664      2175.00  6.89427e-09
      185.664      2200.00  6.36266e-09
      185.664      2225.00  5.83105e-09
      185.664      2250.00  5.31556e-09
      185.664      2275.00  4.82619e-09
      185.664      2300.00  4.36998e-09
      185.664      2325.00  3.95180e-09
      185.664      2350.00  3.57259e-09
      185.664      2375.00  3.23189e-09
      185.664      2400.00  2.93079e-09

      239.794     0.100000  2.96945e-13
      239.794     0.200000  1.18759e-12
      239.794     0.300000  2.67166e-12
      239.794     0.400000  4.74886e-12
      239.794     0.500000  7.41882e-12
      239.794     0.600000  1.06814e-11
      239.794     0.700000  1.45363e-11
      239.794     0.800000  1.89833e-11
      239.794     0.900000  2.40219e-11
      239.794      1.00000  2.96520e-11
      239.794      1.10000  3.58731e-11
      239.794      1.20000  4.26846e-11
      239.794      1.30000  5.00879e-11
      239.794      1.40000  5.80825e-11
      239.794      1.50000  6.66646e-11
      239.794      1.60000  7.58383e-11
      239.794      1.70000  8.56007e-11
      239.794      2.00000  1.18425e-10
      239.794      2.50000  1.84902e-10
      239.794      3.00000  2.66062e-10
      239.794      3.50000  3.61878e-10
      239.794      4.00000  4.72321e-10
      239.794      4.50000  5.97349e-10
      239.794      5.00000  7.36922e-10
      239.794      5.50000  8.91009e-10
      239.794      6.00000  1.05955e-09
      239.794      6.50000  1.24250e-09
      239.794      7.00000  1.43979e-09
      239.794      7.50000  1.65140e-09
      239.794      8.00000  1.87723e-09
      239.794      8.50000  2.11723e-09
      239.794      9.00000  2.37132e-09
      239.794      9.50000  2.63950e-09
      239.794      10.0000  2.92178e-09
      239.794      10.5000  3.21766e-09
      239.794      11.0000  3.52742e-09
      239.794      11.5000  3.85104e-09
      239.794      12.0000  4.18839e-09
      239.794      14.0000  5.67355e-09
      239.794      16.0000  7.37226e-09
      239.794      18.0000  9.27910e-09
      239.794      20.0000  1.13869e-08
      239.794      25.0000  1.74774e-08
      239.794      30.0000  2.46003e-08
      239.794      35.0000  3.25603e-08
      239.794      40.0000  4.11647e-08
      239.794      45.0000  5.02360e-08
      239.794      50.0000  5.96123e-08
      239.794      55.0000  6.91642e-08
      239.794      60.0000  7.87680e-08
      239.794      65.0000  8.83501e-08
      239.794      70.0000  9.78049e-08
      239.794      75.0000  1.07092e-07
      239.794      80.0000  1.16189e-07
      239.794      85.0000  1.25048e-07
      239.794      90.0000  1.33640e-07
      239.794      95.0000  1.42022e-07
      239.794      100.000  1.50164e-07
      239.794      110.000  1.65860e-07
      239.794      120.000  1.80999e-07
      239.794      130.000  1.96048e-07
      239.794      140.000  2.11621e-07
      239.794      150.000  2.28138e-07
      239.794      160.000  2.46455e-07
      239.794      170.000  2.67774e-07
      239.794      180.000  2.92970e-07
      239.794      190.000  3.23355e-07
      239.794      200.000  3.59006e-07
      239.794      210.000  4.04128e-07
      239.794      220.000  4.58455e-07
      239.794      230.000  5.24053e-07
      239.794      240.000  6.06356e-07
      239.794      250.000  7.07548e-07
      239.794      260.000  8.25355e-07
      239.794      270.000  9.65521e-07
      239.794      280.000  1.13888e-06
      239.794      290.000  1.33908e-06
      239.794      300.000  1.57328e-06
      239.794      310.000  1.82354e-06
      239.794      320.000  2.08489e-06
      239.794      330.000  2.34358e-06
      239.794      340.000  2.58185e-06
      239.794      350.000  2.82106e-06
      239.794      360.000  3.00184e-06
      239.794      365.000  3.06772e-06
      239.794      370.000  3.13199e-06
      239.794      380.000  3.22637e-06
      239.794      390.000  3.25567e-06
      239.794      400.000  3.22913e-06
      239.794      410.000  3.16270e-06
      239.794      420.000  3.08229e-06
      239.794      430.000  2.99487e-06
      239.794      440.000  2.90882e-06
      239.794      450.000  2.83604e-06
      239.794      460.000  2.76371e-06
      239.794      470.000  2.71804e-06
      239.794      480.000  2.69261e-06
      239.794      490.000  2.68956e-06
      239.794      500.000  2.71943e-06
      239.794      510.000  2.78339e-06
      239.794      520.000  2.87882e-06
      239.794      530.000  2.99270e-06
      239.794      540.000  3.13844e-06
      239.794      550.000  3.30298e-06
      239.794      560.000  3.47883e-06
      239.794      570.000  3.70472e-06
      239.794      580.000  3.77941e-06
      239.794      590.000  3.84922e-06
      239.794      600.000  3.88181e-06
      239.794      610.000  3.89079e-06
      239.794      620.000  3.84440e-06
      239.794      630.000  3.74561e-06
      239.794      640.000  3.60647e-06
      239.794      650.000  3.46756e-06
      239.794      660.000  3.32247e-06
      239.794      670.000  3.18534e-06
      239.794      680.000  3.05981e-06
      239.794      690.000  2.94968e-06
      239.794      700.000  2.86213e-06
      239.794      710.000  2.79639e-06
      239.794      720.000  2.75526e-06
      239.794      730.000  2.73491e-06
      239.794      740.000  2.74931e-06
      239.794      750.000  2.79157e-06
      239.794      760.000  2.87394e-06
      239.794      770.000  2.93082e-06
      239.794      780.000  3.04845e-06
      239.794      790.000  3.14117e-06
      239.794      800.000  3.16106e-06
      239.794      810.000  3.26740e-06
      239.794      820.000  3.25161e-06
      239.794      830.000  3.23378e-06
      239.794      840.000  3.19277e-06
      239.794      850.000  3.10994e-06
      239.794      860.000  2.98866e-06
      239.794      870.000  2.84436e-06
      239.794      880.000  2.68932e-06
      239.794      890.000  2.53317e-06
      239.794      900.000  2.38015e-06
      239.794      910.000  2.23405e-06
      239.794      920.000  2.09724e-06
      239.794      930.000  1.97034e-06
      239.794      940.000  1.85258e-06
      239.794      950.000  1.74500e-06
      239.794      960.000  1.64934e-06
      239.794      970.000  1.56402e-06
      239.794      980.000  1.48724e-06
      239.794      990.000  1.41884e-06
      239.794      1000.00  1.36104e-06
      239.794      1010.00  1.30548e-06
      239.794      1020.00  1.24547e-06
      239.794      1030.00  1.20148e-06
      239.794      1040.00  1.14617e-06
      239.794      1050.00  1.09507e-06
      239.794      1060.00  1.04501e-06
      239.794      1070.00  9.93229e-07
      239.794      1080.00  9.40133e-07
      239.794      1090.00  8.87255e-07
      239.794      1100.00  8.35932e-07
      239.794      1110.00  7.87260e-07
      239.794      1120.00  7.41959e-07
      239.794      1130.00  6.98696e-07
      239.794      1140.00  6.58339e-07
      239.794      1150.00  6.21066e-07
      239.794      1160.00  5.86320e-07
      239.794      1170.00  5.52613e-07
      239.794      1180.00  5.20924e-07
      239.794      1190.00  4.91270e-07
      239.794      1200.00  4.63184e-07
      239.794      1210.00  4.36316e-07
      239.794      1220.00  4.10651e-07
      239.794      1230.00  3.86386e-07
      239.794      1240.00  3.63590e-07
      239.794      1250.00  3.42254e-07
      239.794      1260.00  3.22369e-07
      239.794      1270.00  3.03903e-07
      239.794      1280.00  2.86773e-07
      239.794      1290.00  2.70923e-07
      239.794      1300.00  2.56339e-07
      239.794      1325.00  2.24904e-07
      239.794      1350.00  1.99797e-07
      239.794      1375.00  1.81201e-07
      239.794      1400.00  1.61337e-07
      239.794      1425.00  1.44360e-07
      239.794      1450.00  1.27956e-07
      239.794      1475.00  1.12685e-07
      239.794      1500.00  9.95219e-08
      239.794      1525.00  8.85977e-08
      239.794      1550.00  7.98954e-08
      239.794      1575.00  7.32309e-08
      239.794      1600.00  6.77822e-08
      239.794      1625.00  6.29481e-08
      239.794      1650.00  5.78943e-08
      239.794      1675.00  5.27231e-08
      239.794      1700.00  4.75340e-08
      239.794      1725.00  4.27464e-08
      239.794      1750.00  3.84898e-08
      239.794      1775.00  3.47870e-08
      239.794      1800.00  3.16182e-08
      239.794      1825.00  2.88856e-08
      239.794      1850.00  2.64429e-08
      239.794      1875.00  2.42484e-08
      239.794      1900.00  2.22512e-08
      239.794      1925.00  2.04942e-08
      239.794      1950.00  1.90039e-08
      239.794      1975.00  1.78195e-08
      239.794      2000.00  1.68815e-08
      239.794      2025.00  1.61397e-08
      239.794      2050.00  1.54990e-08
      239.794      2075.00  1.48076e-08
      239.794      2100.00  1.41093e-08
      239.794      2125.00  1.33981e-08
      239.794      2150.00  1.26431e-08
      239.794      2175.00  1.18472e-08
      239.794      2200.00  1.10317e-08
      239.794      2225.00  1.02197e-08
      239.794      2250.00  9.42864e-09
      239.794      2275.00  8.67321e-09
      239.794      2300.00  7.96440e-09
      239.794      2325.00  7.30847e-09
      239.794      2350.00  6.70943e-09
      239.794      2375.00  6.16649e-09
      239.794      2400.00  5.67712e-09

      309.705     0.100000  2.45750e-13
      309.705     0.200000  9.82891e-13
      309.705     0.300000  2.21121e-12
      309.705     0.400000  3.93059e-12
      309.705     0.500000  6.14086e-12
      309.705     0.600000  8.84178e-12
      309.705     0.700000  1.20331e-11
      309.705     0.800000  1.57152e-11
      309.705     0.900000  1.98872e-11
      309.705      1.00000  2.45494e-11
      309.705      1.10000  2.97018e-11
      309.705      1.20000  3.53433e-11
      309.705      1.30000  4.14752e-11
      309.705      1.40000  4.80962e-11
      309.705      1.50000  5.52067e-11
      309.705      1.60000  6.28068e-11
      309.705      1.70000  7.08948e-11
      309.705      2.00000  9.80941e-11
      309.705      2.50000  1.53195e-10
      309.705      3.00000  2.20495e-10
      309.705      3.50000  2.99974e-10
      309.705      4.00000  3.91594e-10
      309.705      4.50000  4.95361e-10
      309.705      5.00000  6.11226e-10
      309.705      5.50000  7.39160e-10
      309.705      6.00000  8.79134e-10
      309.705      6.50000  1.03112e-09
      309.705      7.00000  1.19509e-09
      309.705      7.50000  1.37099e-09
      309.705      8.00000  1.55883e-09
      309.705      8.50000  1.75851e-09
      309.705      9.00000  1.97004e-09
      309.705      9.50000  2.19333e-09
      309.705      10.0000  2.42844e-09
      309.705      10.5000  2.67528e-09
      309.705      11.0000  2.93379e-09
      309.705      11.5000  3.20400e-09
      309.705      12.0000  3.48588e-09
      309.705      14.0000  4.72917e-09
      309.705      16.0000  6.15473e-09
      309.705      18.0000  7.76004e-09
      309.705      20.0000  9.53970e-09
      309.705      25.0000  1.47170e-08
      309.705      30.0000  2.08489e-08
      309.705      35.0000  2.78123e-08
      309.705      40.0000  3.54719e-08
      309.705      45.0000  4.37012e-08
      309.705      50.0000  5.23903e-08
      309.705      55.0000  6.14207e-08
      309.705      60.0000  7.07007e-08
      309.705      65.0000  8.01501e-08
      309.705      70.0000  8.97109e-08
      309.705      75.0000  9.93184e-08
      309.705      80.0000  1.08914e-07
      309.705      85.0000  1.18482e-07
      309.705      90.0000  1.28015e-07
      309.705      95.0000  1.37444e-07
      309.705      100.000  1.46796e-07
      309.705      110.000  1.65376e-07
      309.705      120.000  1.83746e-07
      309.705      130.000  2.02341e-07
      309.705      140.000  2.21494e-07
      309.705      150.000  2.41398e-07
      309.705      160.000  2.62976e-07
      309.705      170.000  2.86667e-07
      309.705      180.000  3.13698e-07
      309.705      190.000  3.43883e-07
      309.705      200.000  3.79850e-07
      309.705      210.000  4.20537e-07
      309.705      220.000  4.69891e-07
      309.705      230.000  5.28372e-07
      309.705      240.000  5.94357e-07
      309.705      250.000  6.73633e-07
      309.705      260.000  7.65014e-07
      309.705      270.000  8.75735e-07
      309.705      280.000  9.92487e-07
      309.705      290.000  1.13887e-06
      309.705      300.000  1.27976e-06
      309.705      310.000  1.45480e-06
      309.705      320.000  1.66035e-06
      309.705      330.000  1.80040e-06
      309.705      340.000  1.95843e-06
      309.705      350.000  2.17584e-06
      309.705      360.000  2.24255e-06
      309.705      365.000  2.29549e-06
      309.705      370.000  2.34639e-06
      309.705      380.000  2.43386e-06
      309.705      390.000  2.48679e-06
      309.705      400.000  2.50860e-06
      309.705      410.000  2.50239e-06
      309.705      420.000  2.49202e-06
      309.705      430.000  2.47606e-06
      309.705      440.000  2.45797e-06
      309.705      450.000  2.44571e-06
      309.705      460.000  2.43816e-06
      309.705      470.000  2.44496e-06
      309.705      480.000  2.46945e-06
      309.705      490.000  2.49908e-06
      309.705      500.000  2.55408e-06
      309.705      510.000  2.62443e-06
      309.705      520.000  2.72224e-06
      309.705      530.000  2.83176e-06
      309.705      540.000  2.95373e-06
      309.705      550.000  3.08551e-06
      309.705      560.000  3.22362e-06
      309.705      570.000  3.34214e-06
      309.705      580.000  3.43156e-06
      309.705      590.000  3.51544e-06
      309.705      600.000  3.56296e-06
      309.705      610.000  3.59396e-06
      309.705      620.000  3.59207e-06
      309.705      630.000  3.55243e-06
      309.705      640.000  3.48000e-06
      309.705      650.000  3.41247e-06
      309.705      660.000  3.34391e-06
      309.705      670.000  3.27632e-06
      309.705      680.000  3.22103e-06
      309.705      690.000  3.18151e-06
      309.705      700.000  3.14911e-06
      309.705      710.000  3.14103e-06
      309.705      720.000  3.15126e-06
      309.705      730.000  3.19108e-06
      309.705      740.000  3.23976e-06
      309.705      750.000  3.32736e-06
      309.705      760.000  3.40698e-06
      309.705      770.000  3.53353e-06
      309.705      780.000  3.73041e-06
      309.705      790.000  3.73970e-06
      309.705      800.000  3.86154e-06
      309.705      810.000  3.89080e-06
      309.705      820.000  3.89049e-06
      309.705      830.000  3.88582e-06
      309.705      840.000  3.86172e-06
      309.705      850.000  3.79834e-06
      309.705      860.000  3.69589e-06
      309.705      870.000  3.56688e-06
      309.705      880.000  3.42331e-06
      309.705      890.000  3.27321e-06
      309.705      900.000  3.12326e-06
      309.705      910.000  2.97877e-06
      309.705      920.000  2.83651e-06
      309.705      930.000  2.70615e-06
      309.705      940.000  2.58361e-06
      309.705      950.000  2.47354e-06
      309.705      960.000  2.37195e-06
      309.705      970.000  2.28470e-06
      309.705      980.000  2.20179e-06
      309.705      990.000  2.13455e-06
      309.705      1000.00  2.09950e-06
      309.705      1010.00  2.00732e-06
      309.705      1020.00  1.95571e-06
      309.705      1030.00  1.89037e-06
      309.705      1040.00  1.82357e-06
      309.705      1050.00  1.76097e-06
      309.705      1060.00  1.69872e-06
      309.705      1070.00  1.63303e-06
      309.705      1080.00  1.56365e-06
      309.705      1090.00  1.49222e-06
      309.705      1100.00  1.42166e-06
      309.705      1110.00  1.35342e-06
      309.705      1120.00  1.28837e-06
      309.705      1130.00  1.22687e-06
      309.705      1140.00  1.17038e-06
      309.705      1150.00  1.11570e-06
      309.705      1160.00  1.06746e-06
      309.705      1170.00  1.02129e-06
      309.705      1180.00  9.80132e-07
      309.705      1190.00  9.41283e-07
      309.705      1200.00  9.07532e-07
      309.705      1210.00  8.72776e-07
      309.705      1220.00  8.43211e-07
      309.705      1230.00  8.19133e-07
      309.705      1240.00  7.83279e-07
      309.705      1250.00  7.51436e-07
      309.705      1260.00  7.21452e-07
      309.705      1270.00  6.92281e-07
      309.705      1280.00  6.62729e-07
      309.705      1290.00  6.32476e-07
      309.705      1300.00  6.02217e-07
      309.705      1325.00  5.29841e-07
      309.705      1350.00  4.65640e-07
      309.705      1375.00  4.10012e-07
      309.705      1400.00  3.60982e-07
      309.705      1425.00  3.17957e-07
      309.705      1450.00  2.79527e-07
      309.705      1475.00  2.45547e-07
      309.705      1500.00  2.16455e-07
      309.705      1525.00  1.91986e-07
      309.705      1550.00  1.71718e-07
      309.705      1575.00  1.55133e-07
      309.705      1600.00  1.41176e-07
      309.705      1625.00  1.28556e-07
      309.705      1650.00  1.16663e-07
      309.705      1675.00  1.05348e-07
      309.705      1700.00  9.46184e-08
      309.705      1725.00  8.49788e-08
      309.705      1750.00  7.65610e-08
      309.705      1775.00  6.93496e-08
      309.705      1800.00  6.32675e-08
      309.705      1825.00  5.79602e-08
      309.705      1850.00  5.31626e-08
      309.705      1875.00  4.87715e-08
      309.705      1900.00  4.47254e-08
      309.705      1925.00  4.09662e-08
      309.705      1950.00  3.77302e-08
      309.705      1975.00  3.50590e-08
      309.705      2000.00  3.27834e-08
      309.705      2025.00  3.08626e-08
      309.705      2050.00  2.93062e-08
      309.705      2075.00  2.76011e-08
      309.705      2100.00  2.59902e-08
      309.705      2125.00  2.43850e-08
      309.705      2150.00  2.28006e-08
      309.705      2175.00  2.12571e-08
      309.705      2200.00  1.97742e-08
      309.705      2225.00  1.83654e-08
      309.705      2250.00  1.70444e-08
      309.705      2275.00  1.57968e-08
      309.705      2300.00  1.46299e-08
      309.705      2325.00  1.35506e-08
      309.705      2350.00  1.25529e-08
      309.705      2375.00  1.16437e-08
      309.705      2400.00  1.08273e-08

      400.000     0.100000  2.00676e-13
      400.000     0.200000  8.02643e-13
      400.000     0.300000  1.80580e-12
      400.000     0.400000  3.20998e-12
      400.000     0.500000  5.01525e-12
      400.000     0.600000  7.22134e-12
      400.000     0.700000  9.82816e-12
      400.000     0.800000  1.28357e-11
      400.000     0.900000  1.62438e-11
      400.000      1.00000  2.00525e-11
      400.000      1.10000  2.42615e-11
      400.000      1.20000  2.88710e-11
      400.000      1.30000  3.38809e-11
      400.000      1.40000  3.92904e-11
      400.000      1.50000  4.51002e-11
      400.000      1.60000  5.13094e-11
      400.000      1.70000  5.79186e-11
      400.000      2.00000  8.01443e-11
      400.000      2.50000  1.25175e-10
      400.000      3.00000  1.80179e-10
      400.000      3.50000  2.45144e-10
      400.000      4.00000  3.20054e-10
      400.000      4.50000  4.04903e-10
      400.000      5.00000  4.99667e-10
      400.000      5.50000  6.04333e-10
      400.000      6.00000  7.18900e-10
      400.000      6.50000  8.43347e-10
      400.000      7.00000  9.77635e-10
      400.000      7.50000  1.12178e-09
      400.000      8.00000  1.27579e-09
      400.000      8.50000  1.43953e-09
      400.000      9.00000  1.61314e-09
      400.000      9.50000  1.79651e-09
      400.000      10.0000  1.98961e-09
      400.000      10.5000  2.19242e-09
      400.000      11.0000  2.40500e-09
      400.000      11.5000  2.62726e-09
      400.000      12.0000  2.85924e-09
      400.000      14.0000  3.88321e-09
      400.000      16.0000  5.05999e-09
      400.000      18.0000  6.38817e-09
      400.000      20.0000  7.86382e-09
      400.000      25.0000  1.21818e-08
      400.000      30.0000  1.73457e-08
      400.000      35.0000  2.32801e-08
      400.000      40.0000  2.99021e-08
      400.000      45.0000  3.71311e-08
      400.000      50.0000  4.48746e-08
      400.000      55.0000  5.30563e-08
      400.000      60.0000  6.16010e-08
      400.000      65.0000  7.04538e-08
      400.000      70.0000  7.95594e-08
      400.000      75.0000  8.88594e-08
      400.000      80.0000  9.83114e-08
      400.000      85.0000  1.07890e-07
      400.000      90.0000  1.17615e-07
      400.000      95.0000  1.27340e-07
      400.000      100.000  1.37149e-07
      400.000      110.000  1.56931e-07
      400.000      120.000  1.77042e-07
      400.000      130.000  1.97458e-07
      400.000      140.000  2.18521e-07
      400.000      150.000  2.40424e-07
      400.000      160.000  2.63475e-07
      400.000      170.000  2.88418e-07
      400.000      180.000  3.15230e-07
      400.000      190.000  3.45124e-07
      400.000      200.000  3.78025e-07
      400.000      210.000  4.14988e-07
      400.000      220.000  4.57258e-07
      400.000      230.000  5.04266e-07
      400.000      240.000  5.59608e-07
      400.000      250.000  6.19718e-07
      400.000      260.000  6.90107e-07
      400.000      270.000  7.67510e-07
      400.000      280.000  8.51854e-07
      400.000      290.000  9.53174e-07
      400.000      300.000  1.05165e-06
      400.000      310.000  1.16846e-06
      400.000      320.000  1.27757e-06
      400.000      330.000  1.39054e-06
      400.000      340.000  1.51182e-06
      400.000      350.000  1.60351e-06
      400.000      360.000  1.69132e-06
      400.000      365.000  1.73280e-06
      400.000      370.000  1.77426e-06
      400.000      380.000  1.85116e-06
      400.000      390.000  1.91204e-06
      400.000      400.000  1.95676e-06
      400.000      410.000  1.98423e-06
      400.000      420.000  2.01265e-06
      400.000      430.000  2.03584e-06
      400.000      440.000  2.05825e-06
      400.000      450.000  2.08448e-06
      400.000      460.000  2.11307e-06
      400.000      470.000  2.15002e-06
      400.000      480.000  2.19450e-06
      400.000      490.000  2.24616e-06
      400.000      500.000  2.31493e-06
      400.000      510.000  2.38811e-06
      400.000      520.000  2.48312e-06
      400.000      530.000  2.57594e-06
      400.000      540.000  2.68052e-06
      400.000      550.000  2.81625e-06
      400.000      560.000  2.89190e-06
      400.000      570.000  2.98525e-06
      400.000      580.000  3.07725e-06
      400.000      590.000  3.14496e-06
      400.000      600.000  3.20288e-06
      400.000      610.000  3.25481e-06
      400.000      620.000  3.28823e-06
      400.000      630.000  3.30049e-06
      400.000      640.000  3.28984e-06
      400.000      650.000  3.28567e-06
      400.000      660.000  3.27793e-06
      400.000      670.000  3.27266e-06
      400.000      680.000  3.27617e-06
      400.000      690.000  3.28658e-06
      400.000      700.000  3.31420e-06
      400.000      710.000  3.34941e-06
      400.000      720.000  3.40784e-06
      400.000      730.000  3.47465e-06
      400.000      740.000  3.55249e-06
      400.000      750.000  3.66508e-06
      400.000      760.000  3.76487e-06
      400.000      770.000  3.89176e-06
      400.000      780.000  4.00076e-06
      400.000      790.000  4.05279e-06
      400.000      800.000  4.21021e-06
      400.000      810.000  4.23056e-06
      400.000      820.000  4.24660e-06
      400.000      830.000  4.26127e-06
      400.000      840.000  4.26064e-06
      400.000      850.000  4.22881e-06
      400.000      860.000  4.16383e-06
      400.000      870.000  4.07330e-06
      400.000      880.000  3.96519e-06
      400.000      890.000  3.84786e-06
      400.000      900.000  3.72876e-06
      400.000      910.000  3.60868e-06
      400.000      920.000  3.49448e-06
      400.000      930.000  3.38371e-06
      400.000      940.000  3.28354e-06
      400.000      950.000  3.18839e-06
      400.000      960.000  3.10169e-06
      400.000      970.000  3.03007e-06
      400.000      980.000  2.95888e-06
      400.000      990.000  2.90035e-06
      400.000      1000.00  2.84193e-06
      400.000      1010.00  2.77074e-06
      400.000      1020.00  2.73586e-06
      400.000      1030.00  2.66446e-06
      400.000      1040.00  2.59571e-06
      400.000      1050.00  2.53146e-06
      400.000      1060.00  2.46731e-06
      400.000      1070.00  2.39796e-06
      400.000      1080.00  2.32333e-06
      400.000      1090.00  2.24476e-06
      400.000      1100.00  2.16507e-06
      400.000      1110.00  2.08715e-06
      400.000      1120.00  2.01105e-06
      400.000      1130.00  1.93986e-06
      400.000      1140.00  1.87182e-06
      400.000      1150.00  1.80906e-06
      400.000      1160.00  1.75162e-06
      400.000      1170.00  1.69741e-06
      400.000      1180.00  1.65119e-06
      400.000      1190.00  1.60571e-06
      400.000      1200.00  1.56820e-06
      400.000      1210.00  1.52796e-06
      400.000      1220.00  1.48404e-06
      400.000      1230.00  1.45698e-06
      400.000      1240.00  1.41152e-06
      400.000      1250.00  1.36755e-06
      400.000      1260.00  1.32599e-06
      400.000      1270.00  1.28469e-06
      400.000      1280.00  1.24129e-06
      400.000      1290.00  1.19513e-06
      400.000      1300.00  1.14694e-06
      400.000      1325.00  1.02508e-06
      400.000      1350.00  9.09838e-07
      400.000      1375.00  8.05097e-07
      400.000      1400.00  7.11528e-07
      400.000      1425.00  6.28676e-07
      400.000      1450.00  5.55494e-07
      400.000      1475.00  4.91005e-07
      400.000      1500.00  4.35108e-07
      400.000      1525.00  3.87117e-07
      400.000      1550.00  3.46242e-07
      400.000      1575.00  3.11513e-07
      400.000      1600.00  2.81179e-07
      400.000      1625.00  2.54006e-07
      400.000      1650.00  2.29535e-07
      400.000      1675.00  2.07181e-07
      400.000      1700.00  1.86651e-07
      400.000      1725.00  1.68325e-07
      400.000      1750.00  1.52272e-07
      400.000      1775.00  1.38372e-07
      400.000      1800.00  1.26338e-07
      400.000      1825.00  1.15678e-07
      400.000      1850.00  1.06097e-07
      400.000      1875.00  9.73365e-08
      400.000      1900.00  8.92034e-08
      400.000      1925.00  8.17502e-08
      400.000      1950.00  7.51440e-08
      400.000      1975.00  6.94137e-08
      400.000      2000.00  6.44757e-08
      400.000      2025.00  6.01835e-08
      400.000      2050.00  5.63644e-08
      400.000      2075.00  5.25863e-08
      400.000      2100.00  4.90885e-08
      400.000      2125.00  4.56819e-08
      400.000      2150.00  4.24318e-08
      400.000      2175.00  3.93855e-08
      400.000      2200.00  3.65642e-08
      400.000      2225.00  3.39726e-08
      400.000      2250.00  3.15880e-08
      400.000      2275.00  2.93809e-08
      400.000      2300.00  2.73227e-08
      400.000      2325.00  2.54182e-08
      400.000      2350.00  2.36462e-08
      400.000      2375.00  2.20213e-08
      400.000      2400.00  2.05446e-08

