      40.0000     0.100000  2.97308e-12
      40.0000     0.200000  1.18763e-11
      40.0000     0.300000  2.66933e-11
      40.0000     0.400000  4.74162e-11
      40.0000     0.500000  7.40445e-11
      40.0000     0.600000  1.06585e-10
      40.0000     0.700000  1.45048e-10
      40.0000     0.800000  1.89454e-10
      40.0000     0.900000  2.39830e-10
      40.0000      1.00000  2.96206e-10
      40.0000      1.10000  3.58624e-10
      40.0000      1.20000  4.27133e-10
      40.0000      1.30000  5.01786e-10
      40.0000      1.40000  5.82641e-10
      40.0000      1.50000  6.69764e-10
      40.0000      1.60000  7.63229e-10
      40.0000      1.70000  8.63096e-10
      40.0000      2.00000  1.20173e-09
      40.0000      2.50000  1.89764e-09
      40.0000      3.00000  2.75213e-09
      40.0000      3.50000  3.74840e-09
      40.0000      4.00000  4.86969e-09
      40.0000      4.50000  6.10701e-09
      40.0000      5.00000  7.45749e-09
      40.0000      5.50000  8.92052e-09
      40.0000      6.00000  1.04951e-08
      40.0000      6.50000  1.21796e-08
      40.0000      7.00000  1.39717e-08
      40.0000      7.50000  1.58685e-08
      40.0000      8.00000  1.78671e-08
      40.0000      8.50000  1.99646e-08
      40.0000      9.00000  2.21581e-08
      40.0000      9.50000  2.44451e-08
      40.0000      10.0000  2.68231e-08
      40.0000      10.5000  2.92904e-08
      40.0000      11.0000  3.18456e-08
      40.0000      11.5000  3.44870e-08
      40.0000      12.0000  3.72142e-08
      40.0000      14.0000  4.89534e-08
      40.0000      16.0000  6.19063e-08
      40.0000      18.0000  7.57879e-08
      40.0000      20.0000  9.02064e-08
      40.0000      25.0000  1.26235e-07
      40.0000      30.0000  1.59134e-07
      40.0000      35.0000  1.86704e-07
      40.0000      40.0000  2.08241e-07
      40.0000      45.0000  2.23922e-07
      40.0000      50.0000  2.34402e-07
      40.0000      55.0000  2.40496e-07
      40.0000      60.0000  2.42991e-07
      40.0000      65.0000  2.42633e-07
      40.0000      70.0000  2.40062e-07
      40.0000      75.0000  2.35843e-07
      40.0000      80.0000  2.30409e-07
      40.0000      85.0000  2.24111e-07
      40.0000      90.0000  2.17243e-07
      40.0000      95.0000  2.10017e-07
      40.0000      100.000  2.02617e-07
      40.0000      110.000  1.87763e-07
      40.0000      120.000  1.73344e-07
      40.0000      130.000  1.59735e-07
      40.0000      140.000  1.47094e-07
      40.0000      150.000  1.35458e-07
      40.0000      160.000  1.24826e-07
      40.0000      170.000  1.15212e-07
      40.0000      180.000  1.06460e-07
      40.0000      190.000  9.86144e-08
      40.0000      200.000  9.17072e-08
      40.0000      210.000  8.58360e-08
      40.0000      220.000  8.12539e-08
      40.0000      230.000  7.84155e-08
      40.0000      240.000  7.80961e-08
      40.0000      250.000  8.17771e-08
      40.0000      260.000  9.22643e-08
      40.0000      270.000  1.14566e-07
      40.0000      280.000  1.61080e-07
      40.0000      290.000  2.56185e-07
      40.0000      300.000  4.45864e-07
      40.0000      310.000  7.37505e-07
      40.0000      320.000  1.27864e-06
      40.0000      330.000  2.12567e-06
      40.0000      340.000  3.22364e-06
      40.0000      350.000  4.89559e-06
      40.0000      360.000  6.17542e-06
      40.0000      365.000  5.89667e-06
      40.0000      370.000  6.02096e-06
      40.0000      380.000  5.94118e-06
      40.0000      390.000  5.23190e-06
      40.0000      400.000  4.43389e-06
      40.0000      410.000  3.61531e-06
      40.0000      420.000  3.01787e-06
      40.0000      430.000  2.52515e-06
      40.0000      440.000  2.12504e-06
      40.0000      450.000  1.80042e-06
      40.0000      460.000  1.53853e-06
      40.0000      470.000  1.32785e-06
      40.0000      480.000  1.16102e-06
      40.0000      490.000  1.03446e-06
      40.0000      500.000  9.48560e-07
      40.0000      510.000  9.11360e-07
      40.0000      520.000  9.45220e-07
      40.0000      530.000  1.11800e-06
      40.0000      540.000  1.46026e-06
      40.0000      550.000  2.11586e-06
      40.0000      560.000  3.22222e-06
      40.0000      570.000  4.69967e-06
      40.0000      580.000  6.78856e-06
      40.0000      590.000  8.56500e-06
      40.0000      600.000  8.59208e-06
      40.0000      610.000  8.57899e-06
      40.0000      620.000  7.69812e-06
      40.0000      630.000  6.53844e-06
      40.0000      640.000  5.34621e-06
      40.0000      650.000  4.44111e-06
      40.0000      660.000  3.69619e-06
      40.0000      670.000  3.09435e-06
      40.0000      680.000  2.61107e-06
      40.0000      690.000  2.22353e-06
      40.0000      700.000  1.91320e-06
      40.0000      710.000  1.66068e-06
      40.0000      720.000  1.44466e-06
      40.0000      730.000  1.26499e-06
      40.0000      740.000  1.10790e-06
      40.0000      750.000  9.73038e-07
      40.0000      760.000  8.57708e-07
      40.0000      770.000  7.59053e-07
      40.0000      780.000  6.74457e-07
      40.0000      790.000  6.01702e-07
      40.0000      800.000  5.38742e-07
      40.0000      810.000  4.83986e-07
      40.0000      820.000  4.36200e-07
      40.0000      830.000  3.94333e-07
      40.0000      840.000  3.57694e-07
      40.0000      850.000  3.25264e-07
      40.0000      860.000  2.96833e-07
      40.0000      870.000  2.72054e-07
      40.0000      880.000  2.51719e-07
      40.0000      890.000  2.35099e-07
      40.0000      900.000  2.23819e-07
      40.0000      910.000  2.19302e-07
      40.0000      920.000  2.22080e-07
      40.0000      930.000  2.31883e-07
      40.0000      940.000  2.53280e-07
      40.0000      950.000  2.47138e-07
      40.0000      960.000  2.36602e-07
      40.0000      970.000  2.19492e-07
      40.0000      980.000  1.95725e-07
      40.0000      990.000  1.72022e-07
      40.0000      1000.00  1.50990e-07
      40.0000      1010.00  1.33081e-07
      40.0000      1020.00  1.18017e-07
      40.0000      1030.00  1.05361e-07
      40.0000      1040.00  9.46847e-08
      40.0000      1050.00  8.55766e-08
      40.0000      1060.00  7.77946e-08
      40.0000      1070.00  7.11208e-08
      40.0000      1080.00  6.54290e-08
      40.0000      1090.00  6.06567e-08
      40.0000      1100.00  5.70196e-08
      40.0000      1110.00  5.44224e-08
      40.0000      1120.00  5.32395e-08
      40.0000      1130.00  5.40880e-08
      40.0000      1140.00  5.80026e-08
      40.0000      1150.00  6.55684e-08
      40.0000      1160.00  7.67605e-08
      40.0000      1170.00  9.42330e-08
      40.0000      1180.00  1.00772e-07
      40.0000      1190.00  9.86607e-08
      40.0000      1200.00  9.48008e-08
      40.0000      1210.00  8.58409e-08
      40.0000      1220.00  7.58047e-08
      40.0000      1230.00  6.65544e-08
      40.0000      1240.00  5.85749e-08
      40.0000      1250.00  5.18396e-08
      40.0000      1260.00  4.61779e-08
      40.0000      1270.00  4.13968e-08
      40.0000      1280.00  3.73269e-08
      40.0000      1290.00  3.38301e-08
      40.0000      1300.00  3.07984e-08
      40.0000      1325.00  2.47436e-08
      40.0000      1350.00  2.02253e-08
      40.0000      1375.00  1.67404e-08
      40.0000      1400.00  1.39818e-08
      40.0000      1425.00  1.17652e-08
      40.0000      1450.00  9.96683e-09
      40.0000      1475.00  8.50657e-09
      40.0000      1500.00  7.33534e-09
      40.0000      1525.00  6.53122e-09
      40.0000      1550.00  6.23704e-09
      40.0000      1575.00  7.06849e-09
      40.0000      1600.00  9.33768e-09
      40.0000      1625.00  1.43682e-08
      40.0000      1650.00  1.55183e-08
      40.0000      1675.00  1.60243e-08
      40.0000      1700.00  1.52869e-08
      40.0000      1725.00  1.37033e-08
      40.0000      1750.00  1.18842e-08
      40.0000      1775.00  1.01362e-08
      40.0000      1800.00  8.57426e-09
      40.0000      1825.00  7.22606e-09
      40.0000      1850.00  6.08249e-09
      40.0000      1875.00  5.12114e-09
      40.0000      1900.00  4.31638e-09
      40.0000      1925.00  3.64447e-09
      40.0000      1950.00  3.08343e-09
      40.0000      1975.00  2.61474e-09
      40.0000      2000.00  2.22208e-09
      40.0000      2025.00  1.89298e-09
      40.0000      2050.00  1.61665e-09
      40.0000      2075.00  1.38410e-09
      40.0000      2100.00  1.18754e-09
      40.0000      2125.00  1.02125e-09
      40.0000      2150.00  8.80550e-10
      40.0000      2175.00  7.61013e-10
      40.0000      2200.00  6.58947e-10
      40.0000      2225.00  5.71666e-10
      40.0000      2250.00  4.97154e-10
      40.0000      2275.00  4.33294e-10
      40.0000      2300.00  3.78351e-10
      40.0000      2325.00  3.30822e-10
      40.0000      2350.00  2.89816e-10
      40.0000      2375.00  2.54480e-10
      40.0000      2400.00  2.23920e-10

      51.6620     0.100000  2.11738e-12
      51.6620     0.200000  8.46229e-12
      51.6620     0.300000  1.90272e-11
      51.6620     0.400000  3.38096e-11
      51.6620     0.500000  5.28114e-11
      51.6620     0.600000  7.60393e-11
      51.6620     0.700000  1.03506e-10
      51.6620     0.800000  1.35229e-10
      51.6620     0.900000  1.71226e-10
      51.6620      1.00000  2.11527e-10
      51.6620      1.10000  2.56157e-10
      51.6620      1.20000  3.05142e-10
      51.6620      1.30000  3.58519e-10
      51.6620      1.40000  4.16312e-10
      51.6620      1.50000  4.78542e-10
      51.6620      1.60000  5.45229e-10
      51.6620      1.70000  6.16387e-10
      51.6620      2.00000  8.56633e-10
      51.6620      2.50000  1.34481e-09
      51.6620      3.00000  1.93758e-09
      51.6620      3.50000  2.62882e-09
      51.6620      4.00000  3.41448e-09
      51.6620      4.50000  4.29254e-09
      51.6620      5.00000  5.26145e-09
      51.6620      5.50000  6.31987e-09
      51.6620      6.00000  7.46599e-09
      51.6620      6.50000  8.69804e-09
      51.6620      7.00000  1.00141e-08
      51.6620      7.50000  1.14119e-08
      51.6620      8.00000  1.28895e-08
      51.6620      8.50000  1.44448e-08
      51.6620      9.00000  1.60757e-08
      51.6620      9.50000  1.77807e-08
      51.6620      10.0000  1.95580e-08
      51.6620      10.5000  2.14063e-08
      51.6620      11.0000  2.33247e-08
      51.6620      11.5000  2.53123e-08
      51.6620      12.0000  2.73683e-08
      51.6620      14.0000  3.62570e-08
      51.6620      16.0000  4.61288e-08
      51.6620      18.0000  5.68088e-08
      51.6620      20.0000  6.80703e-08
      51.6620      25.0000  9.73062e-08
      51.6620      30.0000  1.25785e-07
      51.6620      35.0000  1.51476e-07
      51.6620      40.0000  1.73325e-07
      51.6620      45.0000  1.90992e-07
      51.6620      50.0000  2.04589e-07
      51.6620      55.0000  2.14451e-07
      51.6620      60.0000  2.21013e-07
      51.6620      65.0000  2.24748e-07
      51.6620      70.0000  2.26121e-07
      51.6620      75.0000  2.25565e-07
      51.6620      80.0000  2.23458e-07
      51.6620      85.0000  2.20125e-07
      51.6620      90.0000  2.15840e-07
      51.6620      95.0000  2.10853e-07
      51.6620      100.000  2.05358e-07
      51.6620      110.000  1.93442e-07
      51.6620      120.000  1.81009e-07
      51.6620      130.000  1.68666e-07
      51.6620      140.000  1.56795e-07
      51.6620      150.000  1.45542e-07
      51.6620      160.000  1.35145e-07
      51.6620      170.000  1.25663e-07
      51.6620      180.000  1.17163e-07
      51.6620      190.000  1.09668e-07
      51.6620      200.000  1.04189e-07
      51.6620      210.000  9.87992e-08
      51.6620      220.000  9.66532e-08
      51.6620      230.000  9.81542e-08
      51.6620      240.000  1.04292e-07
      51.6620      250.000  1.17026e-07
      51.6620      260.000  1.45285e-07
      51.6620      270.000  1.91064e-07
      51.6620      280.000  2.70064e-07
      51.6620      290.000  4.02435e-07
      51.6620      300.000  6.41751e-07
      51.6620      310.000  1.01055e-06
      51.6620      320.000  1.59781e-06
      51.6620      330.000  2.40433e-06
      51.6620      340.000  3.31585e-06
      51.6620      350.000  4.54435e-06
      51.6620      360.000  5.75761e-06
      51.6620      365.000  5.48379e-06
      51.6620      370.000  5.59642e-06
      51.6620      380.000  5.57184e-06
      51.6620      390.000  4.99095e-06
      51.6620      400.000  4.31895e-06
      51.6620      410.000  3.54287e-06
      51.6620      420.000  3.02024e-06
      51.6620      430.000  2.57309e-06
      51.6620      440.000  2.19956e-06
      51.6620      450.000  1.89164e-06
      51.6620      460.000  1.64022e-06
      51.6620      470.000  1.44002e-06
      51.6620      480.000  1.28024e-06
      51.6620      490.000  1.16983e-06
      51.6620      500.000  1.11685e-06
      51.6620      510.000  1.11814e-06
      51.6620      520.000  1.21054e-06
      51.6620      530.000  1.47645e-06
      51.6620      540.000  1.90046e-06
      51.6620      550.000  2.59976e-06
      51.6620      560.000  3.63078e-06
      51.6620      570.000  4.87748e-06
      51.6620      580.000  6.50340e-06
      51.6620      590.000  7.94120e-06
      51.6620      600.000  8.00768e-06
      51.6620      610.000  8.04057e-06
      51.6620      620.000  7.32039e-06
      51.6620      630.000  6.34734e-06
      51.6620      640.000  5.24358e-06
      51.6620      650.000  4.44779e-06
      51.6620      660.000  3.76803e-06
      51.6620      670.000  3.20135e-06
      51.6620      680.000  2.73409e-06
      51.6620      690.000  2.34978e-06
      51.6620      700.000  2.03489e-06
      51.6620      710.000  1.77334e-06
      51.6620      720.000  1.54914e-06
      51.6620      730.000  1.36070e-06
      51.6620      740.000  1.19711e-06
      51.6620      750.000  1.05604e-06
      51.6620      760.000  9.34522e-07
      51.6620      770.000  8.29840e-07
      51.6620      780.000  7.39557e-07
      51.6620      790.000  6.61383e-07
      51.6620      800.000  5.93500e-07
      51.6620      810.000  5.34247e-07
      51.6620      820.000  4.82388e-07
      51.6620      830.000  4.36886e-07
      51.6620      840.000  3.96932e-07
      51.6620      850.000  3.61787e-07
      51.6620      860.000  3.31235e-07
      51.6620      870.000  3.04697e-07
      51.6620      880.000  2.82453e-07
      51.6620      890.000  2.65260e-07
      51.6620      900.000  2.54288e-07
      51.6620      910.000  2.47649e-07
      51.6620      920.000  2.46220e-07
      51.6620      930.000  2.53629e-07
      51.6620      940.000  2.61559e-07
      51.6620      950.000  2.52273e-07
      51.6620      960.000  2.40846e-07
      51.6620      970.000  2.24816e-07
      51.6620      980.000  2.03592e-07
      51.6620      990.000  1.81856e-07
      51.6620      1000.00  1.61908e-07
      51.6620      1010.00  1.44397e-07
      51.6620      1020.00  1.29285e-07
      51.6620      1030.00  1.16295e-07
      51.6620      1040.00  1.05149e-07
      51.6620      1050.00  9.55688e-08
      51.6620      1060.00  8.73255e-08
      51.6620      1070.00  8.02819e-08
      51.6620      1080.00  7.45506e-08
      51.6620      1090.00  6.94461e-08
      51.6620      1100.00  6.55671e-08
      51.6620      1110.00  6.29816e-08
      51.6620      1120.00  6.27110e-08
      51.6620      1130.00  6.38263e-08
      51.6620      1140.00  6.73057e-08
      51.6620      1150.00  7.37271e-08
      51.6620      1160.00  8.78676e-08
      51.6620      1170.00  9.60972e-08
      51.6620      1180.00  9.78583e-08
      51.6620      1190.00  9.60860e-08
      51.6620      1200.00  9.25860e-08
      51.6620      1210.00  8.52426e-08
      51.6620      1220.00  7.66440e-08
      51.6620      1230.00  6.83756e-08
      51.6620      1240.00  6.09863e-08
      51.6620      1250.00  5.45656e-08
      51.6620      1260.00  4.90355e-08
      51.6620      1270.00  4.42730e-08
      51.6620      1280.00  4.01568e-08
      51.6620      1290.00  3.65751e-08
      51.6620      1300.00  3.34409e-08
      51.6620      1325.00  2.70991e-08
      51.6620      1350.00  2.23027e-08
      51.6620      1375.00  1.85645e-08
      51.6620      1400.00  1.55876e-08
      51.6620      1425.00  1.31851e-08
      51.6620      1450.00  1.12354e-08
      51.6620      1475.00  9.66822e-09
      51.6620      1500.00  8.46973e-09
      51.6620      1525.00  7.70635e-09
      51.6620      1550.00  7.68190e-09
      51.6620      1575.00  8.54146e-09
      51.6620      1600.00  1.07484e-08
      51.6620      1625.00  1.45276e-08
      51.6620      1650.00  1.54626e-08
      51.6620      1675.00  1.58269e-08
      51.6620      1700.00  1.51952e-08
      51.6620      1725.00  1.38231e-08
      51.6620      1750.00  1.21794e-08
      51.6620      1775.00  1.05420e-08
      51.6620      1800.00  9.03390e-09
      51.6620      1825.00  7.70025e-09
      51.6620      1850.00  6.54607e-09
      51.6620      1875.00  5.55934e-09
      51.6620      1900.00  4.72190e-09
      51.6620      1925.00  4.01363e-09
      51.6620      1950.00  3.41629e-09
      51.6620      1975.00  2.91234e-09
      51.6620      2000.00  2.48693e-09
      51.6620      2025.00  2.12796e-09
      51.6620      2050.00  1.82439e-09
      51.6620      2075.00  1.56732e-09
      51.6620      2100.00  1.34925e-09
      51.6620      2125.00  1.16389e-09
      51.6620      2150.00  1.00619e-09
      51.6620      2175.00  8.71587e-10
      51.6620      2200.00  7.56452e-10
      51.6620      2225.00  6.57762e-10
      51.6620      2250.00  5.73132e-10
      51.6620      2275.00  5.00350e-10
      51.6620      2300.00  4.37581e-10
      51.6620      2325.00  3.83310e-10
      51.6620      2350.00  3.36371e-10
      51.6620      2375.00  2.95721e-10
      51.6620      2400.00  2.60441e-10

      66.7240     0.100000  1.51664e-12
      66.7240     0.200000  6.06671e-12
      66.7240     0.300000  1.36527e-11
      66.7240     0.400000  2.42797e-11
      66.7240     0.500000  3.79551e-11
      66.7240     0.600000  5.46872e-11
      66.7240     0.700000  7.44865e-11
      66.7240     0.800000  9.73612e-11
      66.7240     0.900000  1.23322e-10
      66.7240      1.00000  1.52376e-10
      66.7240      1.10000  1.84527e-10
      66.7240      1.20000  2.19782e-10
      66.7240      1.30000  2.58135e-10
      66.7240      1.40000  2.99586e-10
      66.7240      1.50000  3.44127e-10
      66.7240      1.60000  3.91751e-10
      66.7240      1.70000  4.42442e-10
      66.7240      2.00000  6.12801e-10
      66.7240      2.50000  9.56669e-10
      66.7240      3.00000  1.37382e-09
      66.7240      3.50000  1.86281e-09
      66.7240      4.00000  2.42255e-09
      66.7240      4.50000  3.05213e-09
      66.7240      5.00000  3.75061e-09
      66.7240      5.50000  4.51717e-09
      66.7240      6.00000  5.35076e-09
      66.7240      6.50000  6.25030e-09
      66.7240      7.00000  7.21444e-09
      66.7240      7.50000  8.24180e-09
      66.7240      8.00000  9.33079e-09
      66.7240      8.50000  1.04798e-08
      66.7240      9.00000  1.16876e-08
      66.7240      9.50000  1.29526e-08
      66.7240      10.0000  1.42742e-08
      66.7240      10.5000  1.56513e-08
      66.7240      11.0000  1.70833e-08
      66.7240      11.5000  1.85700e-08
      66.7240      12.0000  2.01103e-08
      66.7240      14.0000  2.67975e-08
      66.7240      16.0000  3.42730e-08
      66.7240      18.0000  4.24314e-08
      66.7240      20.0000  5.11390e-08
      66.7240      25.0000  7.44164e-08
      66.7240      30.0000  9.82648e-08
      66.7240      35.0000  1.21054e-07
      66.7240      40.0000  1.41736e-07
      66.7240      45.0000  1.59763e-07
      66.7240      50.0000  1.74912e-07
      66.7240      55.0000  1.87199e-07
      66.7240      60.0000  1.96768e-07
      66.7240      65.0000  2.03848e-07
      66.7240      70.0000  2.08705e-07
      66.7240      75.0000  2.11616e-07
      66.7240      80.0000  2.12862e-07
      66.7240      85.0000  2.12695e-07
      66.7240      90.0000  2.11345e-07
      66.7240      95.0000  2.09051e-07
      66.7240      100.000  2.05956e-07
      66.7240      110.000  1.98078e-07
      66.7240      120.000  1.88724e-07
      66.7240      130.000  1.78724e-07
      66.7240      140.000  1.68510e-07
      66.7240      150.000  1.58647e-07
      66.7240      160.000  1.49385e-07
      66.7240      170.000  1.40744e-07
      66.7240      180.000  1.33556e-07
      66.7240      190.000  1.27764e-07
      66.7240      200.000  1.23469e-07
      66.7240      210.000  1.22866e-07
      66.7240      220.000  1.25298e-07
      66.7240      230.000  1.32349e-07
      66.7240      240.000  1.49722e-07
      66.7240      250.000  1.77989e-07
      66.7240      260.000  2.23449e-07
      66.7240      270.000  2.98370e-07
      66.7240      280.000  4.13256e-07
      66.7240      290.000  5.90654e-07
      66.7240      300.000  8.77579e-07
      66.7240      310.000  1.26871e-06
      66.7240      320.000  1.82138e-06
      66.7240      330.000  2.55399e-06
      66.7240      340.000  3.36830e-06
      66.7240      350.000  4.22967e-06
      66.7240      360.000  5.34025e-06
      66.7240      365.000  5.09348e-06
      66.7240      370.000  5.20590e-06
      66.7240      380.000  5.22417e-06
      66.7240      390.000  4.75580e-06
      66.7240      400.000  4.20062e-06
      66.7240      410.000  3.49247e-06
      66.7240      420.000  3.04642e-06
      66.7240      430.000  2.64787e-06
      66.7240      440.000  2.30867e-06
      66.7240      450.000  2.02369e-06
      66.7240      460.000  1.78809e-06
      66.7240      470.000  1.60361e-06
      66.7240      480.000  1.46758e-06
      66.7240      490.000  1.38932e-06
      66.7240      500.000  1.35746e-06
      66.7240      510.000  1.41883e-06
      66.7240      520.000  1.55281e-06
      66.7240      530.000  1.89484e-06
      66.7240      540.000  2.34790e-06
      66.7240      550.000  3.03819e-06
      66.7240      560.000  4.04644e-06
      66.7240      570.000  5.18653e-06
      66.7240      580.000  6.20372e-06
      66.7240      590.000  7.46384e-06
      66.7240      600.000  7.49580e-06
      66.7240      610.000  7.56682e-06
      66.7240      620.000  6.98085e-06
      66.7240      630.000  6.17442e-06
      66.7240      640.000  5.17329e-06
      66.7240      650.000  4.48310e-06
      66.7240      660.000  3.87058e-06
      66.7240      670.000  3.34275e-06
      66.7240      680.000  2.89459e-06
      66.7240      690.000  2.51666e-06
      66.7240      700.000  2.19825e-06
      66.7240      710.000  1.92940e-06
      66.7240      720.000  1.69651e-06
      66.7240      730.000  1.49862e-06
      66.7240      740.000  1.32667e-06
      66.7240      750.000  1.17762e-06
      66.7240      760.000  1.04858e-06
      66.7240      770.000  9.36885e-07
      66.7240      780.000  8.41236e-07
      66.7240      790.000  7.56945e-07
      66.7240      800.000  6.85581e-07
      66.7240      810.000  6.21270e-07
      66.7240      820.000  5.65185e-07
      66.7240      830.000  5.14551e-07
      66.7240      840.000  4.69866e-07
      66.7240      850.000  4.29553e-07
      66.7240      860.000  3.94215e-07
      66.7240      870.000  3.63119e-07
      66.7240      880.000  3.37503e-07
      66.7240      890.000  3.16110e-07
      66.7240      900.000  3.01571e-07
      66.7240      910.000  2.90253e-07
      66.7240      920.000  2.86854e-07
      66.7240      930.000  2.81519e-07
      66.7240      940.000  2.81808e-07
      66.7240      950.000  2.71022e-07
      66.7240      960.000  2.57753e-07
      66.7240      970.000  2.41456e-07
      66.7240      980.000  2.21343e-07
      66.7240      990.000  2.00576e-07
      66.7240      1000.00  1.81029e-07
      66.7240      1010.00  1.63419e-07
      66.7240      1020.00  1.47847e-07
      66.7240      1030.00  1.34175e-07
      66.7240      1040.00  1.22291e-07
      66.7240      1050.00  1.11909e-07
      66.7240      1060.00  1.02955e-07
      66.7240      1070.00  9.52109e-08
      66.7240      1080.00  8.87206e-08
      66.7240      1090.00  8.33251e-08
      66.7240      1100.00  7.94356e-08
      66.7240      1110.00  7.65209e-08
      66.7240      1120.00  7.63458e-08
      66.7240      1130.00  7.63817e-08
      66.7240      1140.00  8.14614e-08
      66.7240      1150.00  8.44992e-08
      66.7240      1160.00  9.26981e-08
      66.7240      1170.00  9.67119e-08
      66.7240      1180.00  9.91842e-08
      66.7240      1190.00  9.73205e-08
      66.7240      1200.00  9.39051e-08
      66.7240      1210.00  8.76138e-08
      66.7240      1220.00  8.00787e-08
      66.7240      1230.00  7.25718e-08
      66.7240      1240.00  6.56343e-08
      66.7240      1250.00  5.94239e-08
      66.7240      1260.00  5.39374e-08
      66.7240      1270.00  4.91103e-08
      66.7240      1280.00  4.48636e-08
      66.7240      1290.00  4.11150e-08
      66.7240      1300.00  3.77942e-08
      66.7240      1325.00  3.09741e-08
      66.7240      1350.00  2.57388e-08
      66.7240      1375.00  2.16622e-08
      66.7240      1400.00  1.83911e-08
      66.7240      1425.00  1.57032e-08
      66.7240      1450.00  1.34784e-08
      66.7240      1475.00  1.17357e-08
      66.7240      1500.00  1.04715e-08
      66.7240      1525.00  9.76321e-09
      66.7240      1550.00  9.72116e-09
      66.7240      1575.00  1.06605e-08
      66.7240      1600.00  1.27195e-08
      66.7240      1625.00  1.52164e-08
      66.7240      1650.00  1.59167e-08
      66.7240      1675.00  1.61210e-08
      66.7240      1700.00  1.55354e-08
      66.7240      1725.00  1.43144e-08
      66.7240      1750.00  1.28082e-08
      66.7240      1775.00  1.12563e-08
      66.7240      1800.00  9.78530e-09
      66.7240      1825.00  8.44989e-09
      66.7240      1850.00  7.26797e-09
      66.7240      1875.00  6.23809e-09
      66.7240      1900.00  5.34930e-09
      66.7240      1925.00  4.58684e-09
      66.7240      1950.00  3.93533e-09
      66.7240      1975.00  3.38072e-09
      66.7240      2000.00  2.90844e-09
      66.7240      2025.00  2.50781e-09
      66.7240      2050.00  2.17079e-09
      66.7240      2075.00  1.87891e-09
      66.7240      2100.00  1.62949e-09
      66.7240      2125.00  1.41514e-09
      66.7240      2150.00  1.22999e-09
      66.7240      2175.00  1.07012e-09
      66.7240      2200.00  9.32211e-10
      66.7240      2225.00  8.13298e-10
      66.7240      2250.00  7.10486e-10
      66.7240      2275.00  6.21575e-10
      66.7240      2300.00  5.44673e-10
      66.7240      2325.00  4.78105e-10
      66.7240      2350.00  4.20313e-10
      66.7240      2375.00  3.70010e-10
      66.7240      2400.00  3.26197e-10

      86.1770     0.100000  1.11302e-12
      86.1770     0.200000  4.45305e-12
      86.1770     0.300000  1.00213e-11
      86.1770     0.400000  1.78190e-11
      86.1770     0.500000  2.78462e-11
      86.1770     0.600000  4.01028e-11
      86.1770     0.700000  5.45875e-11
      86.1770     0.800000  7.12995e-11
      86.1770     0.900000  9.02342e-11
      86.1770      1.00000  1.11392e-10
      86.1770      1.10000  1.34765e-10
      86.1770      1.20000  1.60353e-10
      86.1770      1.30000  1.88150e-10
      86.1770      1.40000  2.18151e-10
      86.1770      1.50000  2.50353e-10
      86.1770      1.60000  2.84754e-10
      86.1770      1.70000  3.21346e-10
      86.1770      2.00000  4.44239e-10
      86.1770      2.50000  6.92581e-10
      86.1770      3.00000  9.95050e-10
      86.1770      3.50000  1.35142e-09
      86.1770      4.00000  1.76145e-09
      86.1770      4.50000  2.22491e-09
      86.1770      5.00000  2.74142e-09
      86.1770      5.50000  3.31038e-09
      86.1770      6.00000  3.93092e-09
      86.1770      6.50000  4.60189e-09
      86.1770      7.00000  5.32216e-09
      86.1770      7.50000  6.09036e-09
      86.1770      8.00000  6.90516e-09
      86.1770      8.50000  7.76556e-09
      86.1770      9.00000  8.67072e-09
      86.1770      9.50000  9.61988e-09
      86.1770      10.0000  1.06126e-08
      86.1770      10.5000  1.16486e-08
      86.1770      11.0000  1.27273e-08
      86.1770      11.5000  1.38488e-08
      86.1770      12.0000  1.50127e-08
      86.1770      14.0000  2.00854e-08
      86.1770      16.0000  2.57946e-08
      86.1770      18.0000  3.20796e-08
      86.1770      20.0000  3.88631e-08
      86.1770      25.0000  5.74486e-08
      86.1770      30.0000  7.72396e-08
      86.1770      35.0000  9.69618e-08
      86.1770      40.0000  1.15734e-07
      86.1770      45.0000  1.32995e-07
      86.1770      50.0000  1.48412e-07
      86.1770      55.0000  1.61835e-07
      86.1770      60.0000  1.73238e-07
      86.1770      65.0000  1.82657e-07
      86.1770      70.0000  1.90187e-07
      86.1770      75.0000  1.95980e-07
      86.1770      80.0000  2.00211e-07
      86.1770      85.0000  2.03037e-07
      86.1770      90.0000  2.04598e-07
      86.1770      95.0000  2.05086e-07
      86.1770      100.000  2.04674e-07
      86.1770      110.000  2.01590e-07
      86.1770      120.000  1.96391e-07
      86.1770      130.000  1.89829e-07
      86.1770      140.000  1.82688e-07
      86.1770      150.000  1.75362e-07
      86.1770      160.000  1.68617e-07
      86.1770      170.000  1.62577e-07
      86.1770      180.000  1.58340e-07
      86.1770      190.000  1.55791e-07
      86.1770      200.000  1.56715e-07
      86.1770      210.000  1.61197e-07
      86.1770      220.000  1.72109e-07
      86.1770      230.000  1.91070e-07
      86.1770      240.000  2.21646e-07
      86.1770      250.000  2.68876e-07
      86.1770      260.000  3.39995e-07
      86.1770      270.000  4.45376e-07
      86.1770      280.000  5.99957e-07
      86.1770      290.000  8.23405e-07
      86.1770      300.000  1.13752e-06
      86.1770      310.000  1.48645e-06
      86.1770      320.000  2.00544e-06
      86.1770      330.000  2.61024e-06
      86.1770      340.000  3.22707e-06
      86.1770      350.000  3.91264e-06
      86.1770      360.000  4.52362e-06
      86.1770      365.000  4.47400e-06
      86.1770      370.000  4.56125e-06
      86.1770      380.000  4.58265e-06
      86.1770      390.000  4.30449e-06
      86.1770      400.000  3.92311e-06
      86.1770      410.000  3.44877e-06
      86.1770      420.000  3.07780e-06
      86.1770      430.000  2.73634e-06
      86.1770      440.000  2.43942e-06
      86.1770      450.000  2.18702e-06
      86.1770      460.000  1.98114e-06
      86.1770      470.000  1.82302e-06
      86.1770      480.000  1.71540e-06
      86.1770      490.000  1.66379e-06
      86.1770      500.000  1.67762e-06
      86.1770      510.000  1.77118e-06
      86.1770      520.000  1.96481e-06
      86.1770      530.000  2.32825e-06
      86.1770      540.000  2.82528e-06
      86.1770      550.000  3.51465e-06
      86.1770      560.000  4.38727e-06
      86.1770      570.000  5.25202e-06
      86.1770      580.000  6.23524e-06
      86.1770      590.000  6.76113e-06
      86.1770      600.000  6.82093e-06
      86.1770      610.000  6.84711e-06
      86.1770      620.000  6.46183e-06
      86.1770      630.000  5.87264e-06
      86.1770      640.000  5.16771e-06
      86.1770      650.000  4.56857e-06
      86.1770      660.000  4.01837e-06
      86.1770      670.000  3.52921e-06
      86.1770      680.000  3.10192e-06
      86.1770      690.000  2.73166e-06
      86.1770      700.000  2.41311e-06
      86.1770      710.000  2.13753e-06
      86.1770      720.000  1.89727e-06
      86.1770      730.000  1.69066e-06
      86.1770      740.000  1.51073e-06
      86.1770      750.000  1.35472e-06
      86.1770      760.000  1.21989e-06
      86.1770      770.000  1.10401e-06
      86.1770      780.000  1.00475e-06
      86.1770      790.000  9.19441e-07
      86.1770      800.000  8.44552e-07
      86.1770      810.000  7.80892e-07
      86.1770      820.000  7.20014e-07
      86.1770      830.000  6.63469e-07
      86.1770      840.000  6.11832e-07
      86.1770      850.000  5.62784e-07
      86.1770      860.000  5.17308e-07
      86.1770      870.000  4.76624e-07
      86.1770      880.000  4.41371e-07
      86.1770      890.000  4.11747e-07
      86.1770      900.000  3.87843e-07
      86.1770      910.000  3.69175e-07
      86.1770      920.000  3.54378e-07
      86.1770      930.000  3.41764e-07
      86.1770      940.000  3.32143e-07
      86.1770      950.000  3.16676e-07
      86.1770      960.000  2.99123e-07
      86.1770      970.000  2.80367e-07
      86.1770      980.000  2.58971e-07
      86.1770      990.000  2.37124e-07
      86.1770      1000.00  2.16468e-07
      86.1770      1010.00  1.97473e-07
      86.1770      1020.00  1.80455e-07
      86.1770      1030.00  1.65229e-07
      86.1770      1040.00  1.51770e-07
      86.1770      1050.00  1.39912e-07
      86.1770      1060.00  1.29547e-07
      86.1770      1070.00  1.20568e-07
      86.1770      1080.00  1.12940e-07
      86.1770      1090.00  1.06657e-07
      86.1770      1100.00  1.01792e-07
      86.1770      1110.00  9.84854e-08
      86.1770      1120.00  9.69940e-08
      86.1770      1130.00  9.77015e-08
      86.1770      1140.00  1.01144e-07
      86.1770      1150.00  1.06929e-07
      86.1770      1160.00  1.09524e-07
      86.1770      1170.00  1.15695e-07
      86.1770      1180.00  1.07578e-07
      86.1770      1190.00  1.04996e-07
      86.1770      1200.00  1.01336e-07
      86.1770      1210.00  9.54121e-08
      86.1770      1220.00  8.83084e-08
      86.1770      1230.00  8.11009e-08
      86.1770      1240.00  7.42833e-08
      86.1770      1250.00  6.80272e-08
      86.1770      1260.00  6.23734e-08
      86.1770      1270.00  5.72991e-08
      86.1770      1280.00  5.27533e-08
      86.1770      1290.00  4.86841e-08
      86.1770      1300.00  4.50316e-08
      86.1770      1325.00  3.74245e-08
      86.1770      1350.00  3.15472e-08
      86.1770      1375.00  2.70046e-08
      86.1770      1400.00  2.34185e-08
      86.1770      1425.00  2.02857e-08
      86.1770      1450.00  1.75846e-08
      86.1770      1475.00  1.53830e-08
      86.1770      1500.00  1.38361e-08
      86.1770      1525.00  1.29618e-08
      86.1770      1550.00  1.28347e-08
      86.1770      1575.00  1.34824e-08
      86.1770      1600.00  1.48851e-08
      86.1770      1625.00  1.67463e-08
      86.1770      1650.00  1.71645e-08
      86.1770      1675.00  1.71667e-08
      86.1770      1700.00  1.65529e-08
      86.1770      1725.00  1.53940e-08
      86.1770      1750.00  1.39575e-08
      86.1770      1775.00  1.24447e-08
      86.1770      1800.00  1.09745e-08
      86.1770      1825.00  9.60737e-09
      86.1770      1850.00  8.37079e-09
      86.1770      1875.00  7.27263e-09
      86.1770      1900.00  6.30777e-09
      86.1770      1925.00  5.46868e-09
      86.1770      1950.00  4.74314e-09
      86.1770      1975.00  4.12065e-09
      86.1770      2000.00  3.58935e-09
      86.1770      2025.00  3.13924e-09
      86.1770      2050.00  2.75960e-09
      86.1770      2075.00  2.43029e-09
      86.1770      2100.00  2.13817e-09
      86.1770      2125.00  1.88136e-09
      86.1770      2150.00  1.65323e-09
      86.1770      2175.00  1.45084e-09
      86.1770      2200.00  1.27231e-09
      86.1770      2225.00  1.11572e-09
      86.1770      2250.00  9.78671e-10
      86.1770      2275.00  8.59055e-10
      86.1770      2300.00  7.54848e-10
      86.1770      2325.00  6.63918e-10
      86.1770      2350.00  5.84674e-10
      86.1770      2375.00  5.15422e-10
      86.1770      2400.00  4.55053e-10

      111.302     0.100000  8.25539e-13
      111.302     0.200000  3.30056e-12
      111.302     0.300000  7.42263e-12
      111.302     0.400000  1.31892e-11
      111.302     0.500000  2.05978e-11
      111.302     0.600000  2.96460e-11
      111.302     0.700000  4.03319e-11
      111.302     0.800000  5.26532e-11
      111.302     0.900000  6.66073e-11
      111.302      1.00000  8.21938e-11
      111.302      1.10000  9.94100e-11
      111.302      1.20000  1.18256e-10
      111.302      1.30000  1.38730e-10
      111.302      1.40000  1.60829e-10
      111.302      1.50000  1.84557e-10
      111.302      1.60000  2.09908e-10
      111.302      1.70000  2.36889e-10
      111.302      2.00000  3.27576e-10
      111.302      2.50000  5.11257e-10
      111.302      3.00000  7.35665e-10
      111.302      3.50000  1.00084e-09
      111.302      4.00000  1.30674e-09
      111.302      4.50000  1.65312e-09
      111.302      5.00000  2.03953e-09
      111.302      5.50000  2.46539e-09
      111.302      6.00000  2.92983e-09
      111.302      6.50000  3.43204e-09
      111.302      7.00000  3.97126e-09
      111.302      7.50000  4.54670e-09
      111.302      8.00000  5.15772e-09
      111.302      8.50000  5.80391e-09
      111.302      9.00000  6.48499e-09
      111.302      9.50000  7.20053e-09
      111.302      10.0000  7.95050e-09
      111.302      10.5000  8.73456e-09
      111.302      11.0000  9.55265e-09
      111.302      11.5000  1.04048e-08
      111.302      12.0000  1.12905e-08
      111.302      14.0000  1.51655e-08
      111.302      16.0000  1.95534e-08
      111.302      18.0000  2.44188e-08
      111.302      20.0000  2.97181e-08
      111.302      25.0000  4.45068e-08
      111.302      30.0000  6.07298e-08
      111.302      35.0000  7.74749e-08
      111.302      40.0000  9.40499e-08
      111.302      45.0000  1.09969e-07
      111.302      50.0000  1.24890e-07
      111.302      55.0000  1.38580e-07
      111.302      60.0000  1.50895e-07
      111.302      65.0000  1.61783e-07
      111.302      70.0000  1.71233e-07
      111.302      75.0000  1.79288e-07
      111.302      80.0000  1.86011e-07
      111.302      85.0000  1.91461e-07
      111.302      90.0000  1.95750e-07
      111.302      95.0000  1.98996e-07
      111.302      100.000  2.01359e-07
      111.302      110.000  2.03613e-07
      111.302      120.000  2.03344e-07
      111.302      130.000  2.01663e-07
      111.302      140.000  1.98674e-07
      111.302      150.000  1.95377e-07
      111.302      160.000  1.92994e-07
      111.302      170.000  1.91353e-07
      111.302      180.000  1.91660e-07
      111.302      190.000  1.95661e-07
      111.302      200.000  2.02104e-07
      111.302      210.000  2.15244e-07
      111.302      220.000  2.35303e-07
      111.302      230.000  2.65743e-07
      111.302      240.000  3.10068e-07
      111.302      250.000  3.72588e-07
      111.302      260.000  4.69920e-07
      111.302      270.000  5.81820e-07
      111.302      280.000  7.51019e-07
      111.302      290.000  9.68876e-07
      111.302      300.000  1.25452e-06
      111.302      310.000  1.63183e-06
      111.302      320.000  2.07759e-06
      111.302      330.000  2.62268e-06
      111.302      340.000  3.05101e-06
      111.302      350.000  3.56283e-06
      111.302      360.000  3.92255e-06
      111.302      365.000  3.94593e-06
      111.302      370.000  4.01850e-06
      111.302      380.000  4.05696e-06
      111.302      390.000  3.90345e-06
      111.302      400.000  3.65035e-06
      111.302      410.000  3.33849e-06
      111.302      420.000  3.05013e-06
      111.302      430.000  2.78234e-06
      111.302      440.000  2.54239e-06
      111.302      450.000  2.33960e-06
      111.302      460.000  2.17680e-06
      111.302      470.000  2.05909e-06
      111.302      480.000  2.00962e-06
      111.302      490.000  1.97975e-06
      111.302      500.000  2.04194e-06
      111.302      510.000  2.16679e-06
      111.302      520.000  2.39437e-06
      111.302      530.000  2.76322e-06
      111.302      540.000  3.19359e-06
      111.302      550.000  3.81120e-06
      111.302      560.000  4.52230e-06
      111.302      570.000  5.09359e-06
      111.302      580.000  5.88301e-06
      111.302      590.000  6.28669e-06
      111.302      600.000  6.35943e-06
      111.302      610.000  6.37642e-06
      111.302      620.000  6.11580e-06
      111.302      630.000  5.67813e-06
      111.302      640.000  5.16150e-06
      111.302      650.000  4.65350e-06
      111.302      660.000  4.17037e-06
      111.302      670.000  3.72754e-06
      111.302      680.000  3.32894e-06
      111.302      690.000  2.97569e-06
      111.302      700.000  2.66398e-06
      111.302      710.000  2.39090e-06
      111.302      720.000  2.15181e-06
      111.302      730.000  1.94253e-06
      111.302      740.000  1.76247e-06
      111.302      750.000  1.60644e-06
      111.302      760.000  1.47458e-06
      111.302      770.000  1.36382e-06
      111.302      780.000  1.27292e-06
      111.302      790.000  1.22096e-06
      111.302      800.000  1.13139e-06
      111.302      810.000  1.09546e-06
      111.302      820.000  1.01853e-06
      111.302      830.000  9.55804e-07
      111.302      840.000  8.96131e-07
      111.302      850.000  8.32912e-07
      111.302      860.000  7.69634e-07
      111.302      870.000  7.08917e-07
      111.302      880.000  6.54499e-07
      111.302      890.000  6.06045e-07
      111.302      900.000  5.64251e-07
      111.302      910.000  5.28411e-07
      111.302      920.000  4.97106e-07
      111.302      930.000  4.77036e-07
      111.302      940.000  4.45047e-07
      111.302      950.000  4.18611e-07
      111.302      960.000  3.92556e-07
      111.302      970.000  3.67262e-07
      111.302      980.000  3.41156e-07
      111.302      990.000  3.15664e-07
      111.302      1000.00  2.91882e-07
      111.302      1010.00  2.70431e-07
      111.302      1020.00  2.50401e-07
      111.302      1030.00  2.33903e-07
      111.302      1040.00  2.16484e-07
      111.302      1050.00  2.01556e-07
      111.302      1060.00  1.88142e-07
      111.302      1070.00  1.75946e-07
      111.302      1080.00  1.65185e-07
      111.302      1090.00  1.55585e-07
      111.302      1100.00  1.48027e-07
      111.302      1110.00  1.41433e-07
      111.302      1120.00  1.36954e-07
      111.302      1130.00  1.34033e-07
      111.302      1140.00  1.32614e-07
      111.302      1150.00  1.36374e-07
      111.302      1160.00  1.31831e-07
      111.302      1170.00  1.34389e-07
      111.302      1180.00  1.29760e-07
      111.302      1190.00  1.25485e-07
      111.302      1200.00  1.20692e-07
      111.302      1210.00  1.14139e-07
      111.302      1220.00  1.06598e-07
      111.302      1230.00  9.89493e-08
      111.302      1240.00  9.16108e-08
      111.302      1250.00  8.47582e-08
      111.302      1260.00  7.84402e-08
      111.302      1270.00  7.26757e-08
      111.302      1280.00  6.74384e-08
      111.302      1290.00  6.26882e-08
      111.302      1300.00  5.83895e-08
      111.302      1325.00  4.93760e-08
      111.302      1350.00  4.24948e-08
      111.302      1375.00  3.73628e-08
      111.302      1400.00  3.33175e-08
      111.302      1425.00  2.94079e-08
      111.302      1450.00  2.56336e-08
      111.302      1475.00  2.24454e-08
      111.302      1500.00  2.01084e-08
      111.302      1525.00  1.86314e-08
      111.302      1550.00  1.79811e-08
      111.302      1575.00  1.80673e-08
      111.302      1600.00  1.87712e-08
      111.302      1625.00  1.97780e-08
      111.302      1650.00  1.97524e-08
      111.302      1675.00  1.94012e-08
      111.302      1700.00  1.85949e-08
      111.302      1725.00  1.73609e-08
      111.302      1750.00  1.58906e-08
      111.302      1775.00  1.43414e-08
      111.302      1800.00  1.28166e-08
      111.302      1825.00  1.13747e-08
      111.302      1850.00  1.00481e-08
      111.302      1875.00  8.84945e-09
      111.302      1900.00  7.78179e-09
      111.302      1925.00  6.84326e-09
      111.302      1950.00  6.02878e-09
      111.302      1975.00  5.33135e-09
      111.302      2000.00  4.74119e-09
      111.302      2025.00  4.24628e-09
      111.302      2050.00  3.83597e-09
      111.302      2075.00  3.46051e-09
      111.302      2100.00  3.11471e-09
      111.302      2125.00  2.79964e-09
      111.302      2150.00  2.50502e-09
      111.302      2175.00  2.23077e-09
      111.302      2200.00  1.97964e-09
      111.302      2225.00  1.75265e-09
      111.302      2250.00  1.54915e-09
      111.302      2275.00  1.36824e-09
      111.302      2300.00  1.20825e-09
      111.302      2325.00  1.06747e-09
      111.302      2350.00  9.43858e-10
      111.302      2375.00  8.35488e-10
      111.302      2400.00  7.40885e-10

      143.753     0.100000  6.18638e-13
      143.753     0.200000  2.47351e-12
      143.753     0.300000  5.56323e-12
      143.753     0.400000  9.88660e-12
      143.753     0.500000  1.54423e-11
      143.753     0.600000  2.22300e-11
      143.753     0.700000  3.02487e-11
      143.753     0.800000  3.94973e-11
      143.753     0.900000  4.99769e-11
      143.753      1.00000  6.16858e-11
      143.753      1.10000  7.46247e-11
      143.753      1.20000  8.87932e-11
      143.753      1.30000  1.04190e-10
      143.753      1.40000  1.20818e-10
      143.753      1.50000  1.38676e-10
      143.753      1.60000  1.57764e-10
      143.753      1.70000  1.78081e-10
      143.753      2.00000  2.46421e-10
      143.753      2.50000  3.84941e-10
      143.753      3.00000  5.54215e-10
      143.753      3.50000  7.54135e-10
      143.753      4.00000  9.84495e-10
      143.753      4.50000  1.24502e-09
      143.753      5.00000  1.53534e-09
      143.753      5.50000  1.85509e-09
      143.753      6.00000  2.20390e-09
      143.753      6.50000  2.58137e-09
      143.753      7.00000  2.98735e-09
      143.753      7.50000  3.42143e-09
      143.753      8.00000  3.88355e-09
      143.753      8.50000  4.37351e-09
      143.753      9.00000  4.89106e-09
      143.753      9.50000  5.43629e-09
      143.753      10.0000  6.00883e-09
      143.753      10.5000  6.60876e-09
      143.753      11.0000  7.23576e-09
      143.753      11.5000  7.88986e-09
      143.753      12.0000  8.57068e-09
      143.753      14.0000  1.15577e-08
      143.753      16.0000  1.49534e-08
      143.753      18.0000  1.87365e-08
      143.753      20.0000  2.28811e-08
      143.753      25.0000  3.46073e-08
      143.753      30.0000  4.78010e-08
      143.753      35.0000  6.18613e-08
      143.753      40.0000  7.62878e-08
      143.753      45.0000  9.06764e-08
      143.753      50.0000  1.04705e-07
      143.753      55.0000  1.18119e-07
      143.753      60.0000  1.30764e-07
      143.753      65.0000  1.42483e-07
      143.753      70.0000  1.53215e-07
      143.753      75.0000  1.62930e-07
      143.753      80.0000  1.71611e-07
      143.753      85.0000  1.79287e-07
      143.753      90.0000  1.86057e-07
      143.753      95.0000  1.91927e-07
      143.753      100.000  1.96874e-07
      143.753      110.000  2.04667e-07
      143.753      120.000  2.10019e-07
      143.753      130.000  2.13689e-07
      143.753      140.000  2.16305e-07
      143.753      150.000  2.18631e-07
      143.753      160.000  2.21505e-07
      143.753      170.000  2.25578e-07
      143.753      180.000  2.32036e-07
      143.753      190.000  2.41848e-07
      143.753      200.000  2.56227e-07
      143.753      210.000  2.77342e-07
      143.753      220.000  3.06321e-07
      143.753      230.000  3.46797e-07
      143.753      240.000  4.01551e-07
      143.753      250.000  4.74042e-07
      143.753      260.000  5.72164e-07
      143.753      270.000  6.96867e-07
      143.753      280.000  8.59300e-07
      143.753      290.000  1.06780e-06
      143.753      300.000  1.32198e-06
      143.753      310.000  1.66012e-06
      143.753      320.000  1.99197e-06
      143.753      330.000  2.43739e-06
      143.753      340.000  2.71380e-06
      143.753      350.000  3.20987e-06
      143.753      360.000  3.32032e-06
      143.753      365.000  3.36902e-06
      143.753      370.000  3.43181e-06
      143.753      380.000  3.48987e-06
      143.753      390.000  3.42331e-06
      143.753      400.000  3.27967e-06
      143.753      410.000  3.07800e-06
      143.753      420.000  2.89015e-06
      143.753      430.000  2.71319e-06
      143.753      440.000  2.54771e-06
      143.753      450.000  2.41257e-06
      143.753      460.000  2.31069e-06
      143.753      470.000  2.24616e-06
      143.753      480.000  2.24577e-06
      143.753      490.000  2.26529e-06
      143.753      500.000  2.36031e-06
      143.753      510.000  2.52515e-06
      143.753      520.000  2.75889e-06
      143.753      530.000  3.09848e-06
      143.753      540.000  3.56054e-06
      143.753      550.000  4.01724e-06
      143.753      560.000  4.66651e-06
      143.753      570.000  5.04951e-06
      143.753      580.000  5.70149e-06
      143.753      590.000  5.91391e-06
      143.753      600.000  5.99111e-06
      143.753      610.000  6.01211e-06
      143.753      620.000  5.83880e-06
      143.753      630.000  5.51791e-06
      143.753      640.000  5.10441e-06
      143.753      650.000  4.69606e-06
      143.753      660.000  4.29246e-06
      143.753      670.000  3.90970e-06
      143.753      680.000  3.55620e-06
      143.753      690.000  3.23542e-06
      143.753      700.000  2.94745e-06
      143.753      710.000  2.69190e-06
      143.753      720.000  2.46776e-06
      143.753      730.000  2.27359e-06
      143.753      740.000  2.10848e-06
      143.753      750.000  1.97195e-06
      143.753      760.000  1.85923e-06
      143.753      770.000  1.77379e-06
      143.753      780.000  1.70497e-06
      143.753      790.000  1.65303e-06
      143.753      800.000  1.61596e-06
      143.753      810.000  1.57318e-06
      143.753      820.000  1.51122e-06
      143.753      830.000  1.44488e-06
      143.753      840.000  1.37799e-06
      143.753      850.000  1.29826e-06
      143.753      860.000  1.21091e-06
      143.753      870.000  1.12301e-06
      143.753      880.000  1.03926e-06
      143.753      890.000  9.61563e-07
      143.753      900.000  8.90808e-07
      143.753      910.000  8.29032e-07
      143.753      920.000  7.70906e-07
      143.753      930.000  7.19257e-07
      143.753      940.000  6.72611e-07
      143.753      950.000  6.28044e-07
      143.753      960.000  5.87532e-07
      143.753      970.000  5.50671e-07
      143.753      980.000  5.15571e-07
      143.753      990.000  4.83518e-07
      143.753      1000.00  4.54300e-07
      143.753      1010.00  4.27612e-07
      143.753      1020.00  4.05163e-07
      143.753      1030.00  3.82694e-07
      143.753      1040.00  3.60577e-07
      143.753      1050.00  3.39715e-07
      143.753      1060.00  3.20245e-07
      143.753      1070.00  3.01338e-07
      143.753      1080.00  2.82885e-07
      143.753      1090.00  2.65905e-07
      143.753      1100.00  2.50983e-07
      143.753      1110.00  2.37421e-07
      143.753      1120.00  2.26631e-07
      143.753      1130.00  2.16858e-07
      143.753      1140.00  2.08866e-07
      143.753      1150.00  2.04694e-07
      143.753      1160.00  1.96258e-07
      143.753      1170.00  1.90472e-07
      143.753      1180.00  1.82720e-07
      143.753      1190.00  1.74737e-07
      143.753      1200.00  1.66659e-07
      143.753      1210.00  1.57534e-07
      143.753      1220.00  1.47853e-07
      143.753      1230.00  1.38211e-07
      143.753      1240.00  1.28949e-07
      143.753      1250.00  1.20221e-07
      143.753      1260.00  1.12106e-07
      143.753      1270.00  1.04623e-07
      143.753      1280.00  9.77501e-08
      143.753      1290.00  9.14880e-08
      143.753      1300.00  8.57713e-08
      143.753      1325.00  7.38106e-08
      143.753      1350.00  6.48320e-08
      143.753      1375.00  5.82812e-08
      143.753      1400.00  5.29029e-08
      143.753      1425.00  4.72889e-08
      143.753      1450.00  4.15269e-08
      143.753      1475.00  3.63170e-08
      143.753      1500.00  3.22311e-08
      143.753      1525.00  2.93107e-08
      143.753      1550.00  2.74476e-08
      143.753      1575.00  2.64665e-08
      143.753      1600.00  2.61519e-08
      143.753      1625.00  2.60356e-08
      143.753      1650.00  2.52220e-08
      143.753      1675.00  2.41612e-08
      143.753      1700.00  2.28031e-08
      143.753      1725.00  2.11912e-08
      143.753      1750.00  1.94504e-08
      143.753      1775.00  1.76844e-08
      143.753      1800.00  1.59707e-08
      143.753      1825.00  1.43569e-08
      143.753      1850.00  1.28572e-08
      143.753      1875.00  1.14920e-08
      143.753      1900.00  1.02635e-08
      143.753      1925.00  9.18124e-09
      143.753      1950.00  8.24690e-09
      143.753      1975.00  7.45477e-09
      143.753      2000.00  6.79202e-09
      143.753      2025.00  6.24154e-09
      143.753      2050.00  5.78747e-09
      143.753      2075.00  5.35176e-09
      143.753      2100.00  4.92894e-09
      143.753      2125.00  4.52691e-09
      143.753      2150.00  4.13121e-09
      143.753      2175.00  3.74451e-09
      143.753      2200.00  3.37488e-09
      143.753      2225.00  3.02880e-09
      143.753      2250.00  2.71008e-09
      143.753      2275.00  2.42009e-09
      143.753      2300.00  2.15881e-09
      143.753      2325.00  1.92582e-09
      143.753      2350.00  1.71977e-09
      143.753      2375.00  1.53916e-09
      143.753      2400.00  1.38224e-09

      185.664     0.100000  4.77693e-13
      185.664     0.200000  1.91041e-12
      185.664     0.300000  4.29778e-12
      185.664     0.400000  7.63935e-12
      185.664     0.500000  1.19346e-11
      185.664     0.600000  1.71836e-11
      185.664     0.700000  2.33860e-11
      185.664     0.800000  3.05416e-11
      185.664     0.900000  3.86489e-11
      185.664      1.00000  4.77090e-11
      185.664      1.10000  5.77218e-11
      185.664      1.20000  6.86866e-11
      185.664      1.30000  8.06030e-11
      185.664      1.40000  9.34702e-11
      185.664      1.50000  1.07287e-10
      185.664      1.60000  1.22057e-10
      185.664      1.70000  1.37775e-10
      185.664      2.00000  1.90630e-10
      185.664      2.50000  2.97679e-10
      185.664      3.00000  4.28349e-10
      185.664      3.50000  5.82531e-10
      185.664      4.00000  7.60116e-10
      185.664      4.50000  9.60945e-10
      185.664      5.00000  1.18491e-09
      185.664      5.50000  1.43188e-09
      185.664      6.00000  1.70166e-09
      185.664      6.50000  1.99425e-09
      185.664      7.00000  2.30948e-09
      185.664      7.50000  2.64722e-09
      185.664      8.00000  3.00744e-09
      185.664      8.50000  3.38996e-09
      185.664      9.00000  3.79473e-09
      185.664      9.50000  4.22166e-09
      185.664      10.0000  4.67047e-09
      185.664      10.5000  5.14136e-09
      185.664      11.0000  5.63373e-09
      185.664      11.5000  6.14787e-09
      185.664      12.0000  6.68345e-09
      185.664      14.0000  9.03652e-09
      185.664      16.0000  1.17193e-08
      185.664      18.0000  1.47191e-08
      185.664      20.0000  1.80204e-08
      185.664      25.0000  2.74650e-08
      185.664      30.0000  3.83120e-08
      185.664      35.0000  5.01787e-08
      185.664      40.0000  6.27025e-08
      185.664      45.0000  7.55709e-08
      185.664      50.0000  8.85129e-08
      185.664      55.0000  1.01303e-07
      185.664      60.0000  1.13756e-07
      185.664      65.0000  1.25754e-07
      185.664      70.0000  1.37173e-07
      185.664      75.0000  1.47954e-07
      185.664      80.0000  1.58065e-07
      185.664      85.0000  1.67457e-07
      185.664      90.0000  1.76160e-07
      185.664      95.0000  1.84153e-07
      185.664      100.000  1.91512e-07
      185.664      110.000  2.04402e-07
      185.664      120.000  2.15261e-07
      185.664      130.000  2.24672e-07
      185.664      140.000  2.32948e-07
      185.664      150.000  2.41038e-07
      185.664      160.000  2.49684e-07
      185.664      170.000  2.59686e-07
      185.664      180.000  2.71980e-07
      185.664      190.000  2.87660e-07
      185.664      200.000  3.08039e-07
      185.664      210.000  3.34569e-07
      185.664      220.000  3.69040e-07
      185.664      230.000  4.13327e-07
      185.664      240.000  4.70057e-07
      185.664      250.000  5.42606e-07
      185.664      260.000  6.35180e-07
      185.664      270.000  7.54167e-07
      185.664      280.000  8.95907e-07
      185.664      290.000  1.05676e-06
      185.664      300.000  1.26079e-06
      185.664      310.000  1.52699e-06
      185.664      320.000  1.76908e-06
      185.664      330.000  2.02606e-06
      185.664      340.000  2.27221e-06
      185.664      350.000  2.52838e-06
      185.664      360.000  2.69268e-06
      185.664      365.000  2.74416e-06
      185.664      370.000  2.79924e-06
      185.664      380.000  2.86992e-06
      185.664      390.000  2.86628e-06
      185.664      400.000  2.80919e-06
      185.664      410.000  2.71133e-06
      185.664      420.000  2.61680e-06
      185.664      430.000  2.52406e-06
      185.664      440.000  2.44334e-06
      185.664      450.000  2.38273e-06
      185.664      460.000  2.35002e-06
      185.664      470.000  2.36047e-06
      185.664      480.000  2.37741e-06
      185.664      490.000  2.45379e-06
      185.664      500.000  2.58208e-06
      185.664      510.000  2.76683e-06
      185.664      520.000  3.01372e-06
      185.664      530.000  3.32925e-06
      185.664      540.000  3.70706e-06
      185.664      550.000  4.15859e-06
      185.664      560.000  4.67235e-06
      185.664      570.000  4.90850e-06
      185.664      580.000  5.25106e-06
      185.664      590.000  5.53301e-06
      185.664      600.000  5.61234e-06
      185.664      610.000  5.64466e-06
      185.664      620.000  5.53935e-06
      185.664      630.000  5.31781e-06
      185.664      640.000  5.00890e-06
      185.664      650.000  4.69817e-06
      185.664      660.000  4.37984e-06
      185.664      670.000  4.06923e-06
      185.664      680.000  3.77547e-06
      185.664      690.000  3.50441e-06
      185.664      700.000  3.25911e-06
      185.664      710.000  3.04144e-06
      185.664      720.000  2.85248e-06
      185.664      730.000  2.69497e-06
      185.664      740.000  2.56185e-06
      185.664      750.000  2.45086e-06
      185.664      760.000  2.37305e-06
      185.664      770.000  2.31987e-06
      185.664      780.000  2.28679e-06
      185.664      790.000  2.26447e-06
      185.664      800.000  2.24009e-06
      185.664      810.000  2.23323e-06
      185.664      820.000  2.16048e-06
      185.664      830.000  2.09703e-06
      185.664      840.000  2.02606e-06
      185.664      850.000  1.93452e-06
      185.664      860.000  1.82715e-06
      185.664      870.000  1.71362e-06
      185.664      880.000  1.60055e-06
      185.664      890.000  1.49221e-06
      185.664      900.000  1.39144e-06
      185.664      910.000  1.29730e-06
      185.664      920.000  1.20954e-06
      185.664      930.000  1.13136e-06
      185.664      940.000  1.06191e-06
      185.664      950.000  9.98886e-07
      185.664      960.000  9.40974e-07
      185.664      970.000  8.90740e-07
      185.664      980.000  8.46637e-07
      185.664      990.000  8.08194e-07
      185.664      1000.00  7.74954e-07
      185.664      1010.00  7.45358e-07
      185.664      1020.00  7.17227e-07
      185.664      1030.00  6.93807e-07
      185.664      1040.00  6.60755e-07
      185.664      1050.00  6.31162e-07
      185.664      1060.00  6.01981e-07
      185.664      1070.00  5.70944e-07
      185.664      1080.00  5.38745e-07
      185.664      1090.00  5.07006e-07
      185.664      1100.00  4.77008e-07
      185.664      1110.00  4.48294e-07
      185.664      1120.00  4.22386e-07
      185.664      1130.00  3.98905e-07
      185.664      1140.00  3.77702e-07
      185.664      1150.00  3.58308e-07
      185.664      1160.00  3.40393e-07
      185.664      1170.00  3.23386e-07
      185.664      1180.00  3.05505e-07
      185.664      1190.00  2.89034e-07
      185.664      1200.00  2.73135e-07
      185.664      1210.00  2.57240e-07
      185.664      1220.00  2.41534e-07
      185.664      1230.00  2.26371e-07
      185.664      1240.00  2.11997e-07
      185.664      1250.00  1.98516e-07
      185.664      1260.00  1.85965e-07
      185.664      1270.00  1.74366e-07
      185.664      1280.00  1.63669e-07
      185.664      1290.00  1.53882e-07
      185.664      1300.00  1.44936e-07
      185.664      1325.00  1.26036e-07
      185.664      1350.00  1.11759e-07
      185.664      1375.00  1.00929e-07
      185.664      1400.00  9.13917e-08
      185.664      1425.00  8.19703e-08
      185.664      1450.00  7.23844e-08
      185.664      1475.00  6.34780e-08
      185.664      1500.00  5.60880e-08
      185.664      1525.00  5.02998e-08
      185.664      1550.00  4.61490e-08
      185.664      1575.00  4.32035e-08
      185.664      1600.00  4.10824e-08
      185.664      1625.00  3.94968e-08
      185.664      1650.00  3.72397e-08
      185.664      1675.00  3.47528e-08
      185.664      1700.00  3.21075e-08
      185.664      1725.00  2.94534e-08
      185.664      1750.00  2.68856e-08
      185.664      1775.00  2.44654e-08
      185.664      1800.00  2.22229e-08
      185.664      1825.00  2.01783e-08
      185.664      1850.00  1.82968e-08
      185.664      1875.00  1.65692e-08
      185.664      1900.00  1.49959e-08
      185.664      1925.00  1.36001e-08
      185.664      1950.00  1.23991e-08
      185.664      1975.00  1.13841e-08
      185.664      2000.00  1.05512e-08
      185.664      2025.00  9.84314e-09
      185.664      2050.00  9.23337e-09
      185.664      2075.00  8.66862e-09
      185.664      2100.00  8.09224e-09
      185.664      2125.00  7.53096e-09
      185.664      2150.00  6.96794e-09
      185.664      2175.00  6.40521e-09
      185.664      2200.00  5.85563e-09
      185.664      2225.00  5.32964e-09
      185.664      2250.00  4.83624e-09
      185.664      2275.00  4.37968e-09
      185.664      2300.00  3.96313e-09
      185.664      2325.00  3.58888e-09
      185.664      2350.00  3.25595e-09
      185.664      2375.00  2.96236e-09
      185.664      2400.00  2.70975e-09

      239.794     0.100000  3.73559e-13
      239.794     0.200000  1.49400e-12
      239.794     0.300000  3.36096e-12
      239.794     0.400000  5.97406e-12
      239.794     0.500000  9.33283e-12
      239.794     0.600000  1.34371e-11
      239.794     0.700000  1.82865e-11
      239.794     0.800000  2.38808e-11
      239.794     0.900000  3.02191e-11
      239.794      1.00000  3.73015e-11
      239.794      1.10000  4.51274e-11
      239.794      1.20000  5.36959e-11
      239.794      1.30000  6.30090e-11
      239.794      1.40000  7.30658e-11
      239.794      1.50000  8.38616e-11
      239.794      1.60000  9.54015e-11
      239.794      1.70000  1.07682e-10
      239.794      2.00000  1.48972e-10
      239.794      2.50000  2.32594e-10
      239.794      3.00000  3.34685e-10
      239.794      3.50000  4.55208e-10
      239.794      4.00000  5.94128e-10
      239.794      4.50000  7.51390e-10
      239.794      5.00000  9.26942e-10
      239.794      5.50000  1.12074e-09
      239.794      6.00000  1.33272e-09
      239.794      6.50000  1.56281e-09
      239.794      7.00000  1.81093e-09
      239.794      7.50000  2.07706e-09
      239.794      8.00000  2.36105e-09
      239.794      8.50000  2.66285e-09
      239.794      9.00000  2.98235e-09
      239.794      9.50000  3.31953e-09
      239.794      10.0000  3.67435e-09
      239.794      10.5000  4.04641e-09
      239.794      11.0000  4.43587e-09
      239.794      11.5000  4.84271e-09
      239.794      12.0000  5.26679e-09
      239.794      14.0000  7.13340e-09
      239.794      16.0000  9.26797e-09
      239.794      18.0000  1.16635e-08
      239.794      20.0000  1.43108e-08
      239.794      25.0000  2.19541e-08
      239.794      30.0000  3.08813e-08
      239.794      35.0000  4.08418e-08
      239.794      40.0000  5.15837e-08
      239.794      45.0000  6.28774e-08
      239.794      50.0000  7.45144e-08
      239.794      55.0000  8.63164e-08
      239.794      60.0000  9.81284e-08
      239.794      65.0000  1.09840e-07
      239.794      70.0000  1.21317e-07
      239.794      75.0000  1.32503e-07
      239.794      80.0000  1.43343e-07
      239.794      85.0000  1.53771e-07
      239.794      90.0000  1.63757e-07
      239.794      95.0000  1.73327e-07
      239.794      100.000  1.82439e-07
      239.794      110.000  1.99414e-07
      239.794      120.000  2.14872e-07
      239.794      130.000  2.29174e-07
      239.794      140.000  2.42822e-07
      239.794      150.000  2.56229e-07
      239.794      160.000  2.70000e-07
      239.794      170.000  2.85088e-07
      239.794      180.000  3.02189e-07
      239.794      190.000  3.22389e-07
      239.794      200.000  3.45466e-07
      239.794      210.000  3.74645e-07
      239.794      220.000  4.09902e-07
      239.794      230.000  4.52363e-07
      239.794      240.000  5.05858e-07
      239.794      250.000  5.71952e-07
      239.794      260.000  6.49877e-07
      239.794      270.000  7.42039e-07
      239.794      280.000  8.56429e-07
      239.794      290.000  9.89778e-07
      239.794      300.000  1.14932e-06
      239.794      310.000  1.31486e-06
      239.794      320.000  1.49022e-06
      239.794      330.000  1.66567e-06
      239.794      340.000  1.82841e-06
      239.794      350.000  1.99326e-06
      239.794      360.000  2.12344e-06
      239.794      365.000  2.17270e-06
      239.794      370.000  2.22051e-06
      239.794      380.000  2.29742e-06
      239.794      390.000  2.33484e-06
      239.794      400.000  2.33808e-06
      239.794      410.000  2.31903e-06
      239.794      420.000  2.29713e-06
      239.794      430.000  2.27803e-06
      239.794      440.000  2.26781e-06
      239.794      450.000  2.28045e-06
      239.794      460.000  2.29263e-06
      239.794      470.000  2.34270e-06
      239.794      480.000  2.41950e-06
      239.794      490.000  2.52508e-06
      239.794      500.000  2.67557e-06
      239.794      510.000  2.87232e-06
      239.794      520.000  3.11118e-06
      239.794      530.000  3.37102e-06
      239.794      540.000  3.67476e-06
      239.794      550.000  4.00114e-06
      239.794      560.000  4.33860e-06
      239.794      570.000  4.74760e-06
      239.794      580.000  4.91519e-06
      239.794      590.000  5.06880e-06
      239.794      600.000  5.15860e-06
      239.794      610.000  5.20525e-06
      239.794      620.000  5.15923e-06
      239.794      630.000  5.02478e-06
      239.794      640.000  4.82045e-06
      239.794      650.000  4.60722e-06
      239.794      660.000  4.37902e-06
      239.794      670.000  4.15243e-06
      239.794      680.000  3.93411e-06
      239.794      690.000  3.72978e-06
      239.794      700.000  3.54604e-06
      239.794      710.000  3.38406e-06
      239.794      720.000  3.24550e-06
      239.794      730.000  3.12837e-06
      239.794      740.000  3.04176e-06
      239.794      750.000  2.98100e-06
      239.794      760.000  2.95390e-06
      239.794      770.000  2.91634e-06
      239.794      780.000  2.92533e-06
      239.794      790.000  2.92353e-06
      239.794      800.000  2.87885e-06
      239.794      810.000  2.89647e-06
      239.794      820.000  2.83782e-06
      239.794      830.000  2.78220e-06
      239.794      840.000  2.71528e-06
      239.794      850.000  2.62462e-06
      239.794      860.000  2.51225e-06
      239.794      870.000  2.38821e-06
      239.794      880.000  2.25987e-06
      239.794      890.000  2.13453e-06
      239.794      900.000  2.01427e-06
      239.794      910.000  1.90169e-06
      239.794      920.000  1.79860e-06
      239.794      930.000  1.70522e-06
      239.794      940.000  1.62043e-06
      239.794      950.000  1.54477e-06
      239.794      960.000  1.48113e-06
      239.794      970.000  1.42727e-06
      239.794      980.000  1.38100e-06
      239.794      990.000  1.34222e-06
      239.794      1000.00  1.31473e-06
      239.794      1010.00  1.28574e-06
      239.794      1020.00  1.24513e-06
      239.794      1030.00  1.22517e-06
      239.794      1040.00  1.18354e-06
      239.794      1050.00  1.14469e-06
      239.794      1060.00  1.10405e-06
      239.794      1070.00  1.05770e-06
      239.794      1080.00  1.00620e-06
      239.794      1090.00  9.52397e-07
      239.794      1100.00  8.98663e-07
      239.794      1110.00  8.46664e-07
      239.794      1120.00  7.97906e-07
      239.794      1130.00  7.50149e-07
      239.794      1140.00  7.06273e-07
      239.794      1150.00  6.65132e-07
      239.794      1160.00  6.25904e-07
      239.794      1170.00  5.89734e-07
      239.794      1180.00  5.54699e-07
      239.794      1190.00  5.22059e-07
      239.794      1200.00  4.91288e-07
      239.794      1210.00  4.61916e-07
      239.794      1220.00  4.33866e-07
      239.794      1230.00  4.07354e-07
      239.794      1240.00  3.82464e-07
      239.794      1250.00  3.59210e-07
      239.794      1260.00  3.37573e-07
      239.794      1270.00  3.17528e-07
      239.794      1280.00  2.98976e-07
      239.794      1290.00  2.81848e-07
      239.794      1300.00  2.66127e-07
      239.794      1325.00  2.32389e-07
      239.794      1350.00  2.05621e-07
      239.794      1375.00  1.85908e-07
      239.794      1400.00  1.65177e-07
      239.794      1425.00  1.47635e-07
      239.794      1450.00  1.30862e-07
      239.794      1475.00  1.15402e-07
      239.794      1500.00  1.02216e-07
      239.794      1525.00  9.13889e-08
      239.794      1550.00  8.29215e-08
      239.794      1575.00  7.65001e-08
      239.794      1600.00  7.14368e-08
      239.794      1625.00  6.66830e-08
      239.794      1650.00  6.17652e-08
      239.794      1675.00  5.66578e-08
      239.794      1700.00  5.15445e-08
      239.794      1725.00  4.67554e-08
      239.794      1750.00  4.24092e-08
      239.794      1775.00  3.85387e-08
      239.794      1800.00  3.51404e-08
      239.794      1825.00  3.21339e-08
      239.794      1850.00  2.93767e-08
      239.794      1875.00  2.68378e-08
      239.794      1900.00  2.44716e-08
      239.794      1925.00  2.23285e-08
      239.794      1950.00  2.04500e-08
      239.794      1975.00  1.88667e-08
      239.794      2000.00  1.75355e-08
      239.794      2025.00  1.64170e-08
      239.794      2050.00  1.54339e-08
      239.794      2075.00  1.44682e-08
      239.794      2100.00  1.35425e-08
      239.794      2125.00  1.26454e-08
      239.794      2150.00  1.17602e-08
      239.794      2175.00  1.08908e-08
      239.794      2200.00  1.00499e-08
      239.794      2225.00  9.24925e-09
      239.794      2250.00  8.49757e-09
      239.794      2275.00  7.80176e-09
      239.794      2300.00  7.16750e-09
      239.794      2325.00  6.59676e-09
      239.794      2350.00  6.09054e-09
      239.794      2375.00  5.64427e-09
      239.794      2400.00  5.25292e-09

      309.705     0.100000  2.91777e-13
      309.705     0.200000  1.16697e-12
      309.705     0.300000  2.62533e-12
      309.705     0.400000  4.66671e-12
      309.705     0.500000  7.29090e-12
      309.705     0.600000  1.04976e-11
      309.705     0.700000  1.42866e-11
      309.705     0.800000  1.86581e-11
      309.705     0.900000  2.36113e-11
      309.705      1.00000  2.91465e-11
      309.705      1.10000  3.52637e-11
      309.705      1.20000  4.19615e-11
      309.705      1.30000  4.92415e-11
      309.705      1.40000  5.71021e-11
      309.705      1.50000  6.55439e-11
      309.705      1.60000  7.45669e-11
      309.705      1.70000  8.41692e-11
      309.705      2.00000  1.16460e-10
      309.705      2.50000  1.81875e-10
      309.705      3.00000  2.61772e-10
      309.705      3.50000  3.56125e-10
      309.705      4.00000  4.64890e-10
      309.705      4.50000  5.88069e-10
      309.705      5.00000  7.25608e-10
      309.705      5.50000  8.77470e-10
      309.705      6.00000  1.04361e-09
      309.705      6.50000  1.22401e-09
      309.705      7.00000  1.41863e-09
      309.705      7.50000  1.62740e-09
      309.705      8.00000  1.85033e-09
      309.705      8.50000  2.08729e-09
      309.705      9.00000  2.33832e-09
      309.705      9.50000  2.60329e-09
      309.705      10.0000  2.88226e-09
      309.705      10.5000  3.17514e-09
      309.705      11.0000  3.48187e-09
      309.705      11.5000  3.80244e-09
      309.705      12.0000  4.13685e-09
      309.705      14.0000  5.61144e-09
      309.705      16.0000  7.30202e-09
      309.705      18.0000  9.20500e-09
      309.705      20.0000  1.13140e-08
      309.705      25.0000  1.74451e-08
      309.705      30.0000  2.46969e-08
      309.705      35.0000  3.29162e-08
      309.705      40.0000  4.19375e-08
      309.705      45.0000  5.16037e-08
      309.705      50.0000  6.17734e-08
      309.705      55.0000  7.23032e-08
      309.705      60.0000  8.30770e-08
      309.705      65.0000  9.39888e-08
      309.705      70.0000  1.04956e-07
      309.705      75.0000  1.15899e-07
      309.705      80.0000  1.26742e-07
      309.705      85.0000  1.37451e-07
      309.705      90.0000  1.47993e-07
      309.705      95.0000  1.58305e-07
      309.705      100.000  1.68392e-07
      309.705      110.000  1.87919e-07
      309.705      120.000  2.06527e-07
      309.705      130.000  2.24473e-07
      309.705      140.000  2.42038e-07
      309.705      150.000  2.59338e-07
      309.705      160.000  2.77101e-07
      309.705      170.000  2.95650e-07
      309.705      180.000  3.15898e-07
      309.705      190.000  3.37806e-07
      309.705      200.000  3.63172e-07
      309.705      210.000  3.91454e-07
      309.705      220.000  4.25223e-07
      309.705      230.000  4.65213e-07
      309.705      240.000  5.09754e-07
      309.705      250.000  5.63503e-07
      309.705      260.000  6.25368e-07
      309.705      270.000  7.00221e-07
      309.705      280.000  7.79963e-07
      309.705      290.000  8.79161e-07
      309.705      300.000  9.76660e-07
      309.705      310.000  1.09694e-06
      309.705      320.000  1.24100e-06
      309.705      330.000  1.33757e-06
      309.705      340.000  1.45126e-06
      309.705      350.000  1.61073e-06
      309.705      360.000  1.66257e-06
      309.705      365.000  1.70473e-06
      309.705      370.000  1.74596e-06
      309.705      380.000  1.82187e-06
      309.705      390.000  1.87817e-06
      309.705      400.000  1.91779e-06
      309.705      410.000  1.94286e-06
      309.705      420.000  1.97114e-06
      309.705      430.000  2.00261e-06
      309.705      440.000  2.03856e-06
      309.705      450.000  2.08821e-06
      309.705      460.000  2.14750e-06
      309.705      470.000  2.22958e-06
      309.705      480.000  2.33814e-06
      309.705      490.000  2.45292e-06
      309.705      500.000  2.60435e-06
      309.705      510.000  2.77629e-06
      309.705      520.000  2.98745e-06
      309.705      530.000  3.21191e-06
      309.705      540.000  3.45214e-06
      309.705      550.000  3.70301e-06
      309.705      560.000  3.95897e-06
      309.705      570.000  4.17939e-06
      309.705      580.000  4.34931e-06
      309.705      590.000  4.50509e-06
      309.705      600.000  4.59858e-06
      309.705      610.000  4.66014e-06
      309.705      620.000  4.66316e-06
      309.705      630.000  4.60183e-06
      309.705      640.000  4.48066e-06
      309.705      650.000  4.35980e-06
      309.705      660.000  4.22621e-06
      309.705      670.000  4.08679e-06
      309.705      680.000  3.95225e-06
      309.705      690.000  3.82805e-06
      309.705      700.000  3.70998e-06
      309.705      710.000  3.61105e-06
      309.705      720.000  3.52791e-06
      309.705      730.000  3.46880e-06
      309.705      740.000  3.42006e-06
      309.705      750.000  3.40200e-06
      309.705      760.000  3.38360e-06
      309.705      770.000  3.40103e-06
      309.705      780.000  3.46971e-06
      309.705      790.000  3.41894e-06
      309.705      800.000  3.44704e-06
      309.705      810.000  3.41822e-06
      309.705      820.000  3.37431e-06
      309.705      830.000  3.33104e-06
      309.705      840.000  3.27924e-06
      309.705      850.000  3.20526e-06
      309.705      860.000  3.10946e-06
      309.705      870.000  2.99962e-06
      309.705      880.000  2.88437e-06
      309.705      890.000  2.76821e-06
      309.705      900.000  2.65656e-06
      309.705      910.000  2.55395e-06
      309.705      920.000  2.45324e-06
      309.705      930.000  2.36684e-06
      309.705      940.000  2.28868e-06
      309.705      950.000  2.22439e-06
      309.705      960.000  2.16743e-06
      309.705      970.000  2.12691e-06
      309.705      980.000  2.08726e-06
      309.705      990.000  2.06627e-06
      309.705      1000.00  2.08981e-06
      309.705      1010.00  2.01915e-06
      309.705      1020.00  2.00623e-06
      309.705      1030.00  1.96701e-06
      309.705      1040.00  1.92086e-06
      309.705      1050.00  1.87663e-06
      309.705      1060.00  1.82884e-06
      309.705      1070.00  1.77149e-06
      309.705      1080.00  1.70434e-06
      309.705      1090.00  1.63099e-06
      309.705      1100.00  1.55519e-06
      309.705      1110.00  1.47971e-06
      309.705      1120.00  1.40587e-06
      309.705      1130.00  1.33506e-06
      309.705      1140.00  1.26845e-06
      309.705      1150.00  1.20365e-06
      309.705      1160.00  1.14469e-06
      309.705      1170.00  1.08816e-06
      309.705      1180.00  1.03624e-06
      309.705      1190.00  9.87355e-07
      309.705      1200.00  9.43224e-07
      309.705      1210.00  8.99680e-07
      309.705      1220.00  8.60723e-07
      309.705      1230.00  8.26540e-07
      309.705      1240.00  7.85706e-07
      309.705      1250.00  7.48648e-07
      309.705      1260.00  7.13884e-07
      309.705      1270.00  6.80706e-07
      309.705      1280.00  6.48250e-07
      309.705      1290.00  6.16243e-07
      309.705      1300.00  5.85141e-07
      309.705      1325.00  5.12984e-07
      309.705      1350.00  4.50614e-07
      309.705      1375.00  3.97289e-07
      309.705      1400.00  3.50527e-07
      309.705      1425.00  3.09577e-07
      309.705      1450.00  2.72902e-07
      309.705      1475.00  2.40444e-07
      309.705      1500.00  2.12697e-07
      309.705      1525.00  1.89392e-07
      309.705      1550.00  1.70122e-07
      309.705      1575.00  1.54530e-07
      309.705      1600.00  1.41142e-07
      309.705      1625.00  1.29190e-07
      309.705      1650.00  1.17835e-07
      309.705      1675.00  1.06904e-07
      309.705      1700.00  9.65329e-08
      309.705      1725.00  8.71580e-08
      309.705      1750.00  7.88988e-08
      309.705      1775.00  7.17416e-08
      309.705      1800.00  6.56242e-08
      309.705      1825.00  6.01987e-08
      309.705      1850.00  5.52055e-08
      309.705      1875.00  5.05588e-08
      309.705      1900.00  4.61805e-08
      309.705      1925.00  4.20773e-08
      309.705      1950.00  3.84598e-08
      309.705      1975.00  3.53711e-08
      309.705      2000.00  3.26978e-08
      309.705      2025.00  3.03996e-08
      309.705      2050.00  2.84459e-08
      309.705      2075.00  2.65006e-08
      309.705      2100.00  2.46816e-08
      309.705      2125.00  2.29233e-08
      309.705      2150.00  2.12404e-08
      309.705      2175.00  1.96544e-08
      309.705      2200.00  1.81790e-08
      309.705      2225.00  1.68188e-08
      309.705      2250.00  1.55806e-08
      309.705      2275.00  1.44394e-08
      309.705      2300.00  1.33992e-08
      309.705      2325.00  1.24637e-08
      309.705      2350.00  1.16187e-08
      309.705      2375.00  1.08692e-08
      309.705      2400.00  1.02180e-08

      400.000     0.100000  2.27443e-13
      400.000     0.200000  9.09704e-13
      400.000     0.300000  2.04666e-12
      400.000     0.400000  3.63812e-12
      400.000     0.500000  5.68417e-12
      400.000     0.600000  8.18447e-12
      400.000     0.700000  1.11389e-11
      400.000     0.800000  1.45476e-11
      400.000     0.900000  1.84102e-11
      400.000      1.00000  2.27268e-11
      400.000      1.10000  2.74970e-11
      400.000      1.20000  3.27213e-11
      400.000      1.30000  3.83991e-11
      400.000      1.40000  4.45299e-11
      400.000      1.50000  5.11144e-11
      400.000      1.60000  5.81513e-11
      400.000      1.70000  6.56418e-11
      400.000      2.00000  9.08303e-11
      400.000      2.50000  1.41863e-10
      400.000      3.00000  2.04198e-10
      400.000      3.50000  2.77819e-10
      400.000      4.00000  3.62707e-10
      400.000      4.50000  4.58856e-10
      400.000      5.00000  5.66238e-10
      400.000      5.50000  6.84836e-10
      400.000      6.00000  8.14650e-10
      400.000      6.50000  9.55653e-10
      400.000      7.00000  1.10780e-09
      400.000      7.50000  1.27111e-09
      400.000      8.00000  1.44559e-09
      400.000      8.50000  1.63110e-09
      400.000      9.00000  1.82777e-09
      400.000      9.50000  2.03549e-09
      400.000      10.0000  2.25422e-09
      400.000      10.5000  2.48393e-09
      400.000      11.0000  2.72472e-09
      400.000      11.5000  2.97644e-09
      400.000      12.0000  3.23916e-09
      400.000      14.0000  4.39867e-09
      400.000      16.0000  5.73089e-09
      400.000      18.0000  7.23386e-09
      400.000      20.0000  8.90348e-09
      400.000      25.0000  1.37852e-08
      400.000      30.0000  1.96159e-08
      400.000      35.0000  2.63055e-08
      400.000      40.0000  3.37548e-08
      400.000      45.0000  4.18653e-08
      400.000      50.0000  5.05279e-08
      400.000      55.0000  5.96501e-08
      400.000      60.0000  6.91390e-08
      400.000      65.0000  7.89249e-08
      400.000      70.0000  8.89342e-08
      400.000      75.0000  9.91033e-08
      400.000      80.0000  1.09371e-07
      400.000      85.0000  1.19701e-07
      400.000      90.0000  1.30083e-07
      400.000      95.0000  1.40395e-07
      400.000      100.000  1.50690e-07
      400.000      110.000  1.71095e-07
      400.000      120.000  1.91275e-07
      400.000      130.000  2.11182e-07
      400.000      140.000  2.31008e-07
      400.000      150.000  2.50890e-07
      400.000      160.000  2.71061e-07
      400.000      170.000  2.92031e-07
      400.000      180.000  3.13867e-07
      400.000      190.000  3.37391e-07
      400.000      200.000  3.62643e-07
      400.000      210.000  3.90403e-07
      400.000      220.000  4.21500e-07
      400.000      230.000  4.55756e-07
      400.000      240.000  4.95492e-07
      400.000      250.000  5.38715e-07
      400.000      260.000  5.88923e-07
      400.000      270.000  6.43997e-07
      400.000      280.000  7.04289e-07
      400.000      290.000  7.76169e-07
      400.000      300.000  8.47534e-07
      400.000      310.000  9.31877e-07
      400.000      320.000  1.01171e-06
      400.000      330.000  1.09539e-06
      400.000      340.000  1.18777e-06
      400.000      350.000  1.26058e-06
      400.000      360.000  1.33305e-06
      400.000      365.000  1.36862e-06
      400.000      370.000  1.40480e-06
      400.000      380.000  1.47556e-06
      400.000      390.000  1.53878e-06
      400.000      400.000  1.59474e-06
      400.000      410.000  1.64327e-06
      400.000      420.000  1.69773e-06
      400.000      430.000  1.75272e-06
      400.000      440.000  1.81273e-06
      400.000      450.000  1.88329e-06
      400.000      460.000  1.96047e-06
      400.000      470.000  2.05227e-06
      400.000      480.000  2.15630e-06
      400.000      490.000  2.27136e-06
      400.000      500.000  2.41214e-06
      400.000      510.000  2.55818e-06
      400.000      520.000  2.73635e-06
      400.000      530.000  2.90782e-06
      400.000      540.000  3.09546e-06
      400.000      550.000  3.32823e-06
      400.000      560.000  3.46389e-06
      400.000      570.000  3.62276e-06
      400.000      580.000  3.77552e-06
      400.000      590.000  3.88541e-06
      400.000      600.000  3.97467e-06
      400.000      610.000  4.04884e-06
      400.000      620.000  4.08786e-06
      400.000      630.000  4.08721e-06
      400.000      640.000  4.04362e-06
      400.000      650.000  4.00080e-06
      400.000      660.000  3.94474e-06
      400.000      670.000  3.88316e-06
      400.000      680.000  3.82303e-06
      400.000      690.000  3.76485e-06
      400.000      700.000  3.71747e-06
      400.000      710.000  3.67534e-06
      400.000      720.000  3.64985e-06
      400.000      730.000  3.63184e-06
      400.000      740.000  3.62335e-06
      400.000      750.000  3.64069e-06
      400.000      760.000  3.65253e-06
      400.000      770.000  3.68558e-06
      400.000      780.000  3.70996e-06
      400.000      790.000  3.70020e-06
      400.000      800.000  3.76385e-06
      400.000      810.000  3.74010e-06
      400.000      820.000  3.71740e-06
      400.000      830.000  3.69731e-06
      400.000      840.000  3.67075e-06
      400.000      850.000  3.62781e-06
      400.000      860.000  3.56648e-06
      400.000      870.000  3.49273e-06
      400.000      880.000  3.41106e-06
      400.000      890.000  3.32726e-06
      400.000      900.000  3.24773e-06
      400.000      910.000  3.17087e-06
      400.000      920.000  3.10422e-06
      400.000      930.000  3.04236e-06
      400.000      940.000  2.99478e-06
      400.000      950.000  2.95186e-06
      400.000      960.000  2.91805e-06
      400.000      970.000  2.90345e-06
      400.000      980.000  2.88499e-06
      400.000      990.000  2.88136e-06
      400.000      1000.00  2.87309e-06
      400.000      1010.00  2.83996e-06
      400.000      1020.00  2.85842e-06
      400.000      1030.00  2.81502e-06
      400.000      1040.00  2.77144e-06
      400.000      1050.00  2.72991e-06
      400.000      1060.00  2.68387e-06
      400.000      1070.00  2.62539e-06
      400.000      1080.00  2.55405e-06
      400.000      1090.00  2.47249e-06
      400.000      1100.00  2.38497e-06
      400.000      1110.00  2.29572e-06
      400.000      1120.00  2.20598e-06
      400.000      1130.00  2.11890e-06
      400.000      1140.00  2.03404e-06
      400.000      1150.00  1.95285e-06
      400.000      1160.00  1.87706e-06
      400.000      1170.00  1.80408e-06
      400.000      1180.00  1.73783e-06
      400.000      1190.00  1.67364e-06
      400.000      1200.00  1.61638e-06
      400.000      1210.00  1.55884e-06
      400.000      1220.00  1.50042e-06
      400.000      1230.00  1.45466e-06
      400.000      1240.00  1.39824e-06
      400.000      1250.00  1.34426e-06
      400.000      1260.00  1.29333e-06
      400.000      1270.00  1.24394e-06
      400.000      1280.00  1.19451e-06
      400.000      1290.00  1.14450e-06
      400.000      1300.00  1.09436e-06
      400.000      1325.00  9.72948e-07
      400.000      1350.00  8.62026e-07
      400.000      1375.00  7.62990e-07
      400.000      1400.00  6.75288e-07
      400.000      1425.00  5.97937e-07
      400.000      1450.00  5.29665e-07
      400.000      1475.00  4.69443e-07
      400.000      1500.00  4.17238e-07
      400.000      1525.00  3.72397e-07
      400.000      1550.00  3.34281e-07
      400.000      1575.00  3.02070e-07
      400.000      1600.00  2.73716e-07
      400.000      1625.00  2.47879e-07
      400.000      1650.00  2.24832e-07
      400.000      1675.00  2.03596e-07
      400.000      1700.00  1.84018e-07
      400.000      1725.00  1.66483e-07
      400.000      1750.00  1.51051e-07
      400.000      1775.00  1.37614e-07
      400.000      1800.00  1.25900e-07
      400.000      1825.00  1.15430e-07
      400.000      1850.00  1.05918e-07
      400.000      1875.00  9.71197e-08
      400.000      1900.00  8.88536e-08
      400.000      1925.00  8.11873e-08
      400.000      1950.00  7.43150e-08
      400.000      1975.00  6.82735e-08
      400.000      2000.00  6.30082e-08
      400.000      2025.00  5.84091e-08
      400.000      2050.00  5.43306e-08
      400.000      2075.00  5.03679e-08
      400.000      2100.00  4.67491e-08
      400.000      2125.00  4.32865e-08
      400.000      2150.00  4.00242e-08
      400.000      2175.00  3.70136e-08
      400.000      2200.00  3.42717e-08
      400.000      2225.00  3.17968e-08
      400.000      2250.00  2.95613e-08
      400.000      2275.00  2.75289e-08
      400.000      2300.00  2.56657e-08
      400.000      2325.00  2.39711e-08
      400.000      2350.00  2.24181e-08
      400.000      2375.00  2.10170e-08
      400.000      2400.00  1.97618e-08

