      40.0000     0.100000  1.00450e-12
      40.0000     0.200000  4.01259e-12
      40.0000     0.300000  9.01873e-12
      40.0000     0.400000  1.60203e-11
      40.0000     0.500000  2.50170e-11
      40.0000     0.600000  3.60111e-11
      40.0000     0.700000  4.90066e-11
      40.0000     0.800000  6.40097e-11
      40.0000     0.900000  8.10299e-11
      40.0000      1.00000  1.00078e-10
      40.0000      1.10000  1.21166e-10
      40.0000      1.20000  1.44313e-10
      40.0000      1.30000  1.69536e-10
      40.0000      1.40000  1.96854e-10
      40.0000      1.50000  2.26289e-10
      40.0000      1.60000  2.57867e-10
      40.0000      1.70000  2.91609e-10
      40.0000      2.00000  4.06020e-10
      40.0000      2.50000  6.41142e-10
      40.0000      3.00000  9.29844e-10
      40.0000      3.50000  1.26645e-09
      40.0000      4.00000  1.64529e-09
      40.0000      4.50000  2.06333e-09
      40.0000      5.00000  2.51961e-09
      40.0000      5.50000  3.01392e-09
      40.0000      6.00000  3.54592e-09
      40.0000      6.50000  4.11504e-09
      40.0000      7.00000  4.72052e-09
      40.0000      7.50000  5.36138e-09
      40.0000      8.00000  6.03665e-09
      40.0000      8.50000  6.74533e-09
      40.0000      9.00000  7.48644e-09
      40.0000      9.50000  8.25913e-09
      40.0000      10.0000  9.06258e-09
      40.0000      10.5000  9.89620e-09
      40.0000      11.0000  1.07595e-08
      40.0000      11.5000  1.16519e-08
      40.0000      12.0000  1.25734e-08
      40.0000      14.0000  1.65396e-08
      40.0000      16.0000  2.09160e-08
      40.0000      18.0000  2.56061e-08
      40.0000      20.0000  3.04776e-08
      40.0000      25.0000  4.26507e-08
      40.0000      30.0000  5.37664e-08
      40.0000      35.0000  6.30823e-08
      40.0000      40.0000  7.03598e-08
      40.0000      45.0000  7.56592e-08
      40.0000      50.0000  7.92012e-08
      40.0000      55.0000  8.12617e-08
      40.0000      60.0000  8.21060e-08
      40.0000      65.0000  8.19866e-08
      40.0000      70.0000  8.11193e-08
      40.0000      75.0000  7.96953e-08
      40.0000      80.0000  7.78605e-08
      40.0000      85.0000  7.57344e-08
      40.0000      90.0000  7.34155e-08
      40.0000      95.0000  7.09761e-08
      40.0000      100.000  6.84782e-08
      40.0000      110.000  6.34660e-08
      40.0000      120.000  5.86044e-08
      40.0000      130.000  5.40228e-08
      40.0000      140.000  4.97793e-08
      40.0000      150.000  4.58941e-08
      40.0000      160.000  4.23844e-08
      40.0000      170.000  3.92935e-08
      40.0000      180.000  3.65791e-08
      40.0000      190.000  3.43546e-08
      40.0000      200.000  3.27833e-08
      40.0000      210.000  3.21993e-08
      40.0000      220.000  3.32377e-08
      40.0000      230.000  3.68791e-08
      40.0000      240.000  4.46959e-08
      40.0000      250.000  5.96424e-08
      40.0000      260.000  8.72607e-08
      40.0000      270.000  1.37321e-07
      40.0000      280.000  2.33896e-07
      40.0000      290.000  4.21141e-07
      40.0000      300.000  7.65913e-07
      40.0000      310.000  1.35189e-06
      40.0000      320.000  2.38843e-06
      40.0000      330.000  3.97494e-06
      40.0000      340.000  6.09477e-06
      40.0000      350.000  9.03195e-06
      40.0000      360.000  1.22650e-05
      40.0000      365.000  1.14935e-05
      40.0000      370.000  1.18374e-05
      40.0000      380.000  1.16958e-05
      40.0000      390.000  1.02264e-05
      40.0000      400.000  8.64834e-06
      40.0000      410.000  7.00028e-06
      40.0000      420.000  5.83931e-06
      40.0000      430.000  4.88131e-06
      40.0000      440.000  4.10185e-06
      40.0000      450.000  3.46879e-06
      40.0000      460.000  2.95474e-06
      40.0000      470.000  2.53530e-06
      40.0000      480.000  2.19222e-06
      40.0000      490.000  1.91189e-06
      40.0000      500.000  1.68437e-06
      40.0000      510.000  1.50471e-06
      40.0000      520.000  1.37475e-06
      40.0000      530.000  1.33563e-06
      40.0000      540.000  1.34509e-06
      40.0000      550.000  1.47492e-06
      40.0000      560.000  1.76898e-06
      40.0000      570.000  2.19833e-06
      40.0000      580.000  2.84262e-06
      40.0000      590.000  3.38885e-06
      40.0000      600.000  3.35144e-06
      40.0000      610.000  3.30590e-06
      40.0000      620.000  2.97265e-06
      40.0000      630.000  2.54989e-06
      40.0000      640.000  2.11339e-06
      40.0000      650.000  1.78618e-06
      40.0000      660.000  1.51909e-06
      40.0000      670.000  1.30804e-06
      40.0000      680.000  1.14689e-06
      40.0000      690.000  1.02778e-06
      40.0000      700.000  9.48213e-07
      40.0000      710.000  8.88342e-07
      40.0000      720.000  8.08352e-07
      40.0000      730.000  7.40757e-07
      40.0000      740.000  6.58306e-07
      40.0000      750.000  5.79069e-07
      40.0000      760.000  5.08073e-07
      40.0000      770.000  4.46732e-07
      40.0000      780.000  3.94523e-07
      40.0000      790.000  3.50240e-07
      40.0000      800.000  3.12482e-07
      40.0000      810.000  2.80133e-07
      40.0000      820.000  2.52235e-07
      40.0000      830.000  2.28051e-07
      40.0000      840.000  2.07094e-07
      40.0000      850.000  1.88674e-07
      40.0000      860.000  1.72635e-07
      40.0000      870.000  1.58759e-07
      40.0000      880.000  1.47572e-07
      40.0000      890.000  1.38621e-07
      40.0000      900.000  1.32997e-07
      40.0000      910.000  1.31661e-07
      40.0000      920.000  1.34975e-07
      40.0000      930.000  1.42779e-07
      40.0000      940.000  1.58109e-07
      40.0000      950.000  1.55100e-07
      40.0000      960.000  1.49070e-07
      40.0000      970.000  1.38593e-07
      40.0000      980.000  1.23628e-07
      40.0000      990.000  1.08625e-07
      40.0000      1000.00  9.53179e-08
      40.0000      1010.00  8.40099e-08
      40.0000      1020.00  7.45311e-08
      40.0000      1030.00  6.65946e-08
      40.0000      1040.00  5.99332e-08
      40.0000      1050.00  5.42787e-08
      40.0000      1060.00  4.94765e-08
      40.0000      1070.00  4.53935e-08
      40.0000      1080.00  4.19621e-08
      40.0000      1090.00  3.91490e-08
      40.0000      1100.00  3.69635e-08
      40.0000      1110.00  3.51747e-08
      40.0000      1120.00  3.41574e-08
      40.0000      1130.00  3.39618e-08
      40.0000      1140.00  3.47586e-08
      40.0000      1150.00  3.68224e-08
      40.0000      1160.00  4.05759e-08
      40.0000      1170.00  4.48532e-08
      40.0000      1180.00  4.61975e-08
      40.0000      1190.00  4.64875e-08
      40.0000      1200.00  4.59921e-08
      40.0000      1210.00  4.48938e-08
      40.0000      1220.00  4.34904e-08
      40.0000      1230.00  4.17688e-08
      40.0000      1240.00  3.98538e-08
      40.0000      1250.00  3.78450e-08
      40.0000      1260.00  3.58084e-08
      40.0000      1270.00  3.37825e-08
      40.0000      1280.00  3.17949e-08
      40.0000      1290.00  2.98701e-08
      40.0000      1300.00  2.80253e-08
      40.0000      1325.00  2.38050e-08
      40.0000      1350.00  2.01707e-08
      40.0000      1375.00  1.70858e-08
      40.0000      1400.00  1.44811e-08
      40.0000      1425.00  1.22918e-08
      40.0000      1450.00  1.04580e-08
      40.0000      1475.00  8.92336e-09
      40.0000      1500.00  7.64492e-09
      40.0000      1525.00  6.62687e-09
      40.0000      1550.00  5.89704e-09
      40.0000      1575.00  5.64340e-09
      40.0000      1600.00  5.95592e-09
      40.0000      1625.00  7.27140e-09
      40.0000      1650.00  7.33253e-09
      40.0000      1675.00  7.22326e-09
      40.0000      1700.00  6.73448e-09
      40.0000      1725.00  5.99468e-09
      40.0000      1750.00  5.20421e-09
      40.0000      1775.00  4.46172e-09
      40.0000      1800.00  3.80303e-09
      40.0000      1825.00  3.23497e-09
      40.0000      1850.00  2.75132e-09
      40.0000      1875.00  2.34173e-09
      40.0000      1900.00  1.99616e-09
      40.0000      1925.00  1.70549e-09
      40.0000      1950.00  1.46050e-09
      40.0000      1975.00  1.25350e-09
      40.0000      2000.00  1.07823e-09
      40.0000      2025.00  9.29971e-10
      40.0000      2050.00  8.04175e-10
      40.0000      2075.00  6.97022e-10
      40.0000      2100.00  6.05298e-10
      40.0000      2125.00  5.26865e-10
      40.0000      2150.00  4.59995e-10
      40.0000      2175.00  4.02369e-10
      40.0000      2200.00  3.52527e-10
      40.0000      2225.00  3.09360e-10
      40.0000      2250.00  2.72220e-10
      40.0000      2275.00  2.40120e-10
      40.0000      2300.00  2.12058e-10
      40.0000      2325.00  1.87454e-10
      40.0000      2350.00  1.66016e-10
      40.0000      2375.00  1.47408e-10
      40.0000      2400.00  1.31174e-10

      51.6620     0.100000  7.15399e-13
      51.6620     0.200000  2.85915e-12
      51.6620     0.300000  6.42872e-12
      51.6620     0.400000  1.14232e-11
      51.6620     0.500000  1.78433e-11
      51.6620     0.600000  2.56914e-11
      51.6620     0.700000  3.49716e-11
      51.6620     0.800000  4.56896e-11
      51.6620     0.900000  5.78521e-11
      51.6620      1.00000  7.14686e-11
      51.6620      1.10000  8.65475e-11
      51.6620      1.20000  1.03098e-10
      51.6620      1.30000  1.21133e-10
      51.6620      1.40000  1.40659e-10
      51.6620      1.50000  1.61685e-10
      51.6620      1.60000  1.84216e-10
      51.6620      1.70000  2.08258e-10
      51.6620      2.00000  2.89429e-10
      51.6620      2.50000  4.54368e-10
      51.6620      3.00000  6.54646e-10
      51.6620      3.50000  8.88194e-10
      51.6620      4.00000  1.15365e-09
      51.6620      4.50000  1.45031e-09
      51.6620      5.00000  1.77768e-09
      51.6620      5.50000  2.13528e-09
      51.6620      6.00000  2.52253e-09
      51.6620      6.50000  2.93880e-09
      51.6620      7.00000  3.38346e-09
      51.6620      7.50000  3.85574e-09
      51.6620      8.00000  4.35498e-09
      51.6620      8.50000  4.88044e-09
      51.6620      9.00000  5.43150e-09
      51.6620      9.50000  6.00756e-09
      51.6620      10.0000  6.60806e-09
      51.6620      10.5000  7.23255e-09
      51.6620      11.0000  7.88073e-09
      51.6620      11.5000  8.55230e-09
      51.6620      12.0000  9.24696e-09
      51.6620      14.0000  1.22502e-08
      51.6620      16.0000  1.55856e-08
      51.6620      18.0000  1.91941e-08
      51.6620      20.0000  2.29990e-08
      51.6620      25.0000  3.28773e-08
      51.6620      30.0000  4.24999e-08
      51.6620      35.0000  5.11811e-08
      51.6620      40.0000  5.85644e-08
      51.6620      45.0000  6.45352e-08
      51.6620      50.0000  6.91313e-08
      51.6620      55.0000  7.24656e-08
      51.6620      60.0000  7.46856e-08
      51.6620      65.0000  7.59506e-08
      51.6620      70.0000  7.64185e-08
      51.6620      75.0000  7.62356e-08
      51.6620      80.0000  7.55293e-08
      51.6620      85.0000  7.44117e-08
      51.6620      90.0000  7.29703e-08
      51.6620      95.0000  7.12987e-08
      51.6620      100.000  6.94541e-08
      51.6620      110.000  6.54695e-08
      51.6620      120.000  6.13347e-08
      51.6620      130.000  5.72513e-08
      51.6620      140.000  5.33979e-08
      51.6620      150.000  4.98245e-08
      51.6620      160.000  4.67268e-08
      51.6620      170.000  4.42204e-08
      51.6620      180.000  4.24243e-08
      51.6620      190.000  4.13289e-08
      51.6620      200.000  4.22734e-08
      51.6620      210.000  4.42873e-08
      51.6620      220.000  5.08154e-08
      51.6620      230.000  6.37409e-08
      51.6620      240.000  8.43849e-08
      51.6620      250.000  1.15089e-07
      51.6620      260.000  1.73675e-07
      51.6620      270.000  2.72640e-07
      51.6620      280.000  4.34515e-07
      51.6620      290.000  6.99263e-07
      51.6620      300.000  1.15165e-06
      51.6620      310.000  1.86523e-06
      51.6620      320.000  2.97802e-06
      51.6620      330.000  4.49215e-06
      51.6620      340.000  6.28800e-06
      51.6620      350.000  8.52671e-06
      51.6620      360.000  1.14664e-05
      51.6620      365.000  1.07203e-05
      51.6620      370.000  1.10155e-05
      51.6620      380.000  1.09857e-05
      51.6620      390.000  9.76985e-06
      51.6620      400.000  8.42912e-06
      51.6620      410.000  6.83035e-06
      51.6620      420.000  5.81767e-06
      51.6620      430.000  4.94907e-06
      51.6620      440.000  4.21995e-06
      51.6620      450.000  3.61323e-06
      51.6620      460.000  3.11041e-06
      51.6620      470.000  2.69472e-06
      51.6620      480.000  2.34984e-06
      51.6620      490.000  2.06854e-06
      51.6620      500.000  1.84460e-06
      51.6620      510.000  1.67026e-06
      51.6620      520.000  1.55242e-06
      51.6620      530.000  1.55173e-06
      51.6620      540.000  1.58044e-06
      51.6620      550.000  1.71741e-06
      51.6620      560.000  1.97914e-06
      51.6620      570.000  2.32461e-06
      51.6620      580.000  2.80720e-06
      51.6620      590.000  3.23429e-06
      51.6620      600.000  3.20581e-06
      51.6620      610.000  3.17212e-06
      51.6620      620.000  2.88996e-06
      51.6620      630.000  2.52748e-06
      51.6620      640.000  2.11406e-06
      51.6620      650.000  1.82316e-06
      51.6620      660.000  1.57765e-06
      51.6620      670.000  1.37805e-06
      51.6620      680.000  1.22067e-06
      51.6620      690.000  1.09655e-06
      51.6620      700.000  1.00570e-06
      51.6620      710.000  9.29798e-07
      51.6620      720.000  8.43459e-07
      51.6620      730.000  7.69718e-07
      51.6620      740.000  6.89760e-07
      51.6620      750.000  6.13238e-07
      51.6620      760.000  5.43438e-07
      51.6620      770.000  4.81941e-07
      51.6620      780.000  4.28647e-07
      51.6620      790.000  3.82660e-07
      51.6620      800.000  3.42998e-07
      51.6620      810.000  3.08631e-07
      51.6620      820.000  2.78793e-07
      51.6620      830.000  2.52786e-07
      51.6620      840.000  2.30094e-07
      51.6620      850.000  2.10250e-07
      51.6620      860.000  1.93123e-07
      51.6620      870.000  1.78346e-07
      51.6620      880.000  1.66131e-07
      51.6620      890.000  1.57001e-07
      51.6620      900.000  1.51759e-07
      51.6620      910.000  1.49173e-07
      51.6620      920.000  1.49842e-07
      51.6620      930.000  1.56186e-07
      51.6620      940.000  1.62718e-07
      51.6620      950.000  1.57734e-07
      51.6620      960.000  1.51200e-07
      51.6620      970.000  1.41522e-07
      51.6620      980.000  1.28312e-07
      51.6620      990.000  1.14679e-07
      51.6620      1000.00  1.02153e-07
      51.6620      1010.00  9.11745e-08
      51.6620      1020.00  8.17301e-08
      51.6620      1030.00  7.36420e-08
      51.6620      1040.00  6.67191e-08
      51.6620      1050.00  6.08123e-08
      51.6620      1060.00  5.57605e-08
      51.6620      1070.00  5.15270e-08
      51.6620      1080.00  4.80091e-08
      51.6620      1090.00  4.49858e-08
      51.6620      1100.00  4.26247e-08
      51.6620      1110.00  4.08937e-08
      51.6620      1120.00  3.99502e-08
      51.6620      1130.00  3.98707e-08
      51.6620      1140.00  4.03136e-08
      51.6620      1150.00  4.16699e-08
      51.6620      1160.00  4.48463e-08
      51.6620      1170.00  4.72916e-08
      51.6620      1180.00  4.74280e-08
      51.6620      1190.00  4.73414e-08
      51.6620      1200.00  4.66714e-08
      51.6620      1210.00  4.55506e-08
      51.6620      1220.00  4.41341e-08
      51.6620      1230.00  4.24665e-08
      51.6620      1240.00  4.06558e-08
      51.6620      1250.00  3.87702e-08
      51.6620      1260.00  3.68521e-08
      51.6620      1270.00  3.49326e-08
      51.6620      1280.00  3.30395e-08
      51.6620      1290.00  3.11892e-08
      51.6620      1300.00  2.94021e-08
      51.6620      1325.00  2.52570e-08
      51.6620      1350.00  2.16165e-08
      51.6620      1375.00  1.84722e-08
      51.6620      1400.00  1.57800e-08
      51.6620      1425.00  1.34909e-08
      51.6620      1450.00  1.15544e-08
      51.6620      1475.00  9.92734e-09
      51.6620      1500.00  8.58251e-09
      51.6620      1525.00  7.52220e-09
      51.6620      1550.00  6.83095e-09
      51.6620      1575.00  6.53772e-09
      51.6620      1600.00  6.78559e-09
      51.6620      1625.00  7.63795e-09
      51.6620      1650.00  7.59059e-09
      51.6620      1675.00  7.40173e-09
      51.6620      1700.00  6.92062e-09
      51.6620      1725.00  6.22725e-09
      51.6620      1750.00  5.47373e-09
      51.6620      1775.00  4.74955e-09
      51.6620      1800.00  4.09184e-09
      51.6620      1825.00  3.51365e-09
      51.6620      1850.00  3.01289e-09
      51.6620      1875.00  2.58315e-09
      51.6620      1900.00  2.21620e-09
      51.6620      1925.00  1.90391e-09
      51.6620      1950.00  1.63863e-09
      51.6620      1975.00  1.41255e-09
      51.6620      2000.00  1.21998e-09
      51.6620      2025.00  1.05596e-09
      51.6620      2050.00  9.16054e-10
      51.6620      2075.00  7.96138e-10
      51.6620      2100.00  6.93324e-10
      51.6620      2125.00  6.05005e-10
      51.6620      2150.00  5.29203e-10
      51.6620      2175.00  4.63769e-10
      51.6620      2200.00  4.07075e-10
      51.6620      2225.00  3.57932e-10
      51.6620      2250.00  3.15418e-10
      51.6620      2275.00  2.78511e-10
      51.6620      2300.00  2.46270e-10
      51.6620      2325.00  2.18005e-10
      51.6620      2350.00  1.93347e-10
      51.6620      2375.00  1.71818e-10
      51.6620      2400.00  1.52931e-10

      66.7240     0.100000  5.15456e-13
      66.7240     0.200000  2.06188e-12
      66.7240     0.300000  4.64013e-12
      66.7240     0.400000  8.25189e-12
      66.7240     0.500000  1.28997e-11
      66.7240     0.600000  1.85864e-11
      66.7240     0.700000  2.53155e-11
      66.7240     0.800000  3.30899e-11
      66.7240     0.900000  4.19130e-11
      66.7240      1.00000  5.17877e-11
      66.7240      1.10000  6.27146e-11
      66.7240      1.20000  7.46966e-11
      66.7240      1.30000  8.77316e-11
      66.7240      1.40000  1.01819e-10
      66.7240      1.50000  1.16957e-10
      66.7240      1.60000  1.33143e-10
      66.7240      1.70000  1.50371e-10
      66.7240      2.00000  2.08271e-10
      66.7240      2.50000  3.25141e-10
      66.7240      3.00000  4.66917e-10
      66.7240      3.50000  6.33108e-10
      66.7240      4.00000  8.23345e-10
      66.7240      4.50000  1.03732e-09
      66.7240      5.00000  1.27471e-09
      66.7240      5.50000  1.53525e-09
      66.7240      6.00000  1.81856e-09
      66.7240      6.50000  2.12429e-09
      66.7240      7.00000  2.45198e-09
      66.7240      7.50000  2.80115e-09
      66.7240      8.00000  3.17127e-09
      66.7240      8.50000  3.56179e-09
      66.7240      9.00000  3.97227e-09
      66.7240      9.50000  4.40224e-09
      66.7240      10.0000  4.85141e-09
      66.7240      10.5000  5.31945e-09
      66.7240      11.0000  5.80617e-09
      66.7240      11.5000  6.31146e-09
      66.7240      12.0000  6.83497e-09
      66.7240      14.0000  9.10778e-09
      66.7240      16.0000  1.16486e-08
      66.7240      18.0000  1.44216e-08
      66.7240      20.0000  1.73812e-08
      66.7240      25.0000  2.52935e-08
      66.7240      30.0000  3.34002e-08
      66.7240      35.0000  4.11479e-08
      66.7240      40.0000  4.81815e-08
      66.7240      45.0000  5.43129e-08
      66.7240      50.0000  5.94686e-08
      66.7240      55.0000  6.36548e-08
      66.7240      60.0000  6.69167e-08
      66.7240      65.0000  6.93374e-08
      66.7240      70.0000  7.10097e-08
      66.7240      75.0000  7.20171e-08
      66.7240      80.0000  7.24686e-08
      66.7240      85.0000  7.24539e-08
      66.7240      90.0000  7.20282e-08
      66.7240      95.0000  7.13028e-08
      66.7240      100.000  7.03287e-08
      66.7240      110.000  6.78093e-08
      66.7240      120.000  6.48933e-08
      66.7240      130.000  6.19427e-08
      66.7240      140.000  5.89629e-08
      66.7240      150.000  5.65642e-08
      66.7240      160.000  5.48482e-08
      66.7240      170.000  5.35912e-08
      66.7240      180.000  5.44682e-08
      66.7240      190.000  5.69536e-08
      66.7240      200.000  6.15713e-08
      66.7240      210.000  7.28686e-08
      66.7240      220.000  8.79110e-08
      66.7240      230.000  1.12446e-07
      66.7240      240.000  1.57406e-07
      66.7240      250.000  2.19298e-07
      66.7240      260.000  3.17033e-07
      66.7240      270.000  4.68999e-07
      66.7240      280.000  6.99964e-07
      66.7240      290.000  1.04999e-06
      66.7240      300.000  1.59472e-06
      66.7240      310.000  2.36249e-06
      66.7240      320.000  3.44725e-06
      66.7240      330.000  4.81791e-06
      66.7240      340.000  6.33886e-06
      66.7240      350.000  8.01391e-06
      66.7240      360.000  1.06440e-05
      66.7240      365.000  9.97601e-06
      66.7240      370.000  1.02557e-05
      66.7240      380.000  1.03106e-05
      66.7240      390.000  9.31422e-06
      66.7240      400.000  8.19442e-06
      66.7240      410.000  6.71202e-06
      66.7240      420.000  5.84104e-06
      66.7240      430.000  5.06367e-06
      66.7240      440.000  4.39049e-06
      66.7240      450.000  3.81542e-06
      66.7240      460.000  3.32794e-06
      66.7240      470.000  2.91882e-06
      66.7240      480.000  2.57792e-06
      66.7240      490.000  2.29996e-06
      66.7240      500.000  2.07429e-06
      66.7240      510.000  1.91062e-06
      66.7240      520.000  1.79695e-06
      66.7240      530.000  1.81938e-06
      66.7240      540.000  1.84812e-06
      66.7240      550.000  1.97288e-06
      66.7240      560.000  2.21855e-06
      66.7240      570.000  2.52021e-06
      66.7240      580.000  2.79067e-06
      66.7240      590.000  3.15151e-06
      66.7240      600.000  3.10578e-06
      66.7240      610.000  3.07996e-06
      66.7240      620.000  2.83869e-06
      66.7240      630.000  2.52896e-06
      66.7240      640.000  2.14494e-06
      66.7240      650.000  1.88735e-06
      66.7240      660.000  1.66248e-06
      66.7240      670.000  1.47342e-06
      66.7240      680.000  1.31773e-06
      66.7240      690.000  1.19107e-06
      66.7240      700.000  1.08743e-06
      66.7240      710.000  1.00062e-06
      66.7240      720.000  9.07472e-07
      66.7240      730.000  8.28209e-07
      66.7240      740.000  7.48395e-07
      66.7240      750.000  6.72928e-07
      66.7240      760.000  6.04185e-07
      66.7240      770.000  5.43295e-07
      66.7240      780.000  4.92453e-07
      66.7240      790.000  4.46117e-07
      66.7240      800.000  4.10085e-07
      66.7240      810.000  3.75095e-07
      66.7240      820.000  3.45136e-07
      66.7240      830.000  3.16726e-07
      66.7240      840.000  2.91216e-07
      66.7240      850.000  2.67154e-07
      66.7240      860.000  2.45500e-07
      66.7240      870.000  2.26264e-07
      66.7240      880.000  2.10466e-07
      66.7240      890.000  1.97357e-07
      66.7240      900.000  1.88748e-07
      66.7240      910.000  1.82210e-07
      66.7240      920.000  1.80871e-07
      66.7240      930.000  1.78213e-07
      66.7240      940.000  1.79206e-07
      66.7240      950.000  1.72830e-07
      66.7240      960.000  1.64766e-07
      66.7240      970.000  1.54629e-07
      66.7240      980.000  1.41937e-07
      66.7240      990.000  1.28765e-07
      66.7240      1000.00  1.16338e-07
      66.7240      1010.00  1.05192e-07
      66.7240      1020.00  9.53499e-08
      66.7240      1030.00  8.67027e-08
      66.7240      1040.00  7.92957e-08
      66.7240      1050.00  7.27891e-08
      66.7240      1060.00  6.72540e-08
      66.7240      1070.00  6.24515e-08
      66.7240      1080.00  5.84697e-08
      66.7240      1090.00  5.50808e-08
      66.7240      1100.00  5.25055e-08
      66.7240      1110.00  5.04555e-08
      66.7240      1120.00  4.92624e-08
      66.7240      1130.00  4.85843e-08
      66.7240      1140.00  4.88704e-08
      66.7240      1150.00  4.96356e-08
      66.7240      1160.00  5.11152e-08
      66.7240      1170.00  5.23840e-08
      66.7240      1180.00  5.19761e-08
      66.7240      1190.00  5.14157e-08
      66.7240      1200.00  5.04079e-08
      66.7240      1210.00  4.90576e-08
      66.7240      1220.00  4.74500e-08
      66.7240      1230.00  4.56567e-08
      66.7240      1240.00  4.37672e-08
      66.7240      1250.00  4.18314e-08
      66.7240      1260.00  3.98777e-08
      66.7240      1270.00  3.79283e-08
      66.7240      1280.00  3.60058e-08
      66.7240      1290.00  3.41281e-08
      66.7240      1300.00  3.23044e-08
      66.7240      1325.00  2.80465e-08
      66.7240      1350.00  2.42627e-08
      66.7240      1375.00  2.09803e-08
      66.7240      1400.00  1.81297e-08
      66.7240      1425.00  1.56511e-08
      66.7240      1450.00  1.35039e-08
      66.7240      1475.00  1.16990e-08
      66.7240      1500.00  1.02204e-08
      66.7240      1525.00  9.07662e-09
      66.7240      1550.00  8.28604e-09
      66.7240      1575.00  7.93510e-09
      66.7240      1600.00  8.05751e-09
      66.7240      1625.00  8.40840e-09
      66.7240      1650.00  8.22086e-09
      66.7240      1675.00  7.92399e-09
      66.7240      1700.00  7.41056e-09
      66.7240      1725.00  6.72547e-09
      66.7240      1750.00  5.98096e-09
      66.7240      1775.00  5.25229e-09
      66.7240      1800.00  4.57820e-09
      66.7240      1825.00  3.97348e-09
      66.7240      1850.00  3.44022e-09
      66.7240      1875.00  2.97592e-09
      66.7240      1900.00  2.57429e-09
      66.7240      1925.00  2.22856e-09
      66.7240      1950.00  1.93192e-09
      66.7240      1975.00  1.67939e-09
      66.7240      2000.00  1.46375e-09
      66.7240      2025.00  1.28199e-09
      66.7240      2050.00  1.13417e-09
      66.7240      2075.00  9.98892e-10
      66.7240      2100.00  8.81824e-10
      66.7240      2125.00  7.78614e-10
      66.7240      2150.00  6.86525e-10
      66.7240      2175.00  6.04601e-10
      66.7240      2200.00  5.32492e-10
      66.7240      2225.00  4.69210e-10
      66.7240      2250.00  4.13710e-10
      66.7240      2275.00  3.65207e-10
      66.7240      2300.00  3.22809e-10
      66.7240      2325.00  2.85734e-10
      66.7240      2350.00  2.53268e-10
      66.7240      2375.00  2.24784e-10
      66.7240      2400.00  1.99794e-10

      86.1770     0.100000  3.88402e-13
      86.1770     0.200000  1.55395e-12
      86.1770     0.300000  3.49708e-12
      86.1770     0.400000  6.21819e-12
      86.1770     0.500000  9.71731e-12
      86.1770     0.600000  1.39944e-11
      86.1770     0.700000  1.90490e-11
      86.1770     0.800000  2.48809e-11
      86.1770     0.900000  3.14884e-11
      86.1770      1.00000  3.88718e-11
      86.1770      1.10000  4.70281e-11
      86.1770      1.20000  5.59572e-11
      86.1770      1.30000  6.56574e-11
      86.1770      1.40000  7.61268e-11
      86.1770      1.50000  8.73643e-11
      86.1770      1.60000  9.93689e-11
      86.1770      1.70000  1.12138e-10
      86.1770      2.00000  1.55024e-10
      86.1770      2.50000  2.41688e-10
      86.1770      3.00000  3.47243e-10
      86.1770      3.50000  4.71610e-10
      86.1770      4.00000  6.14703e-10
      86.1770      4.50000  7.76440e-10
      86.1770      5.00000  9.56689e-10
      86.1770      5.50000  1.15525e-09
      86.1770      6.00000  1.37180e-09
      86.1770      6.50000  1.60596e-09
      86.1770      7.00000  1.85732e-09
      86.1770      7.50000  2.12541e-09
      86.1770      8.00000  2.40976e-09
      86.1770      8.50000  2.71003e-09
      86.1770      9.00000  3.02593e-09
      86.1770      9.50000  3.35718e-09
      86.1770      10.0000  3.70363e-09
      86.1770      10.5000  4.06520e-09
      86.1770      11.0000  4.44167e-09
      86.1770      11.5000  4.83307e-09
      86.1770      12.0000  5.23932e-09
      86.1770      14.0000  7.00977e-09
      86.1770      16.0000  9.00246e-09
      86.1770      18.0000  1.11962e-08
      86.1770      20.0000  1.35644e-08
      86.1770      25.0000  2.00541e-08
      86.1770      30.0000  2.69657e-08
      86.1770      35.0000  3.38566e-08
      86.1770      40.0000  4.04214e-08
      86.1770      45.0000  4.64672e-08
      86.1770      50.0000  5.18701e-08
      86.1770      55.0000  5.65846e-08
      86.1770      60.0000  6.06078e-08
      86.1770      65.0000  6.39585e-08
      86.1770      70.0000  6.66438e-08
      86.1770      75.0000  6.87384e-08
      86.1770      80.0000  7.03194e-08
      86.1770      85.0000  7.14539e-08
      86.1770      90.0000  7.21235e-08
      86.1770      95.0000  7.24515e-08
      86.1770      100.000  7.25339e-08
      86.1770      110.000  7.20367e-08
      86.1770      120.000  7.10204e-08
      86.1770      130.000  6.99256e-08
      86.1770      140.000  6.90645e-08
      86.1770      150.000  6.89458e-08
      86.1770      160.000  6.98955e-08
      86.1770      170.000  7.27216e-08
      86.1770      180.000  7.79347e-08
      86.1770      190.000  8.70909e-08
      86.1770      200.000  1.00856e-07
      86.1770      210.000  1.22203e-07
      86.1770      220.000  1.55292e-07
      86.1770      230.000  2.02827e-07
      86.1770      240.000  2.71859e-07
      86.1770      250.000  3.72093e-07
      86.1770      260.000  5.16971e-07
      86.1770      270.000  7.25575e-07
      86.1770      280.000  1.02486e-06
      86.1770      290.000  1.45061e-06
      86.1770      300.000  2.04554e-06
      86.1770      310.000  2.78196e-06
      86.1770      320.000  3.79469e-06
      86.1770      330.000  4.96294e-06
      86.1770      340.000  6.16806e-06
      86.1770      350.000  7.45798e-06
      86.1770      360.000  8.81516e-06
      86.1770      365.000  8.64301e-06
      86.1770      370.000  8.84966e-06
      86.1770      380.000  8.89240e-06
      86.1770      390.000  8.31630e-06
      86.1770      400.000  7.55766e-06
      86.1770      410.000  6.57598e-06
      86.1770      420.000  5.84640e-06
      86.1770      430.000  5.16968e-06
      86.1770      440.000  4.56472e-06
      86.1770      450.000  4.03377e-06
      86.1770      460.000  3.57439e-06
      86.1770      470.000  3.18200e-06
      86.1770      480.000  2.85134e-06
      86.1770      490.000  2.57850e-06
      86.1770      500.000  2.36151e-06
      86.1770      510.000  2.20016e-06
      86.1770      520.000  2.09734e-06
      86.1770      530.000  2.09268e-06
      86.1770      540.000  2.12937e-06
      86.1770      550.000  2.24691e-06
      86.1770      560.000  2.44000e-06
      86.1770      570.000  2.64241e-06
      86.1770      580.000  2.89516e-06
      86.1770      590.000  3.00279e-06
      86.1770      600.000  2.96115e-06
      86.1770      610.000  2.91547e-06
      86.1770      620.000  2.73779e-06
      86.1770      630.000  2.49753e-06
      86.1770      640.000  2.21813e-06
      86.1770      650.000  1.98753e-06
      86.1770      660.000  1.77994e-06
      86.1770      670.000  1.59948e-06
      86.1770      680.000  1.44582e-06
      86.1770      690.000  1.31432e-06
      86.1770      700.000  1.20439e-06
      86.1770      710.000  1.10540e-06
      86.1770      720.000  1.00860e-06
      86.1770      730.000  9.26335e-07
      86.1770      740.000  8.48558e-07
      86.1770      750.000  7.77893e-07
      86.1770      760.000  7.15945e-07
      86.1770      770.000  6.64039e-07
      86.1770      780.000  6.22153e-07
      86.1770      790.000  5.88485e-07
      86.1770      800.000  5.58969e-07
      86.1770      810.000  5.37522e-07
      86.1770      820.000  5.09489e-07
      86.1770      830.000  4.79380e-07
      86.1770      840.000  4.49468e-07
      86.1770      850.000  4.16332e-07
      86.1770      860.000  3.82465e-07
      86.1770      870.000  3.50768e-07
      86.1770      880.000  3.22639e-07
      86.1770      890.000  2.98659e-07
      86.1770      900.000  2.79003e-07
      86.1770      910.000  2.63383e-07
      86.1770      920.000  2.50845e-07
      86.1770      930.000  2.40218e-07
      86.1770      940.000  2.31975e-07
      86.1770      950.000  2.20182e-07
      86.1770      960.000  2.07306e-07
      86.1770      970.000  1.93840e-07
      86.1770      980.000  1.78858e-07
      86.1770      990.000  1.63688e-07
      86.1770      1000.00  1.49499e-07
      86.1770      1010.00  1.36442e-07
      86.1770      1020.00  1.24887e-07
      86.1770      1030.00  1.14516e-07
      86.1770      1040.00  1.05408e-07
      86.1770      1050.00  9.74145e-08
      86.1770      1060.00  9.04401e-08
      86.1770      1070.00  8.44057e-08
      86.1770      1080.00  7.92422e-08
      86.1770      1090.00  7.49020e-08
      86.1770      1100.00  7.13481e-08
      86.1770      1110.00  6.85660e-08
      86.1770      1120.00  6.65642e-08
      86.1770      1130.00  6.53846e-08
      86.1770      1140.00  6.50715e-08
      86.1770      1150.00  6.54496e-08
      86.1770      1160.00  6.59719e-08
      86.1770      1170.00  6.58212e-08
      86.1770      1180.00  6.35655e-08
      86.1770      1190.00  6.22253e-08
      86.1770      1200.00  6.05327e-08
      86.1770      1210.00  5.85020e-08
      86.1770      1220.00  5.62504e-08
      86.1770      1230.00  5.38919e-08
      86.1770      1240.00  5.15139e-08
      86.1770      1250.00  4.91522e-08
      86.1770      1260.00  4.68217e-08
      86.1770      1270.00  4.45463e-08
      86.1770      1280.00  4.23285e-08
      86.1770      1290.00  4.01868e-08
      86.1770      1300.00  3.81244e-08
      86.1770      1325.00  3.33473e-08
      86.1770      1350.00  2.91517e-08
      86.1770      1375.00  2.55496e-08
      86.1770      1400.00  2.24549e-08
      86.1770      1425.00  1.96198e-08
      86.1770      1450.00  1.70594e-08
      86.1770      1475.00  1.48488e-08
      86.1770      1500.00  1.30543e-08
      86.1770      1525.00  1.16600e-08
      86.1770      1550.00  1.06706e-08
      86.1770      1575.00  1.00733e-08
      86.1770      1600.00  9.84664e-09
      86.1770      1625.00  9.87182e-09
      86.1770      1650.00  9.48107e-09
      86.1770      1675.00  9.02061e-09
      86.1770      1700.00  8.41305e-09
      86.1770      1725.00  7.67334e-09
      86.1770      1750.00  6.88658e-09
      86.1770      1775.00  6.11354e-09
      86.1770      1800.00  5.38925e-09
      86.1770      1825.00  4.72906e-09
      86.1770      1850.00  4.13858e-09
      86.1770      1875.00  3.61819e-09
      86.1770      1900.00  3.16286e-09
      86.1770      1925.00  2.76949e-09
      86.1770      1950.00  2.43266e-09
      86.1770      1975.00  2.14956e-09
      86.1770      2000.00  1.91586e-09
      86.1770      2025.00  1.72771e-09
      86.1770      2050.00  1.58088e-09
      86.1770      2075.00  1.44829e-09
      86.1770      2100.00  1.31668e-09
      86.1770      2125.00  1.19271e-09
      86.1770      2150.00  1.07198e-09
      86.1770      2175.00  9.56464e-10
      86.1770      2200.00  8.49165e-10
      86.1770      2225.00  7.51568e-10
      86.1770      2250.00  6.63980e-10
      86.1770      2275.00  5.86134e-10
      86.1770      2300.00  5.17519e-10
      86.1770      2325.00  4.57120e-10
      86.1770      2350.00  4.04031e-10
      86.1770      2375.00  3.57359e-10
      86.1770      2400.00  3.16517e-10

      111.302     0.100000  3.12195e-13
      111.302     0.200000  1.24818e-12
      111.302     0.300000  2.80703e-12
      111.302     0.400000  4.98779e-12
      111.302     0.500000  7.78952e-12
      111.302     0.600000  1.12113e-11
      111.302     0.700000  1.52525e-11
      111.302     0.800000  1.99121e-11
      111.302     0.900000  2.51891e-11
      111.302      1.00000  3.10836e-11
      111.302      1.10000  3.75944e-11
      111.302      1.20000  4.47215e-11
      111.302      1.30000  5.24643e-11
      111.302      1.40000  6.08216e-11
      111.302      1.50000  6.97949e-11
      111.302      1.60000  7.93821e-11
      111.302      1.70000  8.95857e-11
      111.302      2.00000  1.23882e-10
      111.302      2.50000  1.93346e-10
      111.302      3.00000  2.78212e-10
      111.302      3.50000  3.78494e-10
      111.302      4.00000  4.94177e-10
      111.302      4.50000  6.25170e-10
      111.302      5.00000  7.71302e-10
      111.302      5.50000  9.32358e-10
      111.302      6.00000  1.10800e-09
      111.302      6.50000  1.29794e-09
      111.302      7.00000  1.50188e-09
      111.302      7.50000  1.71952e-09
      111.302      8.00000  1.95063e-09
      111.302      8.50000  2.19504e-09
      111.302      9.00000  2.45267e-09
      111.302      9.50000  2.72334e-09
      111.302      10.0000  3.00703e-09
      111.302      10.5000  3.30364e-09
      111.302      11.0000  3.61312e-09
      111.302      11.5000  3.93550e-09
      111.302      12.0000  4.27058e-09
      111.302      14.0000  5.73672e-09
      111.302      16.0000  7.39713e-09
      111.302      18.0000  9.23848e-09
      111.302      20.0000  1.12451e-08
      111.302      25.0000  1.68480e-08
      111.302      30.0000  2.29975e-08
      111.302      35.0000  2.93535e-08
      111.302      40.0000  3.56572e-08
      111.302      45.0000  4.17269e-08
      111.302      50.0000  4.74488e-08
      111.302      55.0000  5.27181e-08
      111.302      60.0000  5.74832e-08
      111.302      65.0000  6.17391e-08
      111.302      70.0000  6.54835e-08
      111.302      75.0000  6.87606e-08
      111.302      80.0000  7.15991e-08
      111.302      85.0000  7.39464e-08
      111.302      90.0000  7.59247e-08
      111.302      95.0000  7.75832e-08
      111.302      100.000  7.90416e-08
      111.302      110.000  8.13001e-08
      111.302      120.000  8.29952e-08
      111.302      130.000  8.53852e-08
      111.302      140.000  8.75154e-08
      111.302      150.000  9.09575e-08
      111.302      160.000  9.74341e-08
      111.302      170.000  1.05812e-07
      111.302      180.000  1.18400e-07
      111.302      190.000  1.37496e-07
      111.302      200.000  1.62865e-07
      111.302      210.000  1.99688e-07
      111.302      220.000  2.50765e-07
      111.302      230.000  3.20122e-07
      111.302      240.000  4.17678e-07
      111.302      250.000  5.48074e-07
      111.302      260.000  7.37512e-07
      111.302      270.000  9.73445e-07
      111.302      280.000  1.30344e-06
      111.302      290.000  1.74425e-06
      111.302      300.000  2.29493e-06
      111.302      310.000  3.03650e-06
      111.302      320.000  3.90762e-06
      111.302      330.000  4.90466e-06
      111.302      340.000  5.80361e-06
      111.302      350.000  6.75384e-06
      111.302      360.000  7.53051e-06
      111.302      365.000  7.54610e-06
      111.302      370.000  7.70708e-06
      111.302      380.000  7.77442e-06
      111.302      390.000  7.45270e-06
      111.302      400.000  6.94647e-06
      111.302      410.000  6.28540e-06
      111.302      420.000  5.70725e-06
      111.302      430.000  5.15157e-06
      111.302      440.000  4.63722e-06
      111.302      450.000  4.17384e-06
      111.302      460.000  3.76384e-06
      111.302      470.000  3.40753e-06
      111.302      480.000  3.10980e-06
      111.302      490.000  2.85099e-06
      111.302      500.000  2.65207e-06
      111.302      510.000  2.49972e-06
      111.302      520.000  2.40452e-06
      111.302      530.000  2.38572e-06
      111.302      540.000  2.39472e-06
      111.302      550.000  2.48259e-06
      111.302      560.000  2.61517e-06
      111.302      570.000  2.71268e-06
      111.302      580.000  2.89401e-06
      111.302      590.000  2.95474e-06
      111.302      600.000  2.91217e-06
      111.302      610.000  2.85838e-06
      111.302      620.000  2.71811e-06
      111.302      630.000  2.52480e-06
      111.302      640.000  2.30853e-06
      111.302      650.000  2.10485e-06
      111.302      660.000  1.91527e-06
      111.302      670.000  1.74679e-06
      111.302      680.000  1.59610e-06
      111.302      690.000  1.46723e-06
      111.302      700.000  1.35321e-06
      111.302      710.000  1.25495e-06
      111.302      720.000  1.16608e-06
      111.302      730.000  1.08870e-06
      111.302      740.000  1.02508e-06
      111.302      750.000  9.71240e-07
      111.302      760.000  9.32813e-07
      111.302      770.000  9.08541e-07
      111.302      780.000  8.99995e-07
      111.302      790.000  9.47303e-07
      111.302      800.000  9.04765e-07
      111.302      810.000  9.51336e-07
      111.302      820.000  9.05381e-07
      111.302      830.000  8.75522e-07
      111.302      840.000  8.41276e-07
      111.302      850.000  7.90936e-07
      111.302      860.000  7.31317e-07
      111.302      870.000  6.70151e-07
      111.302      880.000  6.12836e-07
      111.302      890.000  5.60616e-07
      111.302      900.000  5.14559e-07
      111.302      910.000  4.74377e-07
      111.302      920.000  4.39136e-07
      111.302      930.000  4.13103e-07
      111.302      940.000  3.80801e-07
      111.302      950.000  3.53590e-07
      111.302      960.000  3.27832e-07
      111.302      970.000  3.03698e-07
      111.302      980.000  2.79842e-07
      111.302      990.000  2.57221e-07
      111.302      1000.00  2.36348e-07
      111.302      1010.00  2.17544e-07
      111.302      1020.00  2.00408e-07
      111.302      1030.00  1.85628e-07
      111.302      1040.00  1.71513e-07
      111.302      1050.00  1.59199e-07
      111.302      1060.00  1.48260e-07
      111.302      1070.00  1.38469e-07
      111.302      1080.00  1.29904e-07
      111.302      1090.00  1.22338e-07
      111.302      1100.00  1.16316e-07
      111.302      1110.00  1.10660e-07
      111.302      1120.00  1.06476e-07
      111.302      1130.00  1.03125e-07
      111.302      1140.00  1.00601e-07
      111.302      1150.00  9.91955e-08
      111.302      1160.00  9.70929e-08
      111.302      1170.00  9.59660e-08
      111.302      1180.00  9.28806e-08
      111.302      1190.00  8.98798e-08
      111.302      1200.00  8.65480e-08
      111.302      1210.00  8.27676e-08
      111.302      1220.00  7.87913e-08
      111.302      1230.00  7.48157e-08
      111.302      1240.00  7.09556e-08
      111.302      1250.00  6.72461e-08
      111.302      1260.00  6.37027e-08
      111.302      1270.00  6.03361e-08
      111.302      1280.00  5.71457e-08
      111.302      1290.00  5.41293e-08
      111.302      1300.00  5.12837e-08
      111.302      1325.00  4.49112e-08
      111.302      1350.00  3.95740e-08
      111.302      1375.00  3.52065e-08
      111.302      1400.00  3.14833e-08
      111.302      1425.00  2.78385e-08
      111.302      1450.00  2.43033e-08
      111.302      1475.00  2.11689e-08
      111.302      1500.00  1.85989e-08
      111.302      1525.00  1.65727e-08
      111.302      1550.00  1.50495e-08
      111.302      1575.00  1.39711e-08
      111.302      1600.00  1.32738e-08
      111.302      1625.00  1.28186e-08
      111.302      1650.00  1.20782e-08
      111.302      1675.00  1.12978e-08
      111.302      1700.00  1.04359e-08
      111.302      1725.00  9.50696e-09
      111.302      1750.00  8.56902e-09
      111.302      1775.00  7.66521e-09
      111.302      1800.00  6.82150e-09
      111.302      1825.00  6.05054e-09
      111.302      1850.00  5.35923e-09
      111.302      1875.00  4.74775e-09
      111.302      1900.00  4.21543e-09
      111.302      1925.00  3.76201e-09
      111.302      1950.00  3.38769e-09
      111.302      1975.00  3.09260e-09
      111.302      2000.00  2.87308e-09
      111.302      2025.00  2.72075e-09
      111.302      2050.00  2.62773e-09
      111.302      2075.00  2.51061e-09
      111.302      2100.00  2.37112e-09
      111.302      2125.00  2.22129e-09
      111.302      2150.00  2.05070e-09
      111.302      2175.00  1.86719e-09
      111.302      2200.00  1.68286e-09
      111.302      2225.00  1.50568e-09
      111.302      2250.00  1.34031e-09
      111.302      2275.00  1.18902e-09
      111.302      2300.00  1.05261e-09
      111.302      2325.00  9.30753e-10
      111.302      2350.00  8.22575e-10
      111.302      2375.00  7.26940e-10
      111.302      2400.00  6.42834e-10

      143.753     0.100000  2.71837e-13
      143.753     0.200000  1.08689e-12
      143.753     0.300000  2.44457e-12
      143.753     0.400000  4.34434e-12
      143.753     0.500000  6.78565e-12
      143.753     0.600000  9.76830e-12
      143.753     0.700000  1.32919e-11
      143.753     0.800000  1.73560e-11
      143.753     0.900000  2.19609e-11
      143.753      1.00000  2.71062e-11
      143.753      1.10000  3.27919e-11
      143.753      1.20000  3.90179e-11
      143.753      1.30000  4.57838e-11
      143.753      1.40000  5.30904e-11
      143.753      1.50000  6.09376e-11
      143.753      1.60000  6.93257e-11
      143.753      1.70000  7.82535e-11
      143.753      2.00000  1.08284e-10
      143.753      2.50000  1.69154e-10
      143.753      3.00000  2.43538e-10
      143.753      3.50000  3.31389e-10
      143.753      4.00000  4.32619e-10
      143.753      4.50000  5.47107e-10
      143.753      5.00000  6.74693e-10
      143.753      5.50000  8.15223e-10
      143.753      6.00000  9.68529e-10
      143.753      6.50000  1.13444e-09
      143.753      7.00000  1.31290e-09
      143.753      7.50000  1.50372e-09
      143.753      8.00000  1.70687e-09
      143.753      8.50000  1.92228e-09
      143.753      9.00000  2.14984e-09
      143.753      9.50000  2.38957e-09
      143.753      10.0000  2.64133e-09
      143.753      10.5000  2.90516e-09
      143.753      11.0000  3.18089e-09
      143.753      11.5000  3.46857e-09
      143.753      12.0000  3.76802e-09
      143.753      14.0000  5.08199e-09
      143.753      16.0000  6.57621e-09
      143.753      18.0000  8.24137e-09
      143.753      20.0000  1.00664e-08
      143.753      25.0000  1.52364e-08
      143.753      30.0000  2.10669e-08
      143.753      35.0000  2.72915e-08
      143.753      40.0000  3.37015e-08
      143.753      45.0000  4.01247e-08
      143.753      50.0000  4.64230e-08
      143.753      55.0000  5.24943e-08
      143.753      60.0000  5.83107e-08
      143.753      65.0000  6.37373e-08
      143.753      70.0000  6.87910e-08
      143.753      75.0000  7.34783e-08
      143.753      80.0000  7.77950e-08
      143.753      85.0000  8.17547e-08
      143.753      90.0000  8.54719e-08
      143.753      95.0000  8.89962e-08
      143.753      100.000  9.20708e-08
      143.753      110.000  9.80531e-08
      143.753      120.000  1.03760e-07
      143.753      130.000  1.09905e-07
      143.753      140.000  1.17063e-07
      143.753      150.000  1.26093e-07
      143.753      160.000  1.38057e-07
      143.753      170.000  1.53699e-07
      143.753      180.000  1.74822e-07
      143.753      190.000  2.03030e-07
      143.753      200.000  2.40856e-07
      143.753      210.000  2.92048e-07
      143.753      220.000  3.58352e-07
      143.753      230.000  4.46198e-07
      143.753      240.000  5.61142e-07
      143.753      250.000  7.11723e-07
      143.753      260.000  9.12285e-07
      143.753      270.000  1.16315e-06
      143.753      280.000  1.48407e-06
      143.753      290.000  1.88862e-06
      143.753      300.000  2.39191e-06
      143.753      310.000  3.03107e-06
      143.753      320.000  3.70543e-06
      143.753      330.000  4.49678e-06
      143.753      340.000  5.10526e-06
      143.753      350.000  5.91856e-06
      143.753      360.000  6.27839e-06
      143.753      365.000  6.35843e-06
      143.753      370.000  6.48675e-06
      143.753      380.000  6.58142e-06
      143.753      390.000  6.42878e-06
      143.753      400.000  6.12260e-06
      143.753      410.000  5.68375e-06
      143.753      420.000  5.27480e-06
      143.753      430.000  4.86486e-06
      143.753      440.000  4.46931e-06
      143.753      450.000  4.10362e-06
      143.753      460.000  3.77242e-06
      143.753      470.000  3.47865e-06
      143.753      480.000  3.23116e-06
      143.753      490.000  3.01371e-06
      143.753      500.000  2.84365e-06
      143.753      510.000  2.71756e-06
      143.753      520.000  2.63273e-06
      143.753      530.000  2.60578e-06
      143.753      540.000  2.62893e-06
      143.753      550.000  2.66412e-06
      143.753      560.000  2.77605e-06
      143.753      570.000  2.80924e-06
      143.753      580.000  2.94328e-06
      143.753      590.000  2.93796e-06
      143.753      600.000  2.89523e-06
      143.753      610.000  2.84152e-06
      143.753      620.000  2.72935e-06
      143.753      630.000  2.57465e-06
      143.753      640.000  2.39367e-06
      143.753      650.000  2.22316e-06
      143.753      660.000  2.06078e-06
      143.753      670.000  1.91220e-06
      143.753      680.000  1.78103e-06
      143.753      690.000  1.66655e-06
      143.753      700.000  1.56776e-06
      143.753      710.000  1.48538e-06
      143.753      720.000  1.41987e-06
      143.753      730.000  1.37297e-06
      143.753      740.000  1.34573e-06
      143.753      750.000  1.34107e-06
      143.753      760.000  1.35373e-06
      143.753      770.000  1.39369e-06
      143.753      780.000  1.44384e-06
      143.753      790.000  1.50708e-06
      143.753      800.000  1.58183e-06
      143.753      810.000  1.63005e-06
      143.753      820.000  1.62740e-06
      143.753      830.000  1.60396e-06
      143.753      840.000  1.56839e-06
      143.753      850.000  1.49794e-06
      143.753      860.000  1.40333e-06
      143.753      870.000  1.29946e-06
      143.753      880.000  1.19562e-06
      143.753      890.000  1.09645e-06
      143.753      900.000  1.00437e-06
      143.753      910.000  9.21627e-07
      143.753      920.000  8.44943e-07
      143.753      930.000  7.76221e-07
      143.753      940.000  7.14284e-07
      143.753      950.000  6.56901e-07
      143.753      960.000  6.05057e-07
      143.753      970.000  5.58053e-07
      143.753      980.000  5.14496e-07
      143.753      990.000  4.74807e-07
      143.753      1000.00  4.38810e-07
      143.753      1010.00  4.06250e-07
      143.753      1020.00  3.77552e-07
      143.753      1030.00  3.50910e-07
      143.753      1040.00  3.26464e-07
      143.753      1050.00  3.04228e-07
      143.753      1060.00  2.84066e-07
      143.753      1070.00  2.65798e-07
      143.753      1080.00  2.48723e-07
      143.753      1090.00  2.33636e-07
      143.753      1100.00  2.20376e-07
      143.753      1110.00  2.08595e-07
      143.753      1120.00  1.99725e-07
      143.753      1130.00  1.90330e-07
      143.753      1140.00  1.83186e-07
      143.753      1150.00  1.77104e-07
      143.753      1160.00  1.70588e-07
      143.753      1170.00  1.64902e-07
      143.753      1180.00  1.58141e-07
      143.753      1190.00  1.51449e-07
      143.753      1200.00  1.44471e-07
      143.753      1210.00  1.37034e-07
      143.753      1220.00  1.29494e-07
      143.753      1230.00  1.22110e-07
      143.753      1240.00  1.15049e-07
      143.753      1250.00  1.08361e-07
      143.753      1260.00  1.02081e-07
      143.753      1270.00  9.62155e-08
      143.753      1280.00  9.07351e-08
      143.753      1290.00  8.56537e-08
      143.753      1300.00  8.09337e-08
      143.753      1325.00  7.06872e-08
      143.753      1350.00  6.24869e-08
      143.753      1375.00  5.60052e-08
      143.753      1400.00  5.04413e-08
      143.753      1425.00  4.48578e-08
      143.753      1450.00  3.93078e-08
      143.753      1475.00  3.42320e-08
      143.753      1500.00  2.99857e-08
      143.753      1525.00  2.65773e-08
      143.753      1550.00  2.39320e-08
      143.753      1575.00  2.19630e-08
      143.753      1600.00  2.05528e-08
      143.753      1625.00  1.94061e-08
      143.753      1650.00  1.79989e-08
      143.753      1675.00  1.65112e-08
      143.753      1700.00  1.49781e-08
      143.753      1725.00  1.34980e-08
      143.753      1750.00  1.21159e-08
      143.753      1775.00  1.08497e-08
      143.753      1800.00  9.70880e-09
      143.753      1825.00  8.69271e-09
      143.753      1850.00  7.79379e-09
      143.753      1875.00  7.01442e-09
      143.753      1900.00  6.35106e-09
      143.753      1925.00  5.81020e-09
      143.753      1950.00  5.39546e-09
      143.753      1975.00  5.10449e-09
      143.753      2000.00  4.92432e-09
      143.753      2025.00  4.83353e-09
      143.753      2050.00  4.81519e-09
      143.753      2075.00  4.72969e-09
      143.753      2100.00  4.57835e-09
      143.753      2125.00  4.38677e-09
      143.753      2150.00  4.13595e-09
      143.753      2175.00  3.83908e-09
      143.753      2200.00  3.51954e-09
      143.753      2225.00  3.19660e-09
      143.753      2250.00  2.88298e-09
      143.753      2275.00  2.58690e-09
      143.753      2300.00  2.31264e-09
      143.753      2325.00  2.06225e-09
      143.753      2350.00  1.83626e-09
      143.753      2375.00  1.63415e-09
      143.753      2400.00  1.45462e-09

      185.664     0.100000  2.51639e-13
      185.664     0.200000  1.00637e-12
      185.664     0.300000  2.26400e-12
      185.664     0.400000  4.02430e-12
      185.664     0.500000  6.28699e-12
      185.664     0.600000  9.05212e-12
      185.664     0.700000  1.23195e-11
      185.664     0.800000  1.60890e-11
      185.664     0.900000  2.03599e-11
      185.664      1.00000  2.51328e-11
      185.664      1.10000  3.04075e-11
      185.664      1.20000  3.61838e-11
      185.664      1.30000  4.24615e-11
      185.664      1.40000  4.92400e-11
      185.664      1.50000  5.65191e-11
      185.664      1.60000  6.42998e-11
      185.664      1.70000  7.25805e-11
      185.664      2.00000  1.00425e-10
      185.664      2.50000  1.56822e-10
      185.664      3.00000  2.25665e-10
      185.664      3.50000  3.06898e-10
      185.664      4.00000  4.00467e-10
      185.664      4.50000  5.06288e-10
      185.664      5.00000  6.24308e-10
      185.664      5.50000  7.54455e-10
      185.664      6.00000  8.96635e-10
      185.664      6.50000  1.05085e-09
      185.664      7.00000  1.21700e-09
      185.664      7.50000  1.39504e-09
      185.664      8.00000  1.58493e-09
      185.664      8.50000  1.78659e-09
      185.664      9.00000  2.00001e-09
      185.664      9.50000  2.22512e-09
      185.664      10.0000  2.46179e-09
      185.664      10.5000  2.71012e-09
      185.664      11.0000  2.96980e-09
      185.664      11.5000  3.24098e-09
      185.664      12.0000  3.52350e-09
      185.664      14.0000  4.76507e-09
      185.664      16.0000  6.18120e-09
      185.664      18.0000  7.76553e-09
      185.664      20.0000  9.51010e-09
      185.664      25.0000  1.45110e-08
      185.664      30.0000  2.02705e-08
      185.664      35.0000  2.65891e-08
      185.664      40.0000  3.32886e-08
      185.664      45.0000  4.02192e-08
      185.664      50.0000  4.72445e-08
      185.664      55.0000  5.42448e-08
      185.664      60.0000  6.11442e-08
      185.664      65.0000  6.78880e-08
      185.664      70.0000  7.44269e-08
      185.664      75.0000  8.07206e-08
      185.664      80.0000  8.68128e-08
      185.664      85.0000  9.26366e-08
      185.664      90.0000  9.82801e-08
      185.664      95.0000  1.03706e-07
      185.664      100.000  1.09007e-07
      185.664      110.000  1.19341e-07
      185.664      120.000  1.29754e-07
      185.664      130.000  1.40893e-07
      185.664      140.000  1.53138e-07
      185.664      150.000  1.67598e-07
      185.664      160.000  1.85344e-07
      185.664      170.000  2.07513e-07
      185.664      180.000  2.35578e-07
      185.664      190.000  2.71352e-07
      185.664      200.000  3.17055e-07
      185.664      210.000  3.75277e-07
      185.664      220.000  4.49064e-07
      185.664      230.000  5.41934e-07
      185.664      240.000  6.58757e-07
      185.664      250.000  8.05927e-07
      185.664      260.000  9.90773e-07
      185.664      270.000  1.22380e-06
      185.664      280.000  1.50350e-06
      185.664      290.000  1.82653e-06
      185.664      300.000  2.22649e-06
      185.664      310.000  2.72615e-06
      185.664      320.000  3.21095e-06
      185.664      330.000  3.70940e-06
      185.664      340.000  4.17908e-06
      185.664      350.000  4.65812e-06
      185.664      360.000  4.97007e-06
      185.664      365.000  5.05801e-06
      185.664      370.000  5.15983e-06
      185.664      380.000  5.26891e-06
      185.664      390.000  5.22653e-06
      185.664      400.000  5.07242e-06
      185.664      410.000  4.82542e-06
      185.664      420.000  4.57220e-06
      185.664      430.000  4.30502e-06
      185.664      440.000  4.03952e-06
      185.664      450.000  3.78616e-06
      185.664      460.000  3.55238e-06
      185.664      470.000  3.34574e-06
      185.664      480.000  3.15539e-06
      185.664      490.000  2.99927e-06
      185.664      500.000  2.87500e-06
      185.664      510.000  2.78359e-06
      185.664      520.000  2.72605e-06
      185.664      530.000  2.70718e-06
      185.664      540.000  2.71744e-06
      185.664      550.000  2.76329e-06
      185.664      560.000  2.84017e-06
      185.664      570.000  2.83273e-06
      185.664      580.000  2.86992e-06
      185.664      590.000  2.89494e-06
      185.664      600.000  2.85957e-06
      185.664      610.000  2.81595e-06
      185.664      620.000  2.73333e-06
      185.664      630.000  2.61913e-06
      185.664      640.000  2.48193e-06
      185.664      650.000  2.35331e-06
      185.664      660.000  2.23019e-06
      185.664      670.000  2.11811e-06
      185.664      680.000  2.02044e-06
      185.664      690.000  1.93993e-06
      185.664      700.000  1.87868e-06
      185.664      710.000  1.83855e-06
      185.664      720.000  1.82160e-06
      185.664      730.000  1.83491e-06
      185.664      740.000  1.86609e-06
      185.664      750.000  1.91300e-06
      185.664      760.000  1.99923e-06
      185.664      770.000  2.11073e-06
      185.664      780.000  2.24061e-06
      185.664      790.000  2.37320e-06
      185.664      800.000  2.48489e-06
      185.664      810.000  2.61533e-06
      185.664      820.000  2.60420e-06
      185.664      830.000  2.59844e-06
      185.664      840.000  2.56652e-06
      185.664      850.000  2.48414e-06
      185.664      860.000  2.36132e-06
      185.664      870.000  2.21732e-06
      185.664      880.000  2.06575e-06
      185.664      890.000  1.91525e-06
      185.664      900.000  1.77108e-06
      185.664      910.000  1.63464e-06
      185.664      920.000  1.50688e-06
      185.664      930.000  1.39020e-06
      185.664      940.000  1.28408e-06
      185.664      950.000  1.18654e-06
      185.664      960.000  1.09749e-06
      185.664      970.000  1.01717e-06
      185.664      980.000  9.44345e-07
      185.664      990.000  8.78539e-07
      185.664      1000.00  8.19329e-07
      185.664      1010.00  7.65714e-07
      185.664      1020.00  7.16736e-07
      185.664      1030.00  6.73087e-07
      185.664      1040.00  6.29502e-07
      185.664      1050.00  5.90274e-07
      185.664      1060.00  5.54106e-07
      185.664      1070.00  5.19926e-07
      185.664      1080.00  4.87777e-07
      185.664      1090.00  4.58067e-07
      185.664      1100.00  4.30943e-07
      185.664      1110.00  4.06351e-07
      185.664      1120.00  3.84277e-07
      185.664      1130.00  3.64458e-07
      185.664      1140.00  3.46659e-07
      185.664      1150.00  3.30484e-07
      185.664      1160.00  3.16109e-07
      185.664      1170.00  2.99706e-07
      185.664      1180.00  2.84705e-07
      185.664      1190.00  2.70474e-07
      185.664      1200.00  2.56393e-07
      185.664      1210.00  2.42250e-07
      185.664      1220.00  2.28324e-07
      185.664      1230.00  2.14908e-07
      185.664      1240.00  2.02149e-07
      185.664      1250.00  1.90147e-07
      185.664      1260.00  1.78901e-07
      185.664      1270.00  1.68424e-07
      185.664      1280.00  1.58686e-07
      185.664      1290.00  1.49681e-07
      185.664      1300.00  1.41368e-07
      185.664      1325.00  1.23372e-07
      185.664      1350.00  1.09092e-07
      185.664      1375.00  9.76534e-08
      185.664      1400.00  8.75581e-08
      185.664      1425.00  7.79573e-08
      185.664      1450.00  6.86131e-08
      185.664      1475.00  6.00157e-08
      185.664      1500.00  5.26974e-08
      185.664      1525.00  4.67218e-08
      185.664      1550.00  4.20646e-08
      185.664      1575.00  3.85340e-08
      185.664      1600.00  3.59498e-08
      185.664      1625.00  3.37465e-08
      185.664      1650.00  3.10399e-08
      185.664      1675.00  2.81393e-08
      185.664      1700.00  2.51475e-08
      185.664      1725.00  2.23819e-08
      185.664      1750.00  1.99324e-08
      185.664      1775.00  1.77955e-08
      185.664      1800.00  1.59554e-08
      185.664      1825.00  1.43904e-08
      185.664      1850.00  1.30374e-08
      185.664      1875.00  1.18817e-08
      185.664      1900.00  1.09152e-08
      185.664      1925.00  1.01417e-08
      185.664      1950.00  9.56825e-09
      185.664      1975.00  9.17639e-09
      185.664      2000.00  8.97213e-09
      185.664      2025.00  8.85350e-09
      185.664      2050.00  8.78549e-09
      185.664      2075.00  8.68837e-09
      185.664      2100.00  8.45943e-09
      185.664      2125.00  8.16655e-09
      185.664      2150.00  7.78071e-09
      185.664      2175.00  7.31385e-09
      185.664      2200.00  6.79741e-09
      185.664      2225.00  6.26082e-09
      185.664      2250.00  5.72629e-09
      185.664      2275.00  5.20874e-09
      185.664      2300.00  4.71852e-09
      185.664      2325.00  4.26267e-09
      185.664      2350.00  3.84378e-09
      185.664      2375.00  3.46273e-09
      185.664      2400.00  3.12007e-09

      239.794     0.100000  2.31461e-13
      239.794     0.200000  9.25703e-13
      239.794     0.300000  2.08251e-12
      239.794     0.400000  3.70166e-12
      239.794     0.500000  5.78288e-12
      239.794     0.600000  8.32604e-12
      239.794     0.700000  1.13310e-11
      239.794     0.800000  1.47974e-11
      239.794     0.900000  1.87251e-11
      239.794      1.00000  2.31138e-11
      239.794      1.10000  2.79632e-11
      239.794      1.20000  3.32729e-11
      239.794      1.30000  3.90440e-11
      239.794      1.40000  4.52760e-11
      239.794      1.50000  5.19660e-11
      239.794      1.60000  5.91172e-11
      239.794      1.70000  6.67275e-11
      239.794      2.00000  9.23152e-11
      239.794      2.50000  1.44138e-10
      239.794      3.00000  2.07409e-10
      239.794      3.50000  2.82107e-10
      239.794      4.00000  3.68211e-10
      239.794      4.50000  4.65688e-10
      239.794      5.00000  5.74508e-10
      239.794      5.50000  6.94649e-10
      239.794      6.00000  8.26064e-10
      239.794      6.50000  9.68716e-10
      239.794      7.00000  1.12257e-09
      239.794      7.50000  1.28758e-09
      239.794      8.00000  1.46370e-09
      239.794      8.50000  1.65088e-09
      239.794      9.00000  1.84906e-09
      239.794      9.50000  2.05826e-09
      239.794      10.0000  2.27851e-09
      239.794      10.5000  2.50929e-09
      239.794      11.0000  2.75094e-09
      239.794      11.5000  3.00343e-09
      239.794      12.0000  3.26665e-09
      239.794      14.0000  4.42578e-09
      239.794      16.0000  5.75196e-09
      239.794      18.0000  7.24108e-09
      239.794      20.0000  8.88788e-09
      239.794      25.0000  1.36510e-08
      239.794      30.0000  1.92317e-08
      239.794      35.0000  2.54818e-08
      239.794      40.0000  3.22589e-08
      239.794      45.0000  3.94306e-08
      239.794      50.0000  4.68742e-08
      239.794      55.0000  5.45025e-08
      239.794      60.0000  6.22186e-08
      239.794      65.0000  6.99783e-08
      239.794      70.0000  7.77054e-08
      239.794      75.0000  8.53686e-08
      239.794      80.0000  9.29734e-08
      239.794      85.0000  1.00493e-07
      239.794      90.0000  1.07891e-07
      239.794      95.0000  1.15253e-07
      239.794      100.000  1.22567e-07
      239.794      110.000  1.37163e-07
      239.794      120.000  1.52023e-07
      239.794      130.000  1.67707e-07
      239.794      140.000  1.84919e-07
      239.794      150.000  2.04072e-07
      239.794      160.000  2.26269e-07
      239.794      170.000  2.52908e-07
      239.794      180.000  2.85006e-07
      239.794      190.000  3.23973e-07
      239.794      200.000  3.70451e-07
      239.794      210.000  4.29210e-07
      239.794      220.000  4.99726e-07
      239.794      230.000  5.85131e-07
      239.794      240.000  6.92113e-07
      239.794      250.000  8.23386e-07
      239.794      260.000  9.74851e-07
      239.794      270.000  1.15636e-06
      239.794      280.000  1.38044e-06
      239.794      290.000  1.63765e-06
      239.794      300.000  1.93302e-06
      239.794      310.000  2.25750e-06
      239.794      320.000  2.59288e-06
      239.794      330.000  2.92280e-06
      239.794      340.000  3.22598e-06
      239.794      350.000  3.52926e-06
      239.794      360.000  3.75212e-06
      239.794      365.000  3.83197e-06
      239.794      370.000  3.91094e-06
      239.794      380.000  4.02006e-06
      239.794      390.000  4.04244e-06
      239.794      400.000  3.99068e-06
      239.794      410.000  3.88474e-06
      239.794      420.000  3.75420e-06
      239.794      430.000  3.60827e-06
      239.794      440.000  3.45736e-06
      239.794      450.000  3.31153e-06
      239.794      460.000  3.16692e-06
      239.794      470.000  3.03940e-06
      239.794      480.000  2.92657e-06
      239.794      490.000  2.83064e-06
      239.794      500.000  2.75740e-06
      239.794      510.000  2.70782e-06
      239.794      520.000  2.68063e-06
      239.794      530.000  2.66969e-06
      239.794      540.000  2.68038e-06
      239.794      550.000  2.70659e-06
      239.794      560.000  2.74435e-06
      239.794      570.000  2.81376e-06
      239.794      580.000  2.80910e-06
      239.794      590.000  2.80737e-06
      239.794      600.000  2.79117e-06
      239.794      610.000  2.76811e-06
      239.794      620.000  2.72160e-06
      239.794      630.000  2.65350e-06
      239.794      640.000  2.57036e-06
      239.794      650.000  2.49532e-06
      239.794      660.000  2.42162e-06
      239.794      670.000  2.36125e-06
      239.794      680.000  2.31536e-06
      239.794      690.000  2.28611e-06
      239.794      700.000  2.28120e-06
      239.794      710.000  2.29768e-06
      239.794      720.000  2.33993e-06
      239.794      730.000  2.40232e-06
      239.794      740.000  2.50297e-06
      239.794      750.000  2.63311e-06
      239.794      760.000  2.80878e-06
      239.794      770.000  2.94601e-06
      239.794      780.000  3.15612e-06
      239.794      790.000  3.32922e-06
      239.794      800.000  3.40384e-06
      239.794      810.000  3.58555e-06
      239.794      820.000  3.60585e-06
      239.794      830.000  3.61977e-06
      239.794      840.000  3.60027e-06
      239.794      850.000  3.52345e-06
      239.794      860.000  3.39377e-06
      239.794      870.000  3.23140e-06
      239.794      880.000  3.05261e-06
      239.794      890.000  2.86917e-06
      239.794      900.000  2.68725e-06
      239.794      910.000  2.51150e-06
      239.794      920.000  2.34485e-06
      239.794      930.000  2.18849e-06
      239.794      940.000  2.04224e-06
      239.794      950.000  1.90715e-06
      239.794      960.000  1.78398e-06
      239.794      970.000  1.67178e-06
      239.794      980.000  1.56925e-06
      239.794      990.000  1.47604e-06
      239.794      1000.00  1.39300e-06
      239.794      1010.00  1.31547e-06
      239.794      1020.00  1.23966e-06
      239.794      1030.00  1.17594e-06
      239.794      1040.00  1.10979e-06
      239.794      1050.00  1.04905e-06
      239.794      1060.00  9.91818e-07
      239.794      1070.00  9.36299e-07
      239.794      1080.00  8.82780e-07
      239.794      1090.00  8.31660e-07
      239.794      1100.00  7.83424e-07
      239.794      1110.00  7.38693e-07
      239.794      1120.00  6.97655e-07
      239.794      1130.00  6.59177e-07
      239.794      1140.00  6.22919e-07
      239.794      1150.00  5.89965e-07
      239.794      1160.00  5.59838e-07
      239.794      1170.00  5.28881e-07
      239.794      1180.00  5.00369e-07
      239.794      1190.00  4.73492e-07
      239.794      1200.00  4.47744e-07
      239.794      1210.00  4.22799e-07
      239.794      1220.00  3.98741e-07
      239.794      1230.00  3.75830e-07
      239.794      1240.00  3.54183e-07
      239.794      1250.00  3.33811e-07
      239.794      1260.00  3.14733e-07
      239.794      1270.00  2.96918e-07
      239.794      1280.00  2.80309e-07
      239.794      1290.00  2.64863e-07
      239.794      1300.00  2.50556e-07
      239.794      1325.00  2.19316e-07
      239.794      1350.00  1.93787e-07
      239.794      1375.00  1.73885e-07
      239.794      1400.00  1.54136e-07
      239.794      1425.00  1.37216e-07
      239.794      1450.00  1.21436e-07
      239.794      1475.00  1.07079e-07
      239.794      1500.00  9.47651e-08
      239.794      1525.00  8.45577e-08
      239.794      1550.00  7.64228e-08
      239.794      1575.00  7.03215e-08
      239.794      1600.00  6.52141e-08
      239.794      1625.00  6.07895e-08
      239.794      1650.00  5.58264e-08
      239.794      1675.00  5.05546e-08
      239.794      1700.00  4.50957e-08
      239.794      1725.00  4.00762e-08
      239.794      1750.00  3.56753e-08
      239.794      1775.00  3.19129e-08
      239.794      1800.00  2.87512e-08
      239.794      1825.00  2.60885e-08
      239.794      1850.00  2.38050e-08
      239.794      1875.00  2.18477e-08
      239.794      1900.00  2.01639e-08
      239.794      1925.00  1.87661e-08
      239.794      1950.00  1.76429e-08
      239.794      1975.00  1.68327e-08
      239.794      2000.00  1.62602e-08
      239.794      2025.00  1.58662e-08
      239.794      2050.00  1.55395e-08
      239.794      2075.00  1.50970e-08
      239.794      2100.00  1.46016e-08
      239.794      2125.00  1.40517e-08
      239.794      2150.00  1.34075e-08
      239.794      2175.00  1.26730e-08
      239.794      2200.00  1.18779e-08
      239.794      2225.00  1.10548e-08
      239.794      2250.00  1.02291e-08
      239.794      2275.00  9.42189e-09
      239.794      2300.00  8.64866e-09
      239.794      2325.00  7.91934e-09
      239.794      2350.00  7.24048e-09
      239.794      2375.00  6.61451e-09
      239.794      2400.00  6.04101e-09

      309.705     0.100000  2.06412e-13
      309.705     0.200000  8.25557e-13
      309.705     0.300000  1.85727e-12
      309.705     0.400000  3.30144e-12
      309.705     0.500000  5.15793e-12
      309.705     0.600000  7.42655e-12
      309.705     0.700000  1.01071e-11
      309.705     0.800000  1.31999e-11
      309.705     0.900000  1.67042e-11
      309.705      1.00000  2.06202e-11
      309.705      1.10000  2.49481e-11
      309.705      1.20000  2.96868e-11
      309.705      1.30000  3.48374e-11
      309.705      1.40000  4.03988e-11
      309.705      1.50000  4.63715e-11
      309.705      1.60000  5.27554e-11
      309.705      1.70000  5.95493e-11
      309.705      2.00000  8.23965e-11
      309.705      2.50000  1.28681e-10
      309.705      3.00000  1.85215e-10
      309.705      3.50000  2.51981e-10
      309.705      4.00000  3.28949e-10
      309.705      4.50000  4.16122e-10
      309.705      5.00000  5.13463e-10
      309.705      5.50000  6.20947e-10
      309.705      6.00000  7.38551e-10
      309.705      6.50000  8.66254e-10
      309.705      7.00000  1.00403e-09
      309.705      7.50000  1.15184e-09
      309.705      8.00000  1.30969e-09
      309.705      8.50000  1.47749e-09
      309.705      9.00000  1.65527e-09
      309.705      9.50000  1.84294e-09
      309.705      10.0000  2.04055e-09
      309.705      10.5000  2.24804e-09
      309.705      11.0000  2.46535e-09
      309.705      11.5000  2.69251e-09
      309.705      12.0000  2.92948e-09
      309.705      14.0000  3.97506e-09
      309.705      16.0000  5.17412e-09
      309.705      18.0000  6.52502e-09
      309.705      20.0000  8.02316e-09
      309.705      25.0000  1.23852e-08
      309.705      30.0000  1.75599e-08
      309.705      35.0000  2.34499e-08
      309.705      40.0000  2.99456e-08
      309.705      45.0000  3.69463e-08
      309.705      50.0000  4.43694e-08
      309.705      55.0000  5.21183e-08
      309.705      60.0000  6.01211e-08
      309.705      65.0000  6.83199e-08
      309.705      70.0000  7.66774e-08
      309.705      75.0000  8.51437e-08
      309.705      80.0000  9.36703e-08
      309.705      85.0000  1.02262e-07
      309.705      90.0000  1.10932e-07
      309.705      95.0000  1.19604e-07
      309.705      100.000  1.28326e-07
      309.705      110.000  1.46094e-07
      309.705      120.000  1.64253e-07
      309.705      130.000  1.83397e-07
      309.705      140.000  2.03884e-07
      309.705      150.000  2.26018e-07
      309.705      160.000  2.50842e-07
      309.705      170.000  2.78916e-07
      309.705      180.000  3.11736e-07
      309.705      190.000  3.48970e-07
      309.705      200.000  3.94006e-07
      309.705      210.000  4.45257e-07
      309.705      220.000  5.07945e-07
      309.705      230.000  5.82051e-07
      309.705      240.000  6.66537e-07
      309.705      250.000  7.67583e-07
      309.705      260.000  8.84226e-07
      309.705      270.000  1.02580e-06
      309.705      280.000  1.17399e-06
      309.705      290.000  1.36118e-06
      309.705      300.000  1.53870e-06
      309.705      310.000  1.76067e-06
      309.705      320.000  2.01678e-06
      309.705      330.000  2.19649e-06
      309.705      340.000  2.39201e-06
      309.705      350.000  2.65463e-06
      309.705      360.000  2.73794e-06
      309.705      365.000  2.80014e-06
      309.705      370.000  2.85960e-06
      309.705      380.000  2.95682e-06
      309.705      390.000  3.00697e-06
      309.705      400.000  3.01376e-06
      309.705      410.000  2.98155e-06
      309.705      420.000  2.93808e-06
      309.705      430.000  2.88153e-06
      309.705      440.000  2.81721e-06
      309.705      450.000  2.75199e-06
      309.705      460.000  2.68726e-06
      309.705      470.000  2.62966e-06
      309.705      480.000  2.58224e-06
      309.705      490.000  2.53903e-06
      309.705      500.000  2.51154e-06
      309.705      510.000  2.49498e-06
      309.705      520.000  2.49583e-06
      309.705      530.000  2.50698e-06
      309.705      540.000  2.52778e-06
      309.705      550.000  2.55768e-06
      309.705      560.000  2.59502e-06
      309.705      570.000  2.62639e-06
      309.705      580.000  2.64700e-06
      309.705      590.000  2.66940e-06
      309.705      600.000  2.67769e-06
      309.705      610.000  2.68265e-06
      309.705      620.000  2.67662e-06
      309.705      630.000  2.65566e-06
      309.705      640.000  2.62508e-06
      309.705      650.000  2.60329e-06
      309.705      660.000  2.59055e-06
      309.705      670.000  2.58452e-06
      309.705      680.000  2.59724e-06
      309.705      690.000  2.63016e-06
      309.705      700.000  2.67125e-06
      309.705      710.000  2.74086e-06
      309.705      720.000  2.83099e-06
      309.705      730.000  2.95542e-06
      309.705      740.000  3.08737e-06
      309.705      750.000  3.26524e-06
      309.705      760.000  3.42855e-06
      309.705      770.000  3.64823e-06
      309.705      780.000  3.95454e-06
      309.705      790.000  4.01495e-06
      309.705      800.000  4.21668e-06
      309.705      810.000  4.29531e-06
      309.705      820.000  4.33194e-06
      309.705      830.000  4.35992e-06
      309.705      840.000  4.35908e-06
      309.705      850.000  4.30434e-06
      309.705      860.000  4.19570e-06
      309.705      870.000  4.04979e-06
      309.705      880.000  3.88143e-06
      309.705      890.000  3.70170e-06
      309.705      900.000  3.51845e-06
      309.705      910.000  3.33753e-06
      309.705      920.000  3.15937e-06
      309.705      930.000  2.99080e-06
      309.705      940.000  2.83022e-06
      309.705      950.000  2.68088e-06
      309.705      960.000  2.54105e-06
      309.705      970.000  2.41385e-06
      309.705      980.000  2.29412e-06
      309.705      990.000  2.18764e-06
      309.705      1000.00  2.10291e-06
      309.705      1010.00  1.99281e-06
      309.705      1020.00  1.90864e-06
      309.705      1030.00  1.82154e-06
      309.705      1040.00  1.73770e-06
      309.705      1050.00  1.66005e-06
      309.705      1060.00  1.58608e-06
      309.705      1070.00  1.51398e-06
      309.705      1080.00  1.44346e-06
      309.705      1090.00  1.37444e-06
      309.705      1100.00  1.30916e-06
      309.705      1110.00  1.24795e-06
      309.705      1120.00  1.19128e-06
      309.705      1130.00  1.13856e-06
      309.705      1140.00  1.09169e-06
      309.705      1150.00  1.04610e-06
      309.705      1160.00  1.00780e-06
      309.705      1170.00  9.70788e-07
      309.705      1180.00  9.39053e-07
      309.705      1190.00  9.08945e-07
      309.705      1200.00  8.84102e-07
      309.705      1210.00  8.56709e-07
      309.705      1220.00  8.34855e-07
      309.705      1230.00  8.18979e-07
      309.705      1240.00  7.86865e-07
      309.705      1250.00  7.58909e-07
      309.705      1260.00  7.32403e-07
      309.705      1270.00  7.06024e-07
      309.705      1280.00  6.78302e-07
      309.705      1290.00  6.48878e-07
      309.705      1300.00  6.18641e-07
      309.705      1325.00  5.44297e-07
      309.705      1350.00  4.76663e-07
      309.705      1375.00  4.17379e-07
      309.705      1400.00  3.65388e-07
      309.705      1425.00  3.20185e-07
      309.705      1450.00  2.80558e-07
      309.705      1475.00  2.46098e-07
      309.705      1500.00  2.16856e-07
      309.705      1525.00  1.92446e-07
      309.705      1550.00  1.72401e-07
      309.705      1575.00  1.56045e-07
      309.705      1600.00  1.42548e-07
      309.705      1625.00  1.29973e-07
      309.705      1650.00  1.17888e-07
      309.705      1675.00  1.06155e-07
      309.705      1700.00  9.47728e-08
      309.705      1725.00  8.44750e-08
      309.705      1750.00  7.54715e-08
      309.705      1775.00  6.77682e-08
      309.705      1800.00  6.12773e-08
      309.705      1825.00  5.57122e-08
      309.705      1850.00  5.08484e-08
      309.705      1875.00  4.65634e-08
      309.705      1900.00  4.28219e-08
      309.705      1925.00  3.94590e-08
      309.705      1950.00  3.66772e-08
      309.705      1975.00  3.44949e-08
      309.705      2000.00  3.26877e-08
      309.705      2025.00  3.12076e-08
      309.705      2050.00  3.00887e-08
      309.705      2075.00  2.86480e-08
      309.705      2100.00  2.72450e-08
      309.705      2125.00  2.57673e-08
      309.705      2150.00  2.42474e-08
      309.705      2175.00  2.27157e-08
      309.705      2200.00  2.12016e-08
      309.705      2225.00  1.97277e-08
      309.705      2250.00  1.83141e-08
      309.705      2275.00  1.69598e-08
      309.705      2300.00  1.56749e-08
      309.705      2325.00  1.44679e-08
      309.705      2350.00  1.33395e-08
      309.705      2375.00  1.22955e-08
      309.705      2400.00  1.13401e-08

      400.000     0.100000  1.77801e-13
      400.000     0.200000  7.11153e-13
      400.000     0.300000  1.59997e-12
      400.000     0.400000  2.84411e-12
      400.000     0.500000  4.44363e-12
      400.000     0.600000  6.39829e-12
      400.000     0.700000  8.70801e-12
      400.000     0.800000  1.13728e-11
      400.000     0.900000  1.43925e-11
      400.000      1.00000  1.77672e-11
      400.000      1.10000  2.14965e-11
      400.000      1.20000  2.55808e-11
      400.000      1.30000  3.00198e-11
      400.000      1.40000  3.48129e-11
      400.000      1.50000  3.99608e-11
      400.000      1.60000  4.54625e-11
      400.000      1.70000  5.13188e-11
      400.000      2.00000  7.10125e-11
      400.000      2.50000  1.10913e-10
      400.000      3.00000  1.59654e-10
      400.000      3.50000  2.17222e-10
      400.000      4.00000  2.83604e-10
      400.000      4.50000  3.58797e-10
      400.000      5.00000  4.42778e-10
      400.000      5.50000  5.35538e-10
      400.000      6.00000  6.37074e-10
      400.000      6.50000  7.47374e-10
      400.000      7.00000  8.66398e-10
      400.000      7.50000  9.94159e-10
      400.000      8.00000  1.13068e-09
      400.000      8.50000  1.27583e-09
      400.000      9.00000  1.42973e-09
      400.000      9.50000  1.59229e-09
      400.000      10.0000  1.76349e-09
      400.000      10.5000  1.94329e-09
      400.000      11.0000  2.13179e-09
      400.000      11.5000  2.32887e-09
      400.000      12.0000  2.53457e-09
      400.000      14.0000  3.44272e-09
      400.000      16.0000  4.48666e-09
      400.000      18.0000  5.66544e-09
      400.000      20.0000  6.97535e-09
      400.000      25.0000  1.08116e-08
      400.000      30.0000  1.54056e-08
      400.000      35.0000  2.06946e-08
      400.000      40.0000  2.66095e-08
      400.000      45.0000  3.30851e-08
      400.000      50.0000  4.00428e-08
      400.000      55.0000  4.74205e-08
      400.000      60.0000  5.51580e-08
      400.000      65.0000  6.32128e-08
      400.000      70.0000  7.15456e-08
      400.000      75.0000  8.01021e-08
      400.000      80.0000  8.88562e-08
      400.000      85.0000  9.77918e-08
      400.000      90.0000  1.06950e-07
      400.000      95.0000  1.16175e-07
      400.000      100.000  1.25568e-07
      400.000      110.000  1.44814e-07
      400.000      120.000  1.64862e-07
      400.000      130.000  1.85706e-07
      400.000      140.000  2.07818e-07
      400.000      150.000  2.31440e-07
      400.000      160.000  2.56942e-07
      400.000      170.000  2.85275e-07
      400.000      180.000  3.16321e-07
      400.000      190.000  3.51651e-07
      400.000      200.000  3.91076e-07
      400.000      210.000  4.35884e-07
      400.000      220.000  4.87718e-07
      400.000      230.000  5.45615e-07
      400.000      240.000  6.14347e-07
      400.000      250.000  6.88837e-07
      400.000      260.000  7.76428e-07
      400.000      270.000  8.73010e-07
      400.000      280.000  9.77948e-07
      400.000      290.000  1.10464e-06
      400.000      300.000  1.22606e-06
      400.000      310.000  1.37050e-06
      400.000      320.000  1.50494e-06
      400.000      330.000  1.64322e-06
      400.000      340.000  1.78816e-06
      400.000      350.000  1.89654e-06
      400.000      360.000  1.99761e-06
      400.000      365.000  2.04424e-06
      400.000      370.000  2.09032e-06
      400.000      380.000  2.17241e-06
      400.000      390.000  2.23137e-06
      400.000      400.000  2.26658e-06
      400.000      410.000  2.27615e-06
      400.000      420.000  2.28234e-06
      400.000      430.000  2.27835e-06
      400.000      440.000  2.26864e-06
      400.000      450.000  2.25696e-06
      400.000      460.000  2.24400e-06
      400.000      470.000  2.23402e-06
      400.000      480.000  2.22755e-06
      400.000      490.000  2.22496e-06
      400.000      500.000  2.23213e-06
      400.000      510.000  2.24295e-06
      400.000      520.000  2.26678e-06
      400.000      530.000  2.29228e-06
      400.000      540.000  2.32576e-06
      400.000      550.000  2.37845e-06
      400.000      560.000  2.40273e-06
      400.000      570.000  2.44001e-06
      400.000      580.000  2.48002e-06
      400.000      590.000  2.51164e-06
      400.000      600.000  2.54275e-06
      400.000      610.000  2.57568e-06
      400.000      620.000  2.60433e-06
      400.000      630.000  2.62769e-06
      400.000      640.000  2.64527e-06
      400.000      650.000  2.67425e-06
      400.000      660.000  2.70790e-06
      400.000      670.000  2.75090e-06
      400.000      680.000  2.80890e-06
      400.000      690.000  2.87812e-06
      400.000      700.000  2.96990e-06
      400.000      710.000  3.07130e-06
      400.000      720.000  3.20154e-06
      400.000      730.000  3.34093e-06
      400.000      740.000  3.49261e-06
      400.000      750.000  3.68664e-06
      400.000      760.000  3.86162e-06
      400.000      770.000  4.06872e-06
      400.000      780.000  4.25001e-06
      400.000      790.000  4.35476e-06
      400.000      800.000  4.59228e-06
      400.000      810.000  4.65016e-06
      400.000      820.000  4.69916e-06
      400.000      830.000  4.74336e-06
      400.000      840.000  4.76467e-06
      400.000      850.000  4.74208e-06
      400.000      860.000  4.67371e-06
      400.000      870.000  4.56847e-06
      400.000      880.000  4.43745e-06
      400.000      890.000  4.29114e-06
      400.000      900.000  4.13782e-06
      400.000      910.000  3.98054e-06
      400.000      920.000  3.82529e-06
      400.000      930.000  3.67255e-06
      400.000      940.000  3.52733e-06
      400.000      950.000  3.38743e-06
      400.000      960.000  3.25544e-06
      400.000      970.000  3.13506e-06
      400.000      980.000  3.01885e-06
      400.000      990.000  2.91354e-06
      400.000      1000.00  2.81246e-06
      400.000      1010.00  2.70903e-06
      400.000      1020.00  2.62885e-06
      400.000      1030.00  2.53387e-06
      400.000      1040.00  2.44401e-06
      400.000      1050.00  2.36077e-06
      400.000      1060.00  2.28160e-06
      400.000      1070.00  2.20345e-06
      400.000      1080.00  2.12654e-06
      400.000      1090.00  2.05107e-06
      400.000      1100.00  1.97864e-06
      400.000      1110.00  1.91101e-06
      400.000      1120.00  1.84712e-06
      400.000      1130.00  1.79014e-06
      400.000      1140.00  1.73693e-06
      400.000      1150.00  1.69042e-06
      400.000      1160.00  1.64905e-06
      400.000      1170.00  1.61105e-06
      400.000      1180.00  1.58211e-06
      400.000      1190.00  1.55273e-06
      400.000      1200.00  1.53213e-06
      400.000      1210.00  1.50659e-06
      400.000      1220.00  1.47485e-06
      400.000      1230.00  1.46346e-06
      400.000      1240.00  1.42699e-06
      400.000      1250.00  1.39113e-06
      400.000      1260.00  1.35711e-06
      400.000      1270.00  1.32219e-06
      400.000      1280.00  1.28341e-06
      400.000      1290.00  1.23997e-06
      400.000      1300.00  1.19285e-06
      400.000      1325.00  1.06906e-06
      400.000      1350.00  9.48551e-07
      400.000      1375.00  8.37621e-07
      400.000      1400.00  7.38195e-07
      400.000      1425.00  6.50322e-07
      400.000      1450.00  5.73215e-07
      400.000      1475.00  5.05864e-07
      400.000      1500.00  4.47837e-07
      400.000      1525.00  3.98299e-07
      400.000      1550.00  3.56271e-07
      400.000      1575.00  3.20612e-07
      400.000      1600.00  2.89600e-07
      400.000      1625.00  2.61864e-07
      400.000      1650.00  2.36459e-07
      400.000      1675.00  2.13039e-07
      400.000      1700.00  1.91251e-07
      400.000      1725.00  1.71656e-07
      400.000      1750.00  1.54421e-07
      400.000      1775.00  1.39453e-07
      400.000      1800.00  1.26503e-07
      400.000      1825.00  1.15161e-07
      400.000      1850.00  1.05164e-07
      400.000      1875.00  9.62646e-08
      400.000      1900.00  8.82772e-08
      400.000      1925.00  8.11871e-08
      400.000      1950.00  7.50527e-08
      400.000      1975.00  6.98539e-08
      400.000      2000.00  6.54650e-08
      400.000      2025.00  6.16891e-08
      400.000      2050.00  5.83015e-08
      400.000      2075.00  5.47931e-08
      400.000      2100.00  5.14667e-08
      400.000      2125.00  4.81004e-08
      400.000      2150.00  4.48093e-08
      400.000      2175.00  4.16634e-08
      400.000      2200.00  3.86999e-08
      400.000      2225.00  3.59349e-08
      400.000      2250.00  3.33573e-08
      400.000      2275.00  3.09500e-08
      400.000      2300.00  2.86934e-08
      400.000      2325.00  2.65929e-08
      400.000      2350.00  2.46339e-08
      400.000      2375.00  2.28257e-08
      400.000      2400.00  2.11707e-08

