      40.0000     0.100000  5.01822e-13
      40.0000     0.200000  2.00459e-12
      40.0000     0.300000  4.50554e-12
      40.0000     0.400000  8.00333e-12
      40.0000     0.500000  1.24979e-11
      40.0000     0.600000  1.79903e-11
      40.0000     0.700000  2.44825e-11
      40.0000     0.800000  3.19777e-11
      40.0000     0.900000  4.04805e-11
      40.0000      1.00000  4.99963e-11
      40.0000      1.10000  6.05317e-11
      40.0000      1.20000  7.20952e-11
      40.0000      1.30000  8.46958e-11
      40.0000      1.40000  9.83432e-11
      40.0000      1.50000  1.13049e-10
      40.0000      1.60000  1.28824e-10
      40.0000      1.70000  1.45681e-10
      40.0000      2.00000  2.02838e-10
      40.0000      2.50000  3.20299e-10
      40.0000      3.00000  4.64527e-10
      40.0000      3.50000  6.32685e-10
      40.0000      4.00000  8.21945e-10
      40.0000      4.50000  1.03079e-09
      40.0000      5.00000  1.25873e-09
      40.0000      5.50000  1.50568e-09
      40.0000      6.00000  1.77146e-09
      40.0000      6.50000  2.05577e-09
      40.0000      7.00000  2.35826e-09
      40.0000      7.50000  2.67841e-09
      40.0000      8.00000  3.01576e-09
      40.0000      8.50000  3.36980e-09
      40.0000      9.00000  3.74004e-09
      40.0000      9.50000  4.12606e-09
      40.0000      10.0000  4.52745e-09
      40.0000      10.5000  4.94390e-09
      40.0000      11.0000  5.37518e-09
      40.0000      11.5000  5.82103e-09
      40.0000      12.0000  6.28135e-09
      40.0000      14.0000  8.26281e-09
      40.0000      16.0000  1.04491e-08
      40.0000      18.0000  1.27922e-08
      40.0000      20.0000  1.52259e-08
      40.0000      25.0000  2.13073e-08
      40.0000      30.0000  2.68605e-08
      40.0000      35.0000  3.15147e-08
      40.0000      40.0000  3.51504e-08
      40.0000      45.0000  3.77981e-08
      40.0000      50.0000  3.95678e-08
      40.0000      55.0000  4.05975e-08
      40.0000      60.0000  4.10195e-08
      40.0000      65.0000  4.09602e-08
      40.0000      70.0000  4.05272e-08
      40.0000      75.0000  3.98163e-08
      40.0000      80.0000  3.89002e-08
      40.0000      85.0000  3.78387e-08
      40.0000      90.0000  3.66810e-08
      40.0000      95.0000  3.54634e-08
      40.0000      100.000  3.42170e-08
      40.0000      110.000  3.17174e-08
      40.0000      120.000  2.92960e-08
      40.0000      130.000  2.70194e-08
      40.0000      140.000  2.49201e-08
      40.0000      150.000  2.30143e-08
      40.0000      160.000  2.13234e-08
      40.0000      170.000  1.98906e-08
      40.0000      180.000  1.87203e-08
      40.0000      190.000  1.79322e-08
      40.0000      200.000  1.77234e-08
      40.0000      210.000  1.84914e-08
      40.0000      220.000  2.09741e-08
      40.0000      230.000  2.62886e-08
      40.0000      240.000  3.62090e-08
      40.0000      250.000  5.40643e-08
      40.0000      260.000  8.60978e-08
      40.0000      270.000  1.43291e-07
      40.0000      280.000  2.52683e-07
      40.0000      290.000  4.62959e-07
      40.0000      300.000  8.42729e-07
      40.0000      310.000  1.50625e-06
      40.0000      320.000  2.66608e-06
      40.0000      330.000  4.43117e-06
      40.0000      340.000  6.80890e-06
      40.0000      350.000  1.00189e-05
      40.0000      360.000  1.38678e-05
      40.0000      365.000  1.29340e-05
      40.0000      370.000  1.33500e-05
      40.0000      380.000  1.31943e-05
      40.0000      390.000  1.15161e-05
      40.0000      400.000  9.73441e-06
      40.0000      410.000  7.86532e-06
      40.0000      420.000  6.56037e-06
      40.0000      430.000  5.48352e-06
      40.0000      440.000  4.60716e-06
      40.0000      450.000  3.89531e-06
      40.0000      460.000  3.31684e-06
      40.0000      470.000  2.84406e-06
      40.0000      480.000  2.45595e-06
      40.0000      490.000  2.13632e-06
      40.0000      500.000  1.87263e-06
      40.0000      510.000  1.65659e-06
      40.0000      520.000  1.48482e-06
      40.0000      530.000  1.39247e-06
      40.0000      540.000  1.31698e-06
      40.0000      550.000  1.31270e-06
      40.0000      560.000  1.39964e-06
      40.0000      570.000  1.56184e-06
      40.0000      580.000  1.83793e-06
      40.0000      590.000  2.07061e-06
      40.0000      600.000  2.01669e-06
      40.0000      610.000  1.96285e-06
      40.0000      620.000  1.76906e-06
      40.0000      630.000  1.53406e-06
      40.0000      640.000  1.29004e-06
      40.0000      650.000  1.11038e-06
      40.0000      660.000  9.65638e-07
      40.0000      670.000  8.55257e-07
      40.0000      680.000  7.77949e-07
      40.0000      690.000  7.29676e-07
      40.0000      700.000  7.12378e-07
      40.0000      710.000  7.04956e-07
      40.0000      720.000  6.60124e-07
      40.0000      730.000  6.21493e-07
      40.0000      740.000  5.56463e-07
      40.0000      750.000  4.89360e-07
      40.0000      760.000  4.27694e-07
      40.0000      770.000  3.74173e-07
      40.0000      780.000  3.28845e-07
      40.0000      790.000  2.90727e-07
      40.0000      800.000  2.58527e-07
      40.0000      810.000  2.31202e-07
      40.0000      820.000  2.07822e-07
      40.0000      830.000  1.87692e-07
      40.0000      840.000  1.70316e-07
      40.0000      850.000  1.55122e-07
      40.0000      860.000  1.41881e-07
      40.0000      870.000  1.30369e-07
      40.0000      880.000  1.20785e-07
      40.0000      890.000  1.12820e-07
      40.0000      900.000  1.07025e-07
      40.0000      910.000  1.03911e-07
      40.0000      920.000  1.03636e-07
      40.0000      930.000  1.06085e-07
      40.0000      940.000  1.12929e-07
      40.0000      950.000  1.09611e-07
      40.0000      960.000  1.04730e-07
      40.0000      970.000  9.74691e-08
      40.0000      980.000  8.77979e-08
      40.0000      990.000  7.81998e-08
      40.0000      1000.00  6.96432e-08
      40.0000      1010.00  6.22906e-08
      40.0000      1020.00  5.60431e-08
      40.0000      1030.00  5.07345e-08
      40.0000      1040.00  4.62159e-08
      40.0000      1050.00  4.23311e-08
      40.0000      1060.00  3.89970e-08
      40.0000      1070.00  3.61473e-08
      40.0000      1080.00  3.37663e-08
      40.0000      1090.00  3.18615e-08
      40.0000      1100.00  3.04137e-08
      40.0000      1110.00  2.92597e-08
      40.0000      1120.00  2.87754e-08
      40.0000      1130.00  2.89722e-08
      40.0000      1140.00  2.99490e-08
      40.0000      1150.00  3.19749e-08
      40.0000      1160.00  3.55175e-08
      40.0000      1170.00  3.90940e-08
      40.0000      1180.00  4.02336e-08
      40.0000      1190.00  4.11054e-08
      40.0000      1200.00  4.11532e-08
      40.0000      1210.00  4.10338e-08
      40.0000      1220.00  4.06548e-08
      40.0000      1230.00  3.97884e-08
      40.0000      1240.00  3.85402e-08
      40.0000      1250.00  3.70369e-08
      40.0000      1260.00  3.53758e-08
      40.0000      1270.00  3.36230e-08
      40.0000      1280.00  3.18296e-08
      40.0000      1290.00  3.00403e-08
      40.0000      1300.00  2.82881e-08
      40.0000      1325.00  2.41761e-08
      40.0000      1350.00  2.05546e-08
      40.0000      1375.00  1.74409e-08
      40.0000      1400.00  1.47922e-08
      40.0000      1425.00  1.25552e-08
      40.0000      1450.00  1.06757e-08
      40.0000      1475.00  9.09687e-09
      40.0000      1500.00  7.77338e-09
      40.0000      1525.00  6.68809e-09
      40.0000      1550.00  5.83790e-09
      40.0000      1575.00  5.30038e-09
      40.0000      1600.00  5.10799e-09
      40.0000      1625.00  5.47055e-09
      40.0000      1650.00  5.25063e-09
      40.0000      1675.00  4.98207e-09
      40.0000      1700.00  4.55519e-09
      40.0000      1725.00  4.02978e-09
      40.0000      1750.00  3.50124e-09
      40.0000      1775.00  3.01499e-09
      40.0000      1800.00  2.58652e-09
      40.0000      1825.00  2.21739e-09
      40.0000      1850.00  1.90204e-09
      40.0000      1875.00  1.63315e-09
      40.0000      1900.00  1.40468e-09
      40.0000      1925.00  1.21124e-09
      40.0000      1950.00  1.04686e-09
      40.0000      1975.00  9.06578e-10
      40.0000      2000.00  7.86746e-10
      40.0000      2025.00  6.84592e-10
      40.0000      2050.00  5.97175e-10
      40.0000      2075.00  5.21984e-10
      40.0000      2100.00  4.56980e-10
      40.0000      2125.00  4.00935e-10
      40.0000      2150.00  3.52884e-10
      40.0000      2175.00  3.11035e-10
      40.0000      2200.00  2.74498e-10
      40.0000      2225.00  2.42564e-10
      40.0000      2250.00  2.14945e-10
      40.0000      2275.00  1.90937e-10
      40.0000      2300.00  1.69722e-10
      40.0000      2325.00  1.50953e-10
      40.0000      2350.00  1.34495e-10
      40.0000      2375.00  1.20150e-10
      40.0000      2400.00  1.07566e-10

      51.6620     0.100000  3.57399e-13
      51.6620     0.200000  1.42838e-12
      51.6620     0.300000  3.21167e-12
      51.6620     0.400000  5.70683e-12
      51.6620     0.500000  8.91419e-12
      51.6620     0.600000  1.28349e-11
      51.6620     0.700000  1.74711e-11
      51.6620     0.800000  2.28257e-11
      51.6620     0.900000  2.89018e-11
      51.6620      1.00000  3.57044e-11
      51.6620      1.10000  4.32375e-11
      51.6620      1.20000  5.15059e-11
      51.6620      1.30000  6.05155e-11
      51.6620      1.40000  7.02705e-11
      51.6620      1.50000  8.07745e-11
      51.6620      1.60000  9.20307e-11
      51.6620      1.70000  1.04042e-10
      51.6620      2.00000  1.44593e-10
      51.6620      2.50000  2.26993e-10
      51.6620      3.00000  3.27048e-10
      51.6620      3.50000  4.43724e-10
      51.6620      4.00000  5.76339e-10
      51.6620      4.50000  7.24549e-10
      51.6620      5.00000  8.88094e-10
      51.6620      5.50000  1.06675e-09
      51.6620      6.00000  1.26021e-09
      51.6620      6.50000  1.46817e-09
      51.6620      7.00000  1.69031e-09
      51.6620      7.50000  1.92626e-09
      51.6620      8.00000  2.17567e-09
      51.6620      8.50000  2.43818e-09
      51.6620      9.00000  2.71348e-09
      51.6620      9.50000  3.00127e-09
      51.6620      10.0000  3.30127e-09
      51.6620      10.5000  3.61325e-09
      51.6620      11.0000  3.93708e-09
      51.6620      11.5000  4.27258e-09
      51.6620      12.0000  4.61962e-09
      51.6620      14.0000  6.11998e-09
      51.6620      16.0000  7.78630e-09
      51.6620      18.0000  9.58906e-09
      51.6620      20.0000  1.14900e-08
      51.6620      25.0000  1.64251e-08
      51.6620      30.0000  2.12326e-08
      51.6620      35.0000  2.55699e-08
      51.6620      40.0000  2.92589e-08
      51.6620      45.0000  3.22424e-08
      51.6620      50.0000  3.45395e-08
      51.6620      55.0000  3.62062e-08
      51.6620      60.0000  3.73170e-08
      51.6620      65.0000  3.79504e-08
      51.6620      70.0000  3.81866e-08
      51.6620      75.0000  3.80983e-08
      51.6620      80.0000  3.77488e-08
      51.6620      85.0000  3.71965e-08
      51.6620      90.0000  3.64808e-08
      51.6620      95.0000  3.56553e-08
      51.6620      100.000  3.47425e-08
      51.6620      110.000  3.27827e-08
      51.6620      120.000  3.07666e-08
      51.6620      130.000  2.87912e-08
      51.6620      140.000  2.69804e-08
      51.6620      150.000  2.53730e-08
      51.6620      160.000  2.41404e-08
      51.6620      170.000  2.34177e-08
      51.6620      180.000  2.33337e-08
      51.6620      190.000  2.38557e-08
      51.6620      200.000  2.62980e-08
      51.6620      210.000  3.03609e-08
      51.6620      220.000  3.91263e-08
      51.6620      230.000  5.50145e-08
      51.6620      240.000  7.93288e-08
      51.6620      250.000  1.14263e-07
      51.6620      260.000  1.79970e-07
      51.6620      270.000  2.92984e-07
      51.6620      280.000  4.76307e-07
      51.6620      290.000  7.75074e-07
      51.6620      300.000  1.27894e-06
      51.6620      310.000  2.07942e-06
      51.6620      320.000  3.32100e-06
      51.6620      330.000  5.00652e-06
      51.6620      340.000  7.03119e-06
      51.6620      350.000  9.50348e-06
      51.6620      360.000  1.29752e-05
      51.6620      365.000  1.20745e-05
      51.6620      370.000  1.24281e-05
      51.6620      380.000  1.23995e-05
      51.6620      390.000  1.10075e-05
      51.6620      400.000  9.49040e-06
      51.6620      410.000  7.66718e-06
      51.6620      420.000  6.53000e-06
      51.6620      430.000  5.55422e-06
      51.6620      440.000  4.73464e-06
      51.6620      450.000  4.05188e-06
      51.6620      460.000  3.48505e-06
      51.6620      470.000  3.01450e-06
      51.6620      480.000  2.62247e-06
      51.6620      490.000  2.29764e-06
      51.6620      500.000  2.03014e-06
      51.6620      510.000  1.81104e-06
      51.6620      520.000  1.63963e-06
      51.6620      530.000  1.57241e-06
      51.6620      540.000  1.50022e-06
      51.6620      550.000  1.49378e-06
      51.6620      560.000  1.55937e-06
      51.6620      570.000  1.67504e-06
      51.6620      580.000  1.86621e-06
      51.6620      590.000  2.03567e-06
      51.6620      600.000  1.98296e-06
      51.6620      610.000  1.93229e-06
      51.6620      620.000  1.76176e-06
      51.6620      630.000  1.55493e-06
      51.6620      640.000  1.31720e-06
      51.6620      650.000  1.15541e-06
      51.6620      660.000  1.02132e-06
      51.6620      670.000  9.16481e-07
      51.6620      680.000  8.39841e-07
      51.6620      690.000  7.84091e-07
      51.6620      700.000  7.53098e-07
      51.6620      710.000  7.26883e-07
      51.6620      720.000  6.75974e-07
      51.6620      730.000  6.31700e-07
      51.6620      740.000  5.71952e-07
      51.6620      750.000  5.10337e-07
      51.6620      760.000  4.52110e-07
      51.6620      770.000  4.00162e-07
      51.6620      780.000  3.55060e-07
      51.6620      790.000  3.16255e-07
      51.6620      800.000  2.82949e-07
      51.6620      810.000  2.54243e-07
      51.6620      820.000  2.29445e-07
      51.6620      830.000  2.07912e-07
      51.6620      840.000  1.89167e-07
      51.6620      850.000  1.72790e-07
      51.6620      860.000  1.58569e-07
      51.6620      870.000  1.46202e-07
      51.6620      880.000  1.35718e-07
      51.6620      890.000  1.27350e-07
      51.6620      900.000  1.21497e-07
      51.6620      910.000  1.17422e-07
      51.6620      920.000  1.15422e-07
      51.6620      930.000  1.16826e-07
      51.6620      940.000  1.18523e-07
      51.6620      950.000  1.13914e-07
      51.6620      960.000  1.08577e-07
      51.6620      970.000  1.01611e-07
      51.6620      980.000  9.27791e-08
      51.6620      990.000  8.38218e-08
      51.6620      1000.00  7.55866e-08
      51.6620      1010.00  6.83175e-08
      51.6620      1020.00  6.20046e-08
      51.6620      1030.00  5.65343e-08
      51.6620      1040.00  5.17945e-08
      51.6620      1050.00  4.77254e-08
      51.6620      1060.00  4.42248e-08
      51.6620      1070.00  4.13212e-08
      51.6620      1080.00  3.89252e-08
      51.6620      1090.00  3.68506e-08
      51.6620      1100.00  3.53382e-08
      51.6620      1110.00  3.43146e-08
      51.6620      1120.00  3.38785e-08
      51.6620      1130.00  3.41488e-08
      51.6620      1140.00  3.48604e-08
      51.6620      1150.00  3.62364e-08
      51.6620      1160.00  3.88998e-08
      51.6620      1170.00  4.12626e-08
      51.6620      1180.00  4.15212e-08
      51.6620      1190.00  4.19295e-08
      51.6620      1200.00  4.17666e-08
      51.6620      1210.00  4.14734e-08
      51.6620      1220.00  4.09464e-08
      51.6620      1230.00  4.00622e-08
      51.6620      1240.00  3.88975e-08
      51.6620      1250.00  3.75276e-08
      51.6620      1260.00  3.60121e-08
      51.6620      1270.00  3.44012e-08
      51.6620      1280.00  3.27414e-08
      51.6620      1290.00  3.10650e-08
      51.6620      1300.00  2.94060e-08
      51.6620      1325.00  2.54456e-08
      51.6620      1350.00  2.18731e-08
      51.6620      1375.00  1.87391e-08
      51.6620      1400.00  1.60288e-08
      51.6620      1425.00  1.37091e-08
      51.6620      1450.00  1.17357e-08
      51.6620      1475.00  1.00659e-08
      51.6620      1500.00  8.66432e-09
      51.6620      1525.00  7.51440e-09
      51.6620      1550.00  6.64298e-09
      51.6620      1575.00  6.04796e-09
      51.6620      1600.00  5.78995e-09
      51.6620      1625.00  5.89050e-09
      51.6620      1650.00  5.58920e-09
      51.6620      1675.00  5.25676e-09
      51.6620      1700.00  4.81240e-09
      51.6620      1725.00  4.29120e-09
      51.6620      1750.00  3.76418e-09
      51.6620      1775.00  3.27261e-09
      51.6620      1800.00  2.83159e-09
      51.6620      1825.00  2.44602e-09
      51.6620      1850.00  2.11189e-09
      51.6620      1875.00  1.82419e-09
      51.6620      1900.00  1.57722e-09
      51.6620      1925.00  1.36594e-09
      51.6620      1950.00  1.18536e-09
      51.6620      1975.00  1.03016e-09
      51.6620      2000.00  8.96966e-10
      51.6620      2025.00  7.82655e-10
      51.6620      2050.00  6.84501e-10
      51.6620      2075.00  5.99557e-10
      51.6620      2100.00  5.26126e-10
      51.6620      2125.00  4.62545e-10
      51.6620      2150.00  4.07632e-10
      51.6620      2175.00  3.59834e-10
      51.6620      2200.00  3.18034e-10
      51.6620      2225.00  2.81515e-10
      51.6620      2250.00  2.49737e-10
      51.6620      2275.00  2.21980e-10
      51.6620      2300.00  1.97519e-10
      51.6620      2325.00  1.75876e-10
      51.6620      2350.00  1.56894e-10
      51.6620      2375.00  1.40240e-10
      51.6620      2400.00  1.25534e-10

      66.7240     0.100000  2.59797e-13
      66.7240     0.200000  1.03922e-12
      66.7240     0.300000  2.33869e-12
      66.7240     0.400000  4.15907e-12
      66.7240     0.500000  6.50163e-12
      66.7240     0.600000  9.36780e-12
      66.7240     0.700000  1.27594e-11
      66.7240     0.800000  1.66778e-11
      66.7240     0.900000  2.11247e-11
      66.7240      1.00000  2.61017e-11
      66.7240      1.10000  3.16090e-11
      66.7240      1.20000  3.76481e-11
      66.7240      1.30000  4.42179e-11
      66.7240      1.40000  5.13182e-11
      66.7240      1.50000  5.89480e-11
      66.7240      1.60000  6.71058e-11
      66.7240      1.70000  7.57890e-11
      66.7240      2.00000  1.04971e-10
      66.7240      2.50000  1.63875e-10
      66.7240      3.00000  2.35333e-10
      66.7240      3.50000  3.19095e-10
      66.7240      4.00000  4.14978e-10
      66.7240      4.50000  5.22825e-10
      66.7240      5.00000  6.42475e-10
      66.7240      5.50000  7.73791e-10
      66.7240      6.00000  9.16588e-10
      66.7240      6.50000  1.07069e-09
      66.7240      7.00000  1.23585e-09
      66.7240      7.50000  1.41184e-09
      66.7240      8.00000  1.59839e-09
      66.7240      8.50000  1.79523e-09
      66.7240      9.00000  2.00212e-09
      66.7240      9.50000  2.21884e-09
      66.7240      10.0000  2.44523e-09
      66.7240      10.5000  2.68114e-09
      66.7240      11.0000  2.92646e-09
      66.7240      11.5000  3.18114e-09
      66.7240      12.0000  3.44501e-09
      66.7240      14.0000  4.59059e-09
      66.7240      16.0000  5.87125e-09
      66.7240      18.0000  7.26900e-09
      66.7240      20.0000  8.76086e-09
      66.7240      25.0000  1.27495e-08
      66.7240      30.0000  1.68363e-08
      66.7240      35.0000  2.07430e-08
      66.7240      40.0000  2.42909e-08
      66.7240      45.0000  2.73842e-08
      66.7240      50.0000  2.99874e-08
      66.7240      55.0000  3.21047e-08
      66.7240      60.0000  3.37553e-08
      66.7240      65.0000  3.49853e-08
      66.7240      70.0000  3.58441e-08
      66.7240      75.0000  3.63648e-08
      66.7240      80.0000  3.66117e-08
      66.7240      85.0000  3.66365e-08
      66.7240      90.0000  3.64463e-08
      66.7240      95.0000  3.61174e-08
      66.7240      100.000  3.56883e-08
      66.7240      110.000  3.45309e-08
      66.7240      120.000  3.32636e-08
      66.7240      130.000  3.21141e-08
      66.7240      140.000  3.09787e-08
      66.7240      150.000  3.04887e-08
      66.7240      160.000  3.06993e-08
      66.7240      170.000  3.13216e-08
      66.7240      180.000  3.42719e-08
      66.7240      190.000  3.88494e-08
      66.7240      200.000  4.57409e-08
      66.7240      210.000  6.01345e-08
      66.7240      220.000  7.82485e-08
      66.7240      230.000  1.07306e-07
      66.7240      240.000  1.59545e-07
      66.7240      250.000  2.29700e-07
      66.7240      260.000  3.40943e-07
      66.7240      270.000  5.12357e-07
      66.7240      280.000  7.73027e-07
      66.7240      290.000  1.16688e-06
      66.7240      300.000  1.77439e-06
      66.7240      310.000  2.63885e-06
      66.7240      320.000  3.86022e-06
      66.7240      330.000  5.38449e-06
      66.7240      340.000  7.07528e-06
      66.7240      350.000  8.95748e-06
      66.7240      360.000  1.20494e-05
      66.7240      365.000  1.12439e-05
      66.7240      370.000  1.15757e-05
      66.7240      380.000  1.16427e-05
      66.7240      390.000  1.04981e-05
      66.7240      400.000  9.22766e-06
      66.7240      410.000  7.53122e-06
      66.7240      420.000  6.55236e-06
      66.7240      430.000  5.67873e-06
      66.7240      440.000  4.92062e-06
      66.7240      450.000  4.27174e-06
      66.7240      460.000  3.72017e-06
      66.7240      470.000  3.25387e-06
      66.7240      480.000  2.86080e-06
      66.7240      490.000  2.53198e-06
      66.7240      500.000  2.25695e-06
      66.7240      510.000  2.03594e-06
      66.7240      520.000  1.85917e-06
      66.7240      530.000  1.80177e-06
      66.7240      540.000  1.72222e-06
      66.7240      550.000  1.70273e-06
      66.7240      560.000  1.75393e-06
      66.7240      570.000  1.84186e-06
      66.7240      580.000  1.92195e-06
      66.7240      590.000  2.05356e-06
      66.7240      600.000  1.98802e-06
      66.7240      610.000  1.93755e-06
      66.7240      620.000  1.78421e-06
      66.7240      630.000  1.60121e-06
      66.7240      640.000  1.37424e-06
      66.7240      650.000  1.22744e-06
      66.7240      660.000  1.10223e-06
      66.7240      670.000  1.00075e-06
      66.7240      680.000  9.21199e-07
      66.7240      690.000  8.60454e-07
      66.7240      700.000  8.13505e-07
      66.7240      710.000  7.74908e-07
      66.7240      720.000  7.17489e-07
      66.7240      730.000  6.68615e-07
      66.7240      740.000  6.11523e-07
      66.7240      750.000  5.53640e-07
      66.7240      760.000  4.98957e-07
      66.7240      770.000  4.49769e-07
      66.7240      780.000  4.09238e-07
      66.7240      790.000  3.71621e-07
      66.7240      800.000  3.43788e-07
      66.7240      810.000  3.15571e-07
      66.7240      820.000  2.91638e-07
      66.7240      830.000  2.68374e-07
      66.7240      840.000  2.47194e-07
      66.7240      850.000  2.26751e-07
      66.7240      860.000  2.07913e-07
      66.7240      870.000  1.90967e-07
      66.7240      880.000  1.76556e-07
      66.7240      890.000  1.64238e-07
      66.7240      900.000  1.55001e-07
      66.7240      910.000  1.47396e-07
      66.7240      920.000  1.43137e-07
      66.7240      930.000  1.38510e-07
      66.7240      940.000  1.36236e-07
      66.7240      950.000  1.30099e-07
      66.7240      960.000  1.23261e-07
      66.7240      970.000  1.15456e-07
      66.7240      980.000  1.06415e-07
      66.7240      990.000  9.72761e-08
      66.7240      1000.00  8.86935e-08
      66.7240      1010.00  8.10019e-08
      66.7240      1020.00  7.41666e-08
      66.7240      1030.00  6.81004e-08
      66.7240      1040.00  6.29228e-08
      66.7240      1050.00  5.83045e-08
      66.7240      1060.00  5.44060e-08
      66.7240      1070.00  5.10133e-08
      66.7240      1080.00  4.82496e-08
      66.7240      1090.00  4.59158e-08
      66.7240      1100.00  4.42320e-08
      66.7240      1110.00  4.29644e-08
      66.7240      1120.00  4.23005e-08
      66.7240      1130.00  4.21548e-08
      66.7240      1140.00  4.25323e-08
      66.7240      1150.00  4.35783e-08
      66.7240      1160.00  4.49883e-08
      66.7240      1170.00  4.64967e-08
      66.7240      1180.00  4.60921e-08
      66.7240      1190.00  4.59895e-08
      66.7240      1200.00  4.54623e-08
      66.7240      1210.00  4.48186e-08
      66.7240      1220.00  4.39801e-08
      66.7240      1230.00  4.28938e-08
      66.7240      1240.00  4.16148e-08
      66.7240      1250.00  4.01883e-08
      66.7240      1260.00  3.86497e-08
      66.7240      1270.00  3.70325e-08
      66.7240      1280.00  3.53726e-08
      66.7240      1290.00  3.37014e-08
      66.7240      1300.00  3.20375e-08
      66.7240      1325.00  2.80346e-08
      66.7240      1350.00  2.43697e-08
      66.7240      1375.00  2.11183e-08
      66.7240      1400.00  1.82616e-08
      66.7240      1425.00  1.57674e-08
      66.7240      1450.00  1.36024e-08
      66.7240      1475.00  1.17584e-08
      66.7240      1500.00  1.02085e-08
      66.7240      1525.00  8.94097e-09
      66.7240      1550.00  7.94982e-09
      66.7240      1575.00  7.26211e-09
      66.7240      1600.00  6.88432e-09
      66.7240      1625.00  6.68284e-09
      66.7240      1650.00  6.26534e-09
      66.7240      1675.00  5.83803e-09
      66.7240      1700.00  5.34124e-09
      66.7240      1725.00  4.79168e-09
      66.7240      1750.00  4.24074e-09
      66.7240      1775.00  3.72159e-09
      66.7240      1800.00  3.25051e-09
      66.7240      1825.00  2.83202e-09
      66.7240      1850.00  2.46410e-09
      66.7240      1875.00  2.14402e-09
      66.7240      1900.00  1.86662e-09
      66.7240      1925.00  1.62717e-09
      66.7240      1950.00  1.42104e-09
      66.7240      1975.00  1.24555e-09
      66.7240      2000.00  1.09537e-09
      66.7240      2025.00  9.69439e-10
      66.7240      2050.00  8.69870e-10
      66.7240      2075.00  7.74537e-10
      66.7240      2100.00  6.91216e-10
      66.7240      2125.00  6.16347e-10
      66.7240      2150.00  5.47991e-10
      66.7240      2175.00  4.85940e-10
      66.7240      2200.00  4.30604e-10
      66.7240      2225.00  3.81503e-10
      66.7240      2250.00  3.38064e-10
      66.7240      2275.00  2.99864e-10
      66.7240      2300.00  2.66259e-10
      66.7240      2325.00  2.36698e-10
      66.7240      2350.00  2.10686e-10
      66.7240      2375.00  1.87764e-10
      66.7240      2400.00  1.67572e-10

      86.1770     0.100000  2.03357e-13
      86.1770     0.200000  8.13609e-13
      86.1770     0.300000  1.83098e-12
      86.1770     0.400000  3.25568e-12
      86.1770     0.500000  5.08773e-12
      86.1770     0.600000  7.32710e-12
      86.1770     0.700000  9.97358e-12
      86.1770     0.800000  1.30270e-11
      86.1770     0.900000  1.64865e-11
      86.1770      1.00000  2.03523e-11
      86.1770      1.10000  2.46227e-11
      86.1770      1.20000  2.92978e-11
      86.1770      1.30000  3.43766e-11
      86.1770      1.40000  3.98581e-11
      86.1770      1.50000  4.57419e-11
      86.1770      1.60000  5.20273e-11
      86.1770      1.70000  5.87132e-11
      86.1770      2.00000  8.11674e-11
      86.1770      2.50000  1.26544e-10
      86.1770      3.00000  1.81813e-10
      86.1770      3.50000  2.46933e-10
      86.1770      4.00000  3.21858e-10
      86.1770      4.50000  4.06546e-10
      86.1770      5.00000  5.00926e-10
      86.1770      5.50000  6.04893e-10
      86.1770      6.00000  7.18282e-10
      86.1770      6.50000  8.40889e-10
      86.1770      7.00000  9.72505e-10
      86.1770      7.50000  1.11288e-09
      86.1770      8.00000  1.26178e-09
      86.1770      8.50000  1.41901e-09
      86.1770      9.00000  1.58442e-09
      86.1770      9.50000  1.75788e-09
      86.1770      10.0000  1.93930e-09
      86.1770      10.5000  2.12863e-09
      86.1770      11.0000  2.32578e-09
      86.1770      11.5000  2.53074e-09
      86.1770      12.0000  2.74348e-09
      86.1770      14.0000  3.67065e-09
      86.1770      16.0000  4.71426e-09
      86.1770      18.0000  5.86326e-09
      86.1770      20.0000  7.10387e-09
      86.1770      25.0000  1.05047e-08
      86.1770      30.0000  1.41272e-08
      86.1770      35.0000  1.77411e-08
      86.1770      40.0000  2.11882e-08
      86.1770      45.0000  2.43700e-08
      86.1770      50.0000  2.72150e-08
      86.1770      55.0000  2.97051e-08
      86.1770      60.0000  3.18426e-08
      86.1770      65.0000  3.36441e-08
      86.1770      70.0000  3.50912e-08
      86.1770      75.0000  3.62407e-08
      86.1770      80.0000  3.71426e-08
      86.1770      85.0000  3.78475e-08
      86.1770      90.0000  3.82879e-08
      86.1770      95.0000  3.85740e-08
      86.1770      100.000  3.87781e-08
      86.1770      110.000  3.89449e-08
      86.1770      120.000  3.89862e-08
      86.1770      130.000  3.92966e-08
      86.1770      140.000  4.00179e-08
      86.1770      150.000  4.17594e-08
      86.1770      160.000  4.46311e-08
      86.1770      170.000  4.97622e-08
      86.1770      180.000  5.72990e-08
      86.1770      190.000  6.95292e-08
      86.1770      200.000  8.64090e-08
      86.1770      210.000  1.12105e-07
      86.1770      220.000  1.50882e-07
      86.1770      230.000  2.05655e-07
      86.1770      240.000  2.84384e-07
      86.1770      250.000  3.97946e-07
      86.1770      260.000  5.61269e-07
      86.1770      270.000  7.95479e-07
      86.1770      280.000  1.13027e-06
      86.1770      290.000  1.60514e-06
      86.1770      300.000  2.26822e-06
      86.1770      310.000  3.11188e-06
      86.1770      320.000  4.25038e-06
      86.1770      330.000  5.56047e-06
      86.1770      340.000  6.91606e-06
      86.1770      350.000  8.35291e-06
      86.1770      360.000  9.92703e-06
      86.1770      365.000  9.71150e-06
      86.1770      370.000  9.95440e-06
      86.1770      380.000  1.00029e-05
      86.1770      390.000  9.34550e-06
      86.1770      400.000  8.48882e-06
      86.1770      410.000  7.36936e-06
      86.1770      420.000  6.54938e-06
      86.1770      430.000  5.78788e-06
      86.1770      440.000  5.10487e-06
      86.1770      450.000  4.50326e-06
      86.1770      460.000  3.97951e-06
      86.1770      470.000  3.52760e-06
      86.1770      480.000  3.14024e-06
      86.1770      490.000  2.81112e-06
      86.1770      500.000  2.53539e-06
      86.1770      510.000  2.30914e-06
      86.1770      520.000  2.13084e-06
      86.1770      530.000  2.03327e-06
      86.1770      540.000  1.95260e-06
      86.1770      550.000  1.92436e-06
      86.1770      560.000  1.94425e-06
      86.1770      570.000  1.97786e-06
      86.1770      580.000  2.04444e-06
      86.1770      590.000  2.04549e-06
      86.1770      600.000  1.97809e-06
      86.1770      610.000  1.91423e-06
      86.1770      620.000  1.78961e-06
      86.1770      630.000  1.63858e-06
      86.1770      640.000  1.46778e-06
      86.1770      650.000  1.33175e-06
      86.1770      660.000  1.21238e-06
      86.1770      670.000  1.11178e-06
      86.1770      680.000  1.02932e-06
      86.1770      690.000  9.60149e-07
      86.1770      700.000  9.04999e-07
      86.1770      710.000  8.52126e-07
      86.1770      720.000  7.91955e-07
      86.1770      730.000  7.41500e-07
      86.1770      740.000  6.89253e-07
      86.1770      750.000  6.39474e-07
      86.1770      760.000  5.95066e-07
      86.1770      770.000  5.58425e-07
      86.1770      780.000  5.30199e-07
      86.1770      790.000  5.08817e-07
      86.1770      800.000  4.90091e-07
      86.1770      810.000  4.78707e-07
      86.1770      820.000  4.58406e-07
      86.1770      830.000  4.34425e-07
      86.1770      840.000  4.09435e-07
      86.1770      850.000  3.79693e-07
      86.1770      860.000  3.48026e-07
      86.1770      870.000  3.17697e-07
      86.1770      880.000  2.90219e-07
      86.1770      890.000  2.66184e-07
      86.1770      900.000  2.45711e-07
      86.1770      910.000  2.28577e-07
      86.1770      920.000  2.14148e-07
      86.1770      930.000  2.01652e-07
      86.1770      940.000  1.91264e-07
      86.1770      950.000  1.79514e-07
      86.1770      960.000  1.67747e-07
      86.1770      970.000  1.56118e-07
      86.1770      980.000  1.44104e-07
      86.1770      990.000  1.32325e-07
      86.1770      1000.00  1.21493e-07
      86.1770      1010.00  1.11524e-07
      86.1770      1020.00  1.02768e-07
      86.1770      1030.00  9.48491e-08
      86.1770      1040.00  8.79022e-08
      86.1770      1050.00  8.18008e-08
      86.1770      1060.00  7.64818e-08
      86.1770      1070.00  7.19016e-08
      86.1770      1080.00  6.80119e-08
      86.1770      1090.00  6.47873e-08
      86.1770      1100.00  6.21991e-08
      86.1770      1110.00  6.02379e-08
      86.1770      1120.00  5.89055e-08
      86.1770      1130.00  5.82294e-08
      86.1770      1140.00  5.82086e-08
      86.1770      1150.00  5.86874e-08
      86.1770      1160.00  5.95861e-08
      86.1770      1170.00  5.93877e-08
      86.1770      1180.00  5.80240e-08
      86.1770      1190.00  5.71428e-08
      86.1770      1200.00  5.58882e-08
      86.1770      1210.00  5.44373e-08
      86.1770      1220.00  5.28181e-08
      86.1770      1230.00  5.10568e-08
      86.1770      1240.00  4.92113e-08
      86.1770      1250.00  4.73096e-08
      86.1770      1260.00  4.53660e-08
      86.1770      1270.00  4.34123e-08
      86.1770      1280.00  4.14570e-08
      86.1770      1290.00  3.95283e-08
      86.1770      1300.00  3.76372e-08
      86.1770      1325.00  3.31426e-08
      86.1770      1350.00  2.90718e-08
      86.1770      1375.00  2.54750e-08
      86.1770      1400.00  2.23243e-08
      86.1770      1425.00  1.94780e-08
      86.1770      1450.00  1.69352e-08
      86.1770      1475.00  1.47263e-08
      86.1770      1500.00  1.28717e-08
      86.1770      1525.00  1.13451e-08
      86.1770      1550.00  1.01340e-08
      86.1770      1575.00  9.21678e-09
      86.1770      1600.00  8.57196e-09
      86.1770      1625.00  8.12657e-09
      86.1770      1650.00  7.52699e-09
      86.1770      1675.00  6.94658e-09
      86.1770      1700.00  6.33911e-09
      86.1770      1725.00  5.70524e-09
      86.1770      1750.00  5.08355e-09
      86.1770      1775.00  4.49884e-09
      86.1770      1800.00  3.96460e-09
      86.1770      1825.00  3.48462e-09
      86.1770      1850.00  3.05888e-09
      86.1770      1875.00  2.68588e-09
      86.1770      1900.00  2.36053e-09
      86.1770      1925.00  2.08087e-09
      86.1770      1950.00  1.84320e-09
      86.1770      1975.00  1.64670e-09
      86.1770      2000.00  1.48896e-09
      86.1770      2025.00  1.36764e-09
      86.1770      2050.00  1.28021e-09
      86.1770      2075.00  1.19783e-09
      86.1770      2100.00  1.10718e-09
      86.1770      2125.00  1.01710e-09
      86.1770      2150.00  9.23766e-10
      86.1770      2175.00  8.30406e-10
      86.1770      2200.00  7.41274e-10
      86.1770      2225.00  6.58727e-10
      86.1770      2250.00  5.83746e-10
      86.1770      2275.00  5.16544e-10
      86.1770      2300.00  4.57004e-10
      86.1770      2325.00  4.04393e-10
      86.1770      2350.00  3.57972e-10
      86.1770      2375.00  3.17051e-10
      86.1770      2400.00  2.81184e-10

      111.302     0.100000  1.81089e-13
      111.302     0.200000  7.24010e-13
      111.302     0.300000  1.62823e-12
      111.302     0.400000  2.89319e-12
      111.302     0.500000  4.51834e-12
      111.302     0.600000  6.50318e-12
      111.302     0.700000  8.84727e-12
      111.302     0.800000  1.15501e-11
      111.302     0.900000  1.46111e-11
      111.302      1.00000  1.80303e-11
      111.302      1.10000  2.18069e-11
      111.302      1.20000  2.59411e-11
      111.302      1.30000  3.04323e-11
      111.302      1.40000  3.52801e-11
      111.302      1.50000  4.04852e-11
      111.302      1.60000  4.60463e-11
      111.302      1.70000  5.19651e-11
      111.302      2.00000  7.18589e-11
      111.302      2.50000  1.12152e-10
      111.302      3.00000  1.61380e-10
      111.302      3.50000  2.19549e-10
      111.302      4.00000  2.86652e-10
      111.302      4.50000  3.62636e-10
      111.302      5.00000  4.47402e-10
      111.302      5.50000  5.40826e-10
      111.302      6.00000  6.42715e-10
      111.302      6.50000  7.52898e-10
      111.302      7.00000  8.71205e-10
      111.302      7.50000  9.97468e-10
      111.302      8.00000  1.13155e-09
      111.302      8.50000  1.27335e-09
      111.302      9.00000  1.42282e-09
      111.302      9.50000  1.57987e-09
      111.302      10.0000  1.74448e-09
      111.302      10.5000  1.91659e-09
      111.302      11.0000  2.09618e-09
      111.302      11.5000  2.28326e-09
      111.302      12.0000  2.47771e-09
      111.302      14.0000  3.32863e-09
      111.302      16.0000  4.29244e-09
      111.302      18.0000  5.36146e-09
      111.302      20.0000  6.52699e-09
      111.302      25.0000  9.78401e-09
      111.302      30.0000  1.33607e-08
      111.302      35.0000  1.70631e-08
      111.302      40.0000  2.07434e-08
      111.302      45.0000  2.42974e-08
      111.302      50.0000  2.76695e-08
      111.302      55.0000  3.07881e-08
      111.302      60.0000  3.36240e-08
      111.302      65.0000  3.61855e-08
      111.302      70.0000  3.84726e-08
      111.302      75.0000  4.05277e-08
      111.302      80.0000  4.23758e-08
      111.302      85.0000  4.39284e-08
      111.302      90.0000  4.53156e-08
      111.302      95.0000  4.65686e-08
      111.302      100.000  4.77877e-08
      111.302      110.000  5.00537e-08
      111.302      120.000  5.22478e-08
      111.302      130.000  5.56875e-08
      111.302      140.000  5.91061e-08
      111.302      150.000  6.42749e-08
      111.302      160.000  7.30340e-08
      111.302      170.000  8.39482e-08
      111.302      180.000  9.96601e-08
      111.302      190.000  1.22475e-07
      111.302      200.000  1.52805e-07
      111.302      210.000  1.95589e-07
      111.302      220.000  2.54686e-07
      111.302      230.000  3.33857e-07
      111.302      240.000  4.45146e-07
      111.302      250.000  5.92699e-07
      111.302      260.000  8.04216e-07
      111.302      270.000  1.07334e-06
      111.302      280.000  1.44328e-06
      111.302      290.000  1.94257e-06
      111.302      300.000  2.55911e-06
      111.302      310.000  3.39407e-06
      111.302      320.000  4.37369e-06
      111.302      330.000  5.47553e-06
      111.302      340.000  6.50474e-06
      111.302      350.000  7.55956e-06
      111.302      360.000  8.45532e-06
      111.302      365.000  8.46416e-06
      111.302      370.000  8.65109e-06
      111.302      380.000  8.72541e-06
      111.302      390.000  8.35885e-06
      111.302      400.000  7.78782e-06
      111.302      410.000  7.03265e-06
      111.302      420.000  6.38168e-06
      111.302      430.000  5.75331e-06
      111.302      440.000  5.16952e-06
      111.302      450.000  4.64007e-06
      111.302      460.000  4.16733e-06
      111.302      470.000  3.75040e-06
      111.302      480.000  3.38952e-06
      111.302      490.000  3.07249e-06
      111.302      500.000  2.80711e-06
      111.302      510.000  2.58417e-06
      111.302      520.000  2.40676e-06
      111.302      530.000  2.28977e-06
      111.302      540.000  2.19135e-06
      111.302      550.000  2.14417e-06
      111.302      560.000  2.12929e-06
      111.302      570.000  2.10605e-06
      111.302      580.000  2.13241e-06
      111.302      590.000  2.10580e-06
      111.302      600.000  2.03397e-06
      111.302      610.000  1.96231e-06
      111.302      620.000  1.85296e-06
      111.302      630.000  1.72229e-06
      111.302      640.000  1.58288e-06
      111.302      650.000  1.45743e-06
      111.302      660.000  1.34347e-06
      111.302      670.000  1.24601e-06
      111.302      680.000  1.15952e-06
      111.302      690.000  1.08906e-06
      111.302      700.000  1.02641e-06
      111.302      710.000  9.73567e-07
      111.302      720.000  9.23115e-07
      111.302      730.000  8.79452e-07
      111.302      740.000  8.45206e-07
      111.302      750.000  8.16812e-07
      111.302      760.000  8.01426e-07
      111.302      770.000  7.98382e-07
      111.302      780.000  8.10029e-07
      111.302      790.000  8.81877e-07
      111.302      800.000  8.50628e-07
      111.302      810.000  9.17555e-07
      111.302      820.000  8.78855e-07
      111.302      830.000  8.56729e-07
      111.302      840.000  8.28292e-07
      111.302      850.000  7.80501e-07
      111.302      860.000  7.20881e-07
      111.302      870.000  6.58702e-07
      111.302      880.000  5.99411e-07
      111.302      890.000  5.44810e-07
      111.302      900.000  4.95931e-07
      111.302      910.000  4.52695e-07
      111.302      920.000  4.14502e-07
      111.302      930.000  3.83550e-07
      111.302      940.000  3.50956e-07
      111.302      950.000  3.22885e-07
      111.302      960.000  2.97088e-07
      111.302      970.000  2.73525e-07
      111.302      980.000  2.51199e-07
      111.302      990.000  2.30605e-07
      111.302      1000.00  2.11840e-07
      111.302      1010.00  1.95031e-07
      111.302      1020.00  1.79845e-07
      111.302      1030.00  1.66596e-07
      111.302      1040.00  1.54312e-07
      111.302      1050.00  1.43543e-07
      111.302      1060.00  1.34036e-07
      111.302      1070.00  1.25590e-07
      111.302      1080.00  1.18310e-07
      111.302      1090.00  1.11926e-07
      111.302      1100.00  1.06979e-07
      111.302      1110.00  1.02344e-07
      111.302      1120.00  9.90565e-08
      111.302      1130.00  9.65391e-08
      111.302      1140.00  9.47189e-08
      111.302      1150.00  9.36062e-08
      111.302      1160.00  9.24527e-08
      111.302      1170.00  9.16076e-08
      111.302      1180.00  8.90702e-08
      111.302      1190.00  8.65373e-08
      111.302      1200.00  8.35660e-08
      111.302      1210.00  8.01706e-08
      111.302      1220.00  7.65935e-08
      111.302      1230.00  7.29912e-08
      111.302      1240.00  6.94681e-08
      111.302      1250.00  6.60521e-08
      111.302      1260.00  6.27620e-08
      111.302      1270.00  5.96064e-08
      111.302      1280.00  5.65884e-08
      111.302      1290.00  5.37094e-08
      111.302      1300.00  5.09683e-08
      111.302      1325.00  4.47294e-08
      111.302      1350.00  3.93465e-08
      111.302      1375.00  3.47721e-08
      111.302      1400.00  3.08053e-08
      111.302      1425.00  2.71064e-08
      111.302      1450.00  2.36705e-08
      111.302      1475.00  2.06372e-08
      111.302      1500.00  1.80787e-08
      111.302      1525.00  1.59619e-08
      111.302      1550.00  1.42501e-08
      111.302      1575.00  1.28999e-08
      111.302      1600.00  1.18664e-08
      111.302      1625.00  1.10544e-08
      111.302      1650.00  1.01367e-08
      111.302      1675.00  9.24420e-09
      111.302      1700.00  8.36345e-09
      111.302      1725.00  7.50865e-09
      111.302      1750.00  6.70403e-09
      111.302      1775.00  5.96327e-09
      111.302      1800.00  5.29225e-09
      111.302      1825.00  4.69165e-09
      111.302      1850.00  4.16198e-09
      111.302      1875.00  3.70015e-09
      111.302      1900.00  3.30453e-09
      111.302      1925.00  2.97505e-09
      111.302      1950.00  2.71319e-09
      111.302      1975.00  2.52092e-09
      111.302      2000.00  2.39608e-09
      111.302      2025.00  2.33128e-09
      111.302      2050.00  2.31932e-09
      111.302      2075.00  2.26820e-09
      111.302      2100.00  2.18141e-09
      111.302      2125.00  2.07377e-09
      111.302      2150.00  1.93485e-09
      111.302      2175.00  1.77450e-09
      111.302      2200.00  1.60721e-09
      111.302      2225.00  1.44274e-09
      111.302      2250.00  1.28708e-09
      111.302      2275.00  1.14334e-09
      111.302      2300.00  1.01295e-09
      111.302      2325.00  8.95904e-10
      111.302      2350.00  7.91657e-10
      111.302      2375.00  6.99264e-10
      111.302      2400.00  6.17830e-10

      143.753     0.100000  1.83248e-13
      143.753     0.200000  7.32687e-13
      143.753     0.300000  1.64791e-12
      143.753     0.400000  2.92858e-12
      143.753     0.500000  4.57431e-12
      143.753     0.600000  6.58497e-12
      143.753     0.700000  8.96030e-12
      143.753     0.800000  1.17000e-11
      143.753     0.900000  1.48043e-11
      143.753      1.00000  1.82728e-11
      143.753      1.10000  2.21057e-11
      143.753      1.20000  2.63028e-11
      143.753      1.30000  3.08639e-11
      143.753      1.40000  3.57895e-11
      143.753      1.50000  4.10795e-11
      143.753      1.60000  4.67342e-11
      143.753      1.70000  5.27527e-11
      143.753      2.00000  7.29971e-11
      143.753      2.50000  1.14031e-10
      143.753      3.00000  1.64175e-10
      143.753      3.50000  2.23399e-10
      143.753      4.00000  2.91642e-10
      143.753      4.50000  3.68826e-10
      143.753      5.00000  4.54842e-10
      143.753      5.50000  5.49589e-10
      143.753      6.00000  6.52954e-10
      143.753      6.50000  7.64824e-10
      143.753      7.00000  8.85158e-10
      143.753      7.50000  1.01384e-09
      143.753      8.00000  1.15084e-09
      143.753      8.50000  1.29611e-09
      143.753      9.00000  1.44959e-09
      143.753      9.50000  1.61129e-09
      143.753      10.0000  1.78111e-09
      143.753      10.5000  1.95907e-09
      143.753      11.0000  2.14508e-09
      143.753      11.5000  2.33916e-09
      143.753      12.0000  2.54118e-09
      143.753      14.0000  3.42779e-09
      143.753      16.0000  4.43625e-09
      143.753      18.0000  5.56040e-09
      143.753      20.0000  6.79285e-09
      143.753      25.0000  1.02881e-08
      143.753      30.0000  1.42377e-08
      143.753      35.0000  1.84605e-08
      143.753      40.0000  2.28225e-08
      143.753      45.0000  2.72107e-08
      143.753      50.0000  3.15343e-08
      143.753      55.0000  3.57294e-08
      143.753      60.0000  3.98016e-08
      143.753      65.0000  4.36201e-08
      143.753      70.0000  4.72217e-08
      143.753      75.0000  5.06242e-08
      143.753      80.0000  5.38259e-08
      143.753      85.0000  5.68359e-08
      143.753      90.0000  5.97679e-08
      143.753      95.0000  6.26997e-08
      143.753      100.000  6.52910e-08
      143.753      110.000  7.08114e-08
      143.753      120.000  7.66057e-08
      143.753      130.000  8.33751e-08
      143.753      140.000  9.16860e-08
      143.753      150.000  1.02429e-07
      143.753      160.000  1.16717e-07
      143.753      170.000  1.35309e-07
      143.753      180.000  1.60150e-07
      143.753      190.000  1.93023e-07
      143.753      200.000  2.36844e-07
      143.753      210.000  2.95744e-07
      143.753      220.000  3.71578e-07
      143.753      230.000  4.71429e-07
      143.753      240.000  6.01584e-07
      143.753      250.000  7.72189e-07
      143.753      260.000  9.99122e-07
      143.753      270.000  1.28227e-06
      143.753      280.000  1.64331e-06
      143.753      290.000  2.09681e-06
      143.753      300.000  2.66430e-06
      143.753      310.000  3.37678e-06
      143.753      320.000  4.14272e-06
      143.753      330.000  5.01043e-06
      143.753      340.000  5.71512e-06
      143.753      350.000  6.58597e-06
      143.753      360.000  7.03348e-06
      143.753      365.000  7.11984e-06
      143.753      370.000  7.26675e-06
      143.753      380.000  7.37030e-06
      143.753      390.000  7.19510e-06
      143.753      400.000  6.84768e-06
      143.753      410.000  6.34647e-06
      143.753      420.000  5.88164e-06
      143.753      430.000  5.41262e-06
      143.753      440.000  4.95864e-06
      143.753      450.000  4.53435e-06
      143.753      460.000  4.14478e-06
      143.753      470.000  3.79265e-06
      143.753      480.000  3.48222e-06
      143.753      490.000  3.20438e-06
      143.753      500.000  2.96676e-06
      143.753      510.000  2.76650e-06
      143.753      520.000  2.60044e-06
      143.753      530.000  2.48028e-06
      143.753      540.000  2.39148e-06
      143.753      550.000  2.31918e-06
      143.753      560.000  2.29408e-06
      143.753      570.000  2.23809e-06
      143.753      580.000  2.24006e-06
      143.753      590.000  2.17930e-06
      143.753      600.000  2.10614e-06
      143.753      610.000  2.03357e-06
      143.753      620.000  1.93724e-06
      143.753      630.000  1.82528e-06
      143.753      640.000  1.70395e-06
      143.753      650.000  1.59463e-06
      143.753      660.000  1.49440e-06
      143.753      670.000  1.40626e-06
      143.753      680.000  1.33266e-06
      143.753      690.000  1.27160e-06
      143.753      700.000  1.22162e-06
      143.753      710.000  1.18386e-06
      143.753      720.000  1.15896e-06
      143.753      730.000  1.14969e-06
      143.753      740.000  1.15744e-06
      143.753      750.000  1.18602e-06
      143.753      760.000  1.23013e-06
      143.753      770.000  1.30149e-06
      143.753      780.000  1.38139e-06
      143.753      790.000  1.47340e-06
      143.753      800.000  1.57608e-06
      143.753      810.000  1.64692e-06
      143.753      820.000  1.65880e-06
      143.753      830.000  1.64569e-06
      143.753      840.000  1.61745e-06
      143.753      850.000  1.54865e-06
      143.753      860.000  1.45134e-06
      143.753      870.000  1.34247e-06
      143.753      880.000  1.23239e-06
      143.753      890.000  1.12650e-06
      143.753      900.000  1.02761e-06
      143.753      910.000  9.37677e-07
      143.753      920.000  8.55017e-07
      143.753      930.000  7.80651e-07
      143.753      940.000  7.13725e-07
      143.753      950.000  6.52685e-07
      143.753      960.000  5.97783e-07
      143.753      970.000  5.48324e-07
      143.753      980.000  5.03224e-07
      143.753      990.000  4.62478e-07
      143.753      1000.00  4.25754e-07
      143.753      1010.00  3.92709e-07
      143.753      1020.00  3.63394e-07
      143.753      1030.00  3.36622e-07
      143.753      1040.00  3.12451e-07
      143.753      1050.00  2.90688e-07
      143.753      1060.00  2.71112e-07
      143.753      1070.00  2.53736e-07
      143.753      1080.00  2.37755e-07
      143.753      1090.00  2.23893e-07
      143.753      1100.00  2.11872e-07
      143.753      1110.00  2.01338e-07
      143.753      1120.00  1.93855e-07
      143.753      1130.00  1.85519e-07
      143.753      1140.00  1.79560e-07
      143.753      1150.00  1.74300e-07
      143.753      1160.00  1.68803e-07
      143.753      1170.00  1.63887e-07
      143.753      1180.00  1.57699e-07
      143.753      1190.00  1.51500e-07
      143.753      1200.00  1.44817e-07
      143.753      1210.00  1.37554e-07
      143.753      1220.00  1.30126e-07
      143.753      1230.00  1.22810e-07
      143.753      1240.00  1.15790e-07
      143.753      1250.00  1.09118e-07
      143.753      1260.00  1.02834e-07
      143.753      1270.00  9.69468e-08
      143.753      1280.00  9.14262e-08
      143.753      1290.00  8.62839e-08
      143.753      1300.00  8.14866e-08
      143.753      1325.00  7.09336e-08
      143.753      1350.00  6.22295e-08
      143.753      1375.00  5.50737e-08
      143.753      1400.00  4.89244e-08
      143.753      1425.00  4.31747e-08
      143.753      1450.00  3.77959e-08
      143.753      1475.00  3.29861e-08
      143.753      1500.00  2.89063e-08
      143.753      1525.00  2.55360e-08
      143.753      1550.00  2.28190e-08
      143.753      1575.00  2.07072e-08
      143.753      1600.00  1.91161e-08
      143.753      1625.00  1.77794e-08
      143.753      1650.00  1.62488e-08
      143.753      1675.00  1.46450e-08
      143.753      1700.00  1.30456e-08
      143.753      1725.00  1.15792e-08
      143.753      1750.00  1.02733e-08
      143.753      1775.00  9.12319e-09
      143.753      1800.00  8.11933e-09
      143.753      1825.00  7.24782e-09
      143.753      1850.00  6.49780e-09
      143.753      1875.00  5.86573e-09
      143.753      1900.00  5.34684e-09
      143.753      1925.00  4.94531e-09
      143.753      1950.00  4.66432e-09
      143.753      1975.00  4.50219e-09
      143.753      2000.00  4.44594e-09
      143.753      2025.00  4.47310e-09
      143.753      2050.00  4.56650e-09
      143.753      2075.00  4.57075e-09
      143.753      2100.00  4.48893e-09
      143.753      2125.00  4.35118e-09
      143.753      2150.00  4.13739e-09
      143.753      2175.00  3.86347e-09
      143.753      2200.00  3.55671e-09
      143.753      2225.00  3.23967e-09
      143.753      2250.00  2.92733e-09
      143.753      2275.00  2.62967e-09
      143.753      2300.00  2.35207e-09
      143.753      2325.00  2.09722e-09
      143.753      2350.00  1.86612e-09
      143.753      2375.00  1.65849e-09
      143.753      2400.00  1.47317e-09

      185.664     0.100000  1.93881e-13
      185.664     0.200000  7.75384e-13
      185.664     0.300000  1.74436e-12
      185.664     0.400000  3.10065e-12
      185.664     0.500000  4.84402e-12
      185.664     0.600000  6.97451e-12
      185.664     0.700000  9.49196e-12
      185.664     0.800000  1.23964e-11
      185.664     0.900000  1.56871e-11
      185.664      1.00000  1.93645e-11
      185.664      1.10000  2.34287e-11
      185.664      1.20000  2.78793e-11
      185.664      1.30000  3.27163e-11
      185.664      1.40000  3.79391e-11
      185.664      1.50000  4.35477e-11
      185.664      1.60000  4.95428e-11
      185.664      1.70000  5.59231e-11
      185.664      2.00000  7.73779e-11
      185.664      2.50000  1.20833e-10
      185.664      3.00000  1.73879e-10
      185.664      3.50000  2.36474e-10
      185.664      4.00000  3.08576e-10
      185.664      4.50000  3.90123e-10
      185.664      5.00000  4.81073e-10
      185.664      5.50000  5.81373e-10
      185.664      6.00000  6.90951e-10
      185.664      6.50000  8.09808e-10
      185.664      7.00000  9.37871e-10
      185.664      7.50000  1.07510e-09
      185.664      8.00000  1.22148e-09
      185.664      8.50000  1.37693e-09
      185.664      9.00000  1.54145e-09
      185.664      9.50000  1.71500e-09
      185.664      10.0000  1.89747e-09
      185.664      10.5000  2.08893e-09
      185.664      11.0000  2.28916e-09
      185.664      11.5000  2.49827e-09
      185.664      12.0000  2.71613e-09
      185.664      14.0000  3.67371e-09
      185.664      16.0000  4.76621e-09
      185.664      18.0000  5.98886e-09
      185.664      20.0000  7.33568e-09
      185.664      25.0000  1.12011e-08
      185.664      30.0000  1.56609e-08
      185.664      35.0000  2.05618e-08
      185.664      40.0000  2.57728e-08
      185.664      45.0000  3.11861e-08
      185.664      50.0000  3.67000e-08
      185.664      55.0000  4.22199e-08
      185.664      60.0000  4.77003e-08
      185.664      65.0000  5.30998e-08
      185.664      70.0000  5.83927e-08
      185.664      75.0000  6.35392e-08
      185.664      80.0000  6.86039e-08
      185.664      85.0000  7.35151e-08
      185.664      90.0000  7.83757e-08
      185.664      95.0000  8.31454e-08
      185.664      100.000  8.79178e-08
      185.664      110.000  9.75942e-08
      185.664      120.000  1.07887e-07
      185.664      130.000  1.19451e-07
      185.664      140.000  1.32720e-07
      185.664      150.000  1.48804e-07
      185.664      160.000  1.68868e-07
      185.664      170.000  1.94137e-07
      185.664      180.000  2.26221e-07
      185.664      190.000  2.67123e-07
      185.664      200.000  3.19287e-07
      185.664      210.000  3.85595e-07
      185.664      220.000  4.69406e-07
      185.664      230.000  5.74638e-07
      185.664      240.000  7.06740e-07
      185.664      250.000  8.72872e-07
      185.664      260.000  1.08111e-06
      185.664      270.000  1.34264e-06
      185.664      280.000  1.65751e-06
      185.664      290.000  2.02303e-06
      185.664      300.000  2.47321e-06
      185.664      310.000  3.02961e-06
      185.664      320.000  3.57887e-06
      185.664      330.000  4.13942e-06
      185.664      340.000  4.66587e-06
      185.664      350.000  5.20050e-06
      185.664      360.000  5.55138e-06
      185.664      365.000  5.64809e-06
      185.664      370.000  5.76271e-06
      185.664      380.000  5.88131e-06
      185.664      390.000  5.82890e-06
      185.664      400.000  5.65015e-06
      185.664      410.000  5.36494e-06
      185.664      420.000  5.07129e-06
      185.664      430.000  4.75962e-06
      185.664      440.000  4.44700e-06
      185.664      450.000  4.14447e-06
      185.664      460.000  3.85939e-06
      185.664      470.000  3.59734e-06
      185.664      480.000  3.35410e-06
      185.664      490.000  3.13863e-06
      185.664      500.000  2.94989e-06
      185.664      510.000  2.78799e-06
      185.664      520.000  2.65274e-06
      185.664      530.000  2.54856e-06
      185.664      540.000  2.46499e-06
      185.664      550.000  2.40729e-06
      185.664      560.000  2.37265e-06
      185.664      570.000  2.30307e-06
      185.664      580.000  2.26238e-06
      185.664      590.000  2.22189e-06
      185.664      600.000  2.15735e-06
      185.664      610.000  2.09450e-06
      185.664      620.000  2.01788e-06
      185.664      630.000  1.93136e-06
      185.664      640.000  1.83829e-06
      185.664      650.000  1.75654e-06
      185.664      660.000  1.68366e-06
      185.664      670.000  1.62271e-06
      185.664      680.000  1.57554e-06
      185.664      690.000  1.54409e-06
      185.664      700.000  1.53019e-06
      185.664      710.000  1.53565e-06
      185.664      720.000  1.56273e-06
      185.664      730.000  1.61967e-06
      185.664      740.000  1.69271e-06
      185.664      750.000  1.77970e-06
      185.664      760.000  1.90748e-06
      185.664      770.000  2.06063e-06
      185.664      780.000  2.23171e-06
      185.664      790.000  2.40340e-06
      185.664      800.000  2.54938e-06
      185.664      810.000  2.71440e-06
      185.664      820.000  2.71851e-06
      185.664      830.000  2.72696e-06
      185.664      840.000  2.70445e-06
      185.664      850.000  2.62378e-06
      185.664      860.000  2.49631e-06
      185.664      870.000  2.34376e-06
      185.664      880.000  2.18146e-06
      185.664      890.000  2.01920e-06
      185.664      900.000  1.86270e-06
      185.664      910.000  1.71446e-06
      185.664      920.000  1.57585e-06
      185.664      930.000  1.44854e-06
      185.664      940.000  1.33221e-06
      185.664      950.000  1.22558e-06
      185.664      960.000  1.12843e-06
      185.664      970.000  1.04049e-06
      185.664      980.000  9.60694e-07
      185.664      990.000  8.88478e-07
      185.664      1000.00  8.23329e-07
      185.664      1010.00  7.64320e-07
      185.664      1020.00  7.10770e-07
      185.664      1030.00  6.62700e-07
      185.664      1040.00  6.17159e-07
      185.664      1050.00  5.76187e-07
      185.664      1060.00  5.38944e-07
      185.664      1070.00  5.04674e-07
      185.664      1080.00  4.73264e-07
      185.664      1090.00  4.44833e-07
      185.664      1100.00  4.19286e-07
      185.664      1110.00  3.96518e-07
      185.664      1120.00  3.76303e-07
      185.664      1130.00  3.58338e-07
      185.664      1140.00  3.42335e-07
      185.664      1150.00  3.27859e-07
      185.664      1160.00  3.15177e-07
      185.664      1170.00  2.99511e-07
      185.664      1180.00  2.85470e-07
      185.664      1190.00  2.71990e-07
      185.664      1200.00  2.58395e-07
      185.664      1210.00  2.44496e-07
      185.664      1220.00  2.30654e-07
      185.664      1230.00  2.17225e-07
      185.664      1240.00  2.04382e-07
      185.664      1250.00  1.92255e-07
      185.664      1260.00  1.80848e-07
      185.664      1270.00  1.70183e-07
      185.664      1280.00  1.60237e-07
      185.664      1290.00  1.50996e-07
      185.664      1300.00  1.42425e-07
      185.664      1325.00  1.23645e-07
      185.664      1350.00  1.08312e-07
      185.664      1375.00  9.56892e-08
      185.664      1400.00  8.47477e-08
      185.664      1425.00  7.48531e-08
      185.664      1450.00  6.57555e-08
      185.664      1475.00  5.76353e-08
      185.664      1500.00  5.07311e-08
      185.664      1525.00  4.50533e-08
      185.664      1550.00  4.05713e-08
      185.664      1575.00  3.71740e-08
      185.664      1600.00  3.47311e-08
      185.664      1625.00  3.25649e-08
      185.664      1650.00  2.98167e-08
      185.664      1675.00  2.67908e-08
      185.664      1700.00  2.36413e-08
      185.664      1725.00  2.07763e-08
      185.664      1750.00  1.82963e-08
      185.664      1775.00  1.61798e-08
      185.664      1800.00  1.43989e-08
      185.664      1825.00  1.29186e-08
      185.664      1850.00  1.16739e-08
      185.664      1875.00  1.06517e-08
      185.664      1900.00  9.84027e-09
      185.664      1925.00  9.23173e-09
      185.664      1950.00  8.82517e-09
      185.664      1975.00  8.59816e-09
      185.664      2000.00  8.55921e-09
      185.664      2025.00  8.59502e-09
      185.664      2050.00  8.66864e-09
      185.664      2075.00  8.69306e-09
      185.664      2100.00  8.55407e-09
      185.664      2125.00  8.33014e-09
      185.664      2150.00  7.98957e-09
      185.664      2175.00  7.54710e-09
      185.664      2200.00  7.03899e-09
      185.664      2225.00  6.49957e-09
      185.664      2250.00  5.95444e-09
      185.664      2275.00  5.42119e-09
      185.664      2300.00  4.91207e-09
      185.664      2325.00  4.43528e-09
      185.664      2350.00  3.99436e-09
      185.664      2375.00  3.59090e-09
      185.664      2400.00  3.22516e-09

      239.794     0.100000  1.95156e-13
      239.794     0.200000  7.80505e-13
      239.794     0.300000  1.75587e-12
      239.794     0.400000  3.12107e-12
      239.794     0.500000  4.87587e-12
      239.794     0.600000  7.02018e-12
      239.794     0.700000  9.55386e-12
      239.794     0.800000  1.24767e-11
      239.794     0.900000  1.57884e-11
      239.794      1.00000  1.94888e-11
      239.794      1.10000  2.35778e-11
      239.794      1.20000  2.80549e-11
      239.794      1.30000  3.29210e-11
      239.794      1.40000  3.81758e-11
      239.794      1.50000  4.38168e-11
      239.794      1.60000  4.98467e-11
      239.794      1.70000  5.62637e-11
      239.794      2.00000  7.78395e-11
      239.794      2.50000  1.21538e-10
      239.794      3.00000  1.74891e-10
      239.794      3.50000  2.37880e-10
      239.794      4.00000  3.10489e-10
      239.794      4.50000  3.92691e-10
      239.794      5.00000  4.84462e-10
      239.794      5.50000  5.85782e-10
      239.794      6.00000  6.96613e-10
      239.794      6.50000  8.16926e-10
      239.794      7.00000  9.46687e-10
      239.794      7.50000  1.08587e-09
      239.794      8.00000  1.23442e-09
      239.794      8.50000  1.39232e-09
      239.794      9.00000  1.55951e-09
      239.794      9.50000  1.73600e-09
      239.794      10.0000  1.92185e-09
      239.794      10.5000  2.11654e-09
      239.794      11.0000  2.32044e-09
      239.794      11.5000  2.53348e-09
      239.794      12.0000  2.75561e-09
      239.794      14.0000  3.73398e-09
      239.794      16.0000  4.85362e-09
      239.794      18.0000  6.11115e-09
      239.794      20.0000  7.50233e-09
      239.794      25.0000  1.15295e-08
      239.794      30.0000  1.62552e-08
      239.794      35.0000  2.15572e-08
      239.794      40.0000  2.73211e-08
      239.794      45.0000  3.34396e-08
      239.794      50.0000  3.98115e-08
      239.794      55.0000  4.63732e-08
      239.794      60.0000  5.30424e-08
      239.794      65.0000  5.97908e-08
      239.794      70.0000  6.65605e-08
      239.794      75.0000  7.33227e-08
      239.794      80.0000  8.00994e-08
      239.794      85.0000  8.68764e-08
      239.794      90.0000  9.36111e-08
      239.794      95.0000  1.00408e-07
      239.794      100.000  1.07262e-07
      239.794      110.000  1.21246e-07
      239.794      120.000  1.35948e-07
      239.794      130.000  1.51983e-07
      239.794      140.000  1.70102e-07
      239.794      150.000  1.90707e-07
      239.794      160.000  2.15053e-07
      239.794      170.000  2.44638e-07
      239.794      180.000  2.80556e-07
      239.794      190.000  3.24234e-07
      239.794      200.000  3.76746e-07
      239.794      210.000  4.43068e-07
      239.794      220.000  5.22516e-07
      239.794      230.000  6.18916e-07
      239.794      240.000  7.39603e-07
      239.794      250.000  8.87586e-07
      239.794      260.000  1.05754e-06
      239.794      270.000  1.26209e-06
      239.794      280.000  1.51443e-06
      239.794      290.000  1.80319e-06
      239.794      300.000  2.13141e-06
      239.794      310.000  2.49778e-06
      239.794      320.000  2.87441e-06
      239.794      330.000  3.24385e-06
      239.794      340.000  3.58316e-06
      239.794      350.000  3.92218e-06
      239.794      360.000  4.16790e-06
      239.794      365.000  4.25540e-06
      239.794      370.000  4.34278e-06
      239.794      380.000  4.45999e-06
      239.794      390.000  4.47853e-06
      239.794      400.000  4.41289e-06
      239.794      410.000  4.28544e-06
      239.794      420.000  4.12705e-06
      239.794      430.000  3.94864e-06
      239.794      440.000  3.76175e-06
      239.794      450.000  3.57539e-06
      239.794      460.000  3.39070e-06
      239.794      470.000  3.21778e-06
      239.794      480.000  3.05649e-06
      239.794      490.000  2.90906e-06
      239.794      500.000  2.77863e-06
      239.794      510.000  2.66610e-06
      239.794      520.000  2.57092e-06
      239.794      530.000  2.49075e-06
      239.794      540.000  2.42655e-06
      239.794      550.000  2.37608e-06
      239.794      560.000  2.33728e-06
      239.794      570.000  2.31995e-06
      239.794      580.000  2.27132e-06
      239.794      590.000  2.22996e-06
      239.794      600.000  2.18677e-06
      239.794      610.000  2.14599e-06
      239.794      620.000  2.09950e-06
      239.794      630.000  2.04850e-06
      239.794      640.000  1.99652e-06
      239.794      650.000  1.95701e-06
      239.794      660.000  1.92306e-06
      239.794      670.000  1.90535e-06
      239.794      680.000  1.90376e-06
      239.794      690.000  1.91950e-06
      239.794      700.000  1.96057e-06
      239.794      710.000  2.02261e-06
      239.794      720.000  2.11113e-06
      239.794      730.000  2.21940e-06
      239.794      740.000  2.36785e-06
      239.794      750.000  2.54664e-06
      239.794      760.000  2.77391e-06
      239.794      770.000  2.95557e-06
      239.794      780.000  3.21679e-06
      239.794      790.000  3.43428e-06
      239.794      800.000  3.53908e-06
      239.794      810.000  3.76237e-06
      239.794      820.000  3.80247e-06
      239.794      830.000  3.83377e-06
      239.794      840.000  3.82596e-06
      239.794      850.000  3.75220e-06
      239.794      860.000  3.61753e-06
      239.794      870.000  3.44484e-06
      239.794      880.000  3.25252e-06
      239.794      890.000  3.05358e-06
      239.794      900.000  2.85527e-06
      239.794      910.000  2.66268e-06
      239.794      920.000  2.47908e-06
      239.794      930.000  2.30605e-06
      239.794      940.000  2.14390e-06
      239.794      950.000  1.99344e-06
      239.794      960.000  1.85496e-06
      239.794      970.000  1.72789e-06
      239.794      980.000  1.61119e-06
      239.794      990.000  1.50444e-06
      239.794      1000.00  1.40767e-06
      239.794      1010.00  1.31826e-06
      239.794      1020.00  1.23399e-06
      239.794      1030.00  1.15967e-06
      239.794      1040.00  1.08783e-06
      239.794      1050.00  1.02210e-06
      239.794      1060.00  9.61234e-07
      239.794      1070.00  9.04005e-07
      239.794      1080.00  8.50628e-07
      239.794      1090.00  8.00870e-07
      239.794      1100.00  7.54755e-07
      239.794      1110.00  7.12648e-07
      239.794      1120.00  6.74497e-07
      239.794      1130.00  6.39050e-07
      239.794      1140.00  6.05501e-07
      239.794      1150.00  5.75347e-07
      239.794      1160.00  5.48096e-07
      239.794      1170.00  5.18922e-07
      239.794      1180.00  4.92298e-07
      239.794      1190.00  4.67050e-07
      239.794      1200.00  4.42615e-07
      239.794      1210.00  4.18649e-07
      239.794      1220.00  3.95310e-07
      239.794      1230.00  3.72924e-07
      239.794      1240.00  3.51658e-07
      239.794      1250.00  3.31550e-07
      239.794      1260.00  3.12642e-07
      239.794      1270.00  2.94910e-07
      239.794      1280.00  2.78310e-07
      239.794      1290.00  2.62816e-07
      239.794      1300.00  2.48383e-07
      239.794      1325.00  2.16542e-07
      239.794      1350.00  1.90043e-07
      239.794      1375.00  1.68511e-07
      239.794      1400.00  1.48575e-07
      239.794      1425.00  1.31517e-07
      239.794      1450.00  1.16206e-07
      239.794      1475.00  1.02658e-07
      239.794      1500.00  9.11462e-08
      239.794      1525.00  8.16562e-08
      239.794      1550.00  7.41431e-08
      239.794      1575.00  6.86623e-08
      239.794      1600.00  6.40124e-08
      239.794      1625.00  6.00062e-08
      239.794      1650.00  5.51761e-08
      239.794      1675.00  4.98302e-08
      239.794      1700.00  4.41396e-08
      239.794      1725.00  3.88983e-08
      239.794      1750.00  3.43291e-08
      239.794      1775.00  3.04526e-08
      239.794      1800.00  2.72190e-08
      239.794      1825.00  2.45294e-08
      239.794      1850.00  2.22904e-08
      239.794      1875.00  2.04418e-08
      239.794      1900.00  1.89309e-08
      239.794      1925.00  1.77438e-08
      239.794      1950.00  1.68383e-08
      239.794      1975.00  1.62489e-08
      239.794      2000.00  1.58909e-08
      239.794      2025.00  1.57000e-08
      239.794      2050.00  1.55559e-08
      239.794      2075.00  1.52572e-08
      239.794      2100.00  1.48776e-08
      239.794      2125.00  1.44181e-08
      239.794      2150.00  1.38352e-08
      239.794      2175.00  1.31342e-08
      239.794      2200.00  1.23498e-08
      239.794      2225.00  1.15202e-08
      239.794      2250.00  1.06748e-08
      239.794      2275.00  9.83851e-09
      239.794      2300.00  9.02929e-09
      239.794      2325.00  8.25905e-09
      239.794      2350.00  7.53574e-09
      239.794      2375.00  6.86357e-09
      239.794      2400.00  6.24328e-09

      309.705     0.100000  1.84602e-13
      309.705     0.200000  7.38329e-13
      309.705     0.300000  1.66103e-12
      309.705     0.400000  2.95262e-12
      309.705     0.500000  4.61297e-12
      309.705     0.600000  6.64193e-12
      309.705     0.700000  9.03932e-12
      309.705     0.800000  1.18053e-11
      309.705     0.900000  1.49395e-11
      309.705      1.00000  1.84419e-11
      309.705      1.10000  2.23126e-11
      309.705      1.20000  2.65507e-11
      309.705      1.30000  3.11573e-11
      309.705      1.40000  3.61313e-11
      309.705      1.50000  4.14731e-11
      309.705      1.60000  4.71828e-11
      309.705      1.70000  5.32591e-11
      309.705      2.00000  7.36935e-11
      309.705      2.50000  1.15091e-10
      309.705      3.00000  1.65655e-10
      309.705      3.50000  2.25373e-10
      309.705      4.00000  2.94217e-10
      309.705      4.50000  3.72192e-10
      309.705      5.00000  4.59261e-10
      309.705      5.50000  5.55408e-10
      309.705      6.00000  6.60610e-10
      309.705      6.50000  7.74849e-10
      309.705      7.00000  8.98100e-10
      309.705      7.50000  1.03034e-09
      309.705      8.00000  1.17156e-09
      309.705      8.50000  1.32169e-09
      309.705      9.00000  1.48076e-09
      309.705      9.50000  1.64868e-09
      309.705      10.0000  1.82550e-09
      309.705      10.5000  2.01117e-09
      309.705      11.0000  2.20564e-09
      309.705      11.5000  2.40893e-09
      309.705      12.0000  2.62100e-09
      309.705      14.0000  3.55696e-09
      309.705      16.0000  4.63045e-09
      309.705      18.0000  5.84031e-09
      309.705      20.0000  7.18237e-09
      309.705      25.0000  1.10924e-08
      309.705      30.0000  1.57364e-08
      309.705      35.0000  2.10312e-08
      309.705      40.0000  2.68815e-08
      309.705      45.0000  3.32011e-08
      309.705      50.0000  3.99219e-08
      309.705      55.0000  4.69605e-08
      309.705      60.0000  5.42549e-08
      309.705      65.0000  6.17600e-08
      309.705      70.0000  6.94502e-08
      309.705      75.0000  7.72836e-08
      309.705      80.0000  8.52172e-08
      309.705      85.0000  9.32674e-08
      309.705      90.0000  1.01459e-07
      309.705      95.0000  1.09710e-07
      309.705      100.000  1.18081e-07
      309.705      110.000  1.35398e-07
      309.705      120.000  1.53438e-07
      309.705      130.000  1.72884e-07
      309.705      140.000  1.94102e-07
      309.705      150.000  2.17473e-07
      309.705      160.000  2.44089e-07
      309.705      170.000  2.74589e-07
      309.705      180.000  3.10615e-07
      309.705      190.000  3.51748e-07
      309.705      200.000  4.01814e-07
      309.705      210.000  4.58907e-07
      309.705      220.000  5.28992e-07
      309.705      230.000  6.11690e-07
      309.705      240.000  7.06502e-07
      309.705      250.000  8.19600e-07
      309.705      260.000  9.50262e-07
      309.705      270.000  1.10903e-06
      309.705      280.000  1.27456e-06
      309.705      290.000  1.48457e-06
      309.705      300.000  1.68221e-06
      309.705      310.000  1.93024e-06
      309.705      320.000  2.21360e-06
      309.705      330.000  2.41629e-06
      309.705      340.000  2.63243e-06
      309.705      350.000  2.91840e-06
      309.705      360.000  3.01246e-06
      309.705      365.000  3.07982e-06
      309.705      370.000  3.14415e-06
      309.705      380.000  3.24673e-06
      309.705      390.000  3.29537e-06
      309.705      400.000  3.29390e-06
      309.705      410.000  3.24757e-06
      309.705      420.000  3.18573e-06
      309.705      430.000  3.10666e-06
      309.705      440.000  3.01668e-06
      309.705      450.000  2.92209e-06
      309.705      460.000  2.82563e-06
      309.705      470.000  2.73231e-06
      309.705      480.000  2.64500e-06
      309.705      490.000  2.56138e-06
      309.705      500.000  2.48813e-06
      309.705      510.000  2.42335e-06
      309.705      520.000  2.37041e-06
      309.705      530.000  2.32696e-06
      309.705      540.000  2.29164e-06
      309.705      550.000  2.26503e-06
      309.705      560.000  2.24647e-06
      309.705      570.000  2.22950e-06
      309.705      580.000  2.21195e-06
      309.705      590.000  2.20026e-06
      309.705      600.000  2.18683e-06
      309.705      610.000  2.17738e-06
      309.705      620.000  2.16910e-06
      309.705      630.000  2.15853e-06
      309.705      640.000  2.15122e-06
      309.705      650.000  2.15487e-06
      309.705      660.000  2.17317e-06
      309.705      670.000  2.20133e-06
      309.705      680.000  2.25188e-06
      309.705      690.000  2.32498e-06
      309.705      700.000  2.40691e-06
      309.705      710.000  2.51962e-06
      309.705      720.000  2.65409e-06
      309.705      730.000  2.82544e-06
      309.705      740.000  3.00358e-06
      309.705      750.000  3.23148e-06
      309.705      760.000  3.44115e-06
      309.705      770.000  3.71241e-06
      309.705      780.000  4.07933e-06
      309.705      790.000  4.16799e-06
      309.705      800.000  4.41392e-06
      309.705      810.000  4.51980e-06
      309.705      820.000  4.57679e-06
      309.705      830.000  4.62273e-06
      309.705      840.000  4.63463e-06
      309.705      850.000  4.58451e-06
      309.705      860.000  4.47224e-06
      309.705      870.000  4.31675e-06
      309.705      880.000  4.13442e-06
      309.705      890.000  3.93801e-06
      309.705      900.000  3.73606e-06
      309.705      910.000  3.53469e-06
      309.705      920.000  3.33649e-06
      309.705      930.000  3.14648e-06
      309.705      940.000  2.96476e-06
      309.705      950.000  2.79358e-06
      309.705      960.000  2.63251e-06
      309.705      970.000  2.48316e-06
      309.705      980.000  2.34308e-06
      309.705      990.000  2.21496e-06
      309.705      1000.00  2.10284e-06
      309.705      1010.00  1.98300e-06
      309.705      1020.00  1.88099e-06
      309.705      1030.00  1.78206e-06
      309.705      1040.00  1.68900e-06
      309.705      1050.00  1.60326e-06
      309.705      1060.00  1.52307e-06
      309.705      1070.00  1.44769e-06
      309.705      1080.00  1.37685e-06
      309.705      1090.00  1.30947e-06
      309.705      1100.00  1.24743e-06
      309.705      1110.00  1.19047e-06
      309.705      1120.00  1.13879e-06
      309.705      1130.00  1.09127e-06
      309.705      1140.00  1.05010e-06
      309.705      1150.00  1.00975e-06
      309.705      1160.00  9.77273e-07
      309.705      1170.00  9.45446e-07
      309.705      1180.00  9.19028e-07
      309.705      1190.00  8.93831e-07
      309.705      1200.00  8.73944e-07
      309.705      1210.00  8.50572e-07
      309.705      1220.00  8.32868e-07
      309.705      1230.00  8.21365e-07
      309.705      1240.00  7.91118e-07
      309.705      1250.00  7.65088e-07
      309.705      1260.00  7.40267e-07
      309.705      1270.00  7.15184e-07
      309.705      1280.00  6.88214e-07
      309.705      1290.00  6.58982e-07
      309.705      1300.00  6.28478e-07
      309.705      1325.00  5.52330e-07
      309.705      1350.00  4.82047e-07
      309.705      1375.00  4.20060e-07
      309.705      1400.00  3.66018e-07
      309.705      1425.00  3.19446e-07
      309.705      1450.00  2.79278e-07
      309.705      1475.00  2.44879e-07
      309.705      1500.00  2.15953e-07
      309.705      1525.00  1.91999e-07
      309.705      1550.00  1.72508e-07
      309.705      1575.00  1.56709e-07
      309.705      1600.00  1.43845e-07
      309.705      1625.00  1.31543e-07
      309.705      1650.00  1.19457e-07
      309.705      1675.00  1.07458e-07
      309.705      1700.00  9.55747e-08
      309.705      1725.00  8.47391e-08
      309.705      1750.00  7.52309e-08
      309.705      1775.00  6.70767e-08
      309.705      1800.00  6.01836e-08
      309.705      1825.00  5.43319e-08
      309.705      1850.00  4.93381e-08
      309.705      1875.00  4.50670e-08
      309.705      1900.00  4.15026e-08
      309.705      1925.00  3.84005e-08
      309.705      1950.00  3.59217e-08
      309.705      1975.00  3.40631e-08
      309.705      2000.00  3.25670e-08
      309.705      2025.00  3.13787e-08
      309.705      2050.00  3.05413e-08
      309.705      2075.00  2.92708e-08
      309.705      2100.00  2.79952e-08
      309.705      2125.00  2.65867e-08
      309.705      2150.00  2.50949e-08
      309.705      2175.00  2.35599e-08
      309.705      2200.00  2.20186e-08
      309.705      2225.00  2.04991e-08
      309.705      2250.00  1.90255e-08
      309.705      2275.00  1.76058e-08
      309.705      2300.00  1.62516e-08
      309.705      2325.00  1.49718e-08
      309.705      2350.00  1.37709e-08
      309.705      2375.00  1.26527e-08
      309.705      2400.00  1.16213e-08

      400.000     0.100000  1.65121e-13
      400.000     0.200000  6.60436e-13
      400.000     0.300000  1.48586e-12
      400.000     0.400000  2.64128e-12
      400.000     0.500000  4.12674e-12
      400.000     0.600000  5.94203e-12
      400.000     0.700000  8.08706e-12
      400.000     0.800000  1.05619e-11
      400.000     0.900000  1.33662e-11
      400.000      1.00000  1.65003e-11
      400.000      1.10000  1.99637e-11
      400.000      1.20000  2.37568e-11
      400.000      1.30000  2.78794e-11
      400.000      1.40000  3.23309e-11
      400.000      1.50000  3.71118e-11
      400.000      1.60000  4.22213e-11
      400.000      1.70000  4.76602e-11
      400.000      2.00000  6.59503e-11
      400.000      2.50000  1.03008e-10
      400.000      3.00000  1.48276e-10
      400.000      3.50000  2.01743e-10
      400.000      4.00000  2.63398e-10
      400.000      4.50000  3.33237e-10
      400.000      5.00000  4.11241e-10
      400.000      5.50000  4.97401e-10
      400.000      6.00000  5.91714e-10
      400.000      6.50000  6.94171e-10
      400.000      7.00000  8.04733e-10
      400.000      7.50000  9.23414e-10
      400.000      8.00000  1.05024e-09
      400.000      8.50000  1.18508e-09
      400.000      9.00000  1.32805e-09
      400.000      9.50000  1.47908e-09
      400.000      10.0000  1.63814e-09
      400.000      10.5000  1.80519e-09
      400.000      11.0000  1.98033e-09
      400.000      11.5000  2.16345e-09
      400.000      12.0000  2.35458e-09
      400.000      14.0000  3.19853e-09
      400.000      16.0000  4.16883e-09
      400.000      18.0000  5.26478e-09
      400.000      20.0000  6.48281e-09
      400.000      25.0000  1.00521e-08
      400.000      30.0000  1.43301e-08
      400.000      35.0000  1.92612e-08
      400.000      40.0000  2.47841e-08
      400.000      45.0000  3.08420e-08
      400.000      50.0000  3.73641e-08
      400.000      55.0000  4.42960e-08
      400.000      60.0000  5.15857e-08
      400.000      65.0000  5.91980e-08
      400.000      70.0000  6.71022e-08
      400.000      75.0000  7.52462e-08
      400.000      80.0000  8.36130e-08
      400.000      85.0000  9.21917e-08
      400.000      90.0000  1.01035e-07
      400.000      95.0000  1.09983e-07
      400.000      100.000  1.19145e-07
      400.000      110.000  1.38091e-07
      400.000      120.000  1.58102e-07
      400.000      130.000  1.79180e-07
      400.000      140.000  2.01871e-07
      400.000      150.000  2.26444e-07
      400.000      160.000  2.53301e-07
      400.000      170.000  2.83510e-07
      400.000      180.000  3.16897e-07
      400.000      190.000  3.55238e-07
      400.000      200.000  3.98272e-07
      400.000      210.000  4.47421e-07
      400.000      220.000  5.04565e-07
      400.000      230.000  5.68495e-07
      400.000      240.000  6.44670e-07
      400.000      250.000  7.27111e-07
      400.000      260.000  8.24221e-07
      400.000      270.000  9.31474e-07
      400.000      280.000  1.04785e-06
      400.000      290.000  1.18870e-06
      400.000      300.000  1.32275e-06
      400.000      310.000  1.48245e-06
      400.000      320.000  1.63105e-06
      400.000      330.000  1.78347e-06
      400.000      340.000  1.94112e-06
      400.000      350.000  2.05897e-06
      400.000      360.000  2.16745e-06
      400.000      365.000  2.21697e-06
      400.000      370.000  2.26566e-06
      400.000      380.000  2.35062e-06
      400.000      390.000  2.40853e-06
      400.000      400.000  2.43850e-06
      400.000      410.000  2.43819e-06
      400.000      420.000  2.43207e-06
      400.000      430.000  2.41302e-06
      400.000      440.000  2.38550e-06
      400.000      450.000  2.35279e-06
      400.000      460.000  2.31678e-06
      400.000      470.000  2.28077e-06
      400.000      480.000  2.24604e-06
      400.000      490.000  2.21335e-06
      400.000      500.000  2.18634e-06
      400.000      510.000  2.16254e-06
      400.000      520.000  2.14688e-06
      400.000      530.000  2.13501e-06
      400.000      540.000  2.12904e-06
      400.000      550.000  2.13564e-06
      400.000      560.000  2.13141e-06
      400.000      570.000  2.13758e-06
      400.000      580.000  2.14873e-06
      400.000      590.000  2.16033e-06
      400.000      600.000  2.17658e-06
      400.000      610.000  2.19898e-06
      400.000      620.000  2.22499e-06
      400.000      630.000  2.25452e-06
      400.000      640.000  2.28780e-06
      400.000      650.000  2.33519e-06
      400.000      660.000  2.39183e-06
      400.000      670.000  2.46164e-06
      400.000      680.000  2.54989e-06
      400.000      690.000  2.65178e-06
      400.000      700.000  2.77916e-06
      400.000      710.000  2.91729e-06
      400.000      720.000  3.08738e-06
      400.000      730.000  3.26704e-06
      400.000      740.000  3.45969e-06
      400.000      750.000  3.69889e-06
      400.000      760.000  3.91556e-06
      400.000      770.000  4.16713e-06
      400.000      780.000  4.38847e-06
      400.000      790.000  4.52243e-06
      400.000      800.000  4.80432e-06
      400.000      810.000  4.88297e-06
      400.000      820.000  4.95018e-06
      400.000      830.000  5.01066e-06
      400.000      840.000  5.04405e-06
      400.000      850.000  5.02648e-06
      400.000      860.000  4.95612e-06
      400.000      870.000  4.84258e-06
      400.000      880.000  4.69874e-06
      400.000      890.000  4.53624e-06
      400.000      900.000  4.36378e-06
      400.000      910.000  4.18577e-06
      400.000      920.000  4.00761e-06
      400.000      930.000  3.83151e-06
      400.000      940.000  3.66129e-06
      400.000      950.000  3.49653e-06
      400.000      960.000  3.33940e-06
      400.000      970.000  3.19197e-06
      400.000      980.000  3.05083e-06
      400.000      990.000  2.91963e-06
      400.000      1000.00  2.79499e-06
      400.000      1010.00  2.67379e-06
      400.000      1020.00  2.56861e-06
      400.000      1030.00  2.46072e-06
      400.000      1040.00  2.35930e-06
      400.000      1050.00  2.26571e-06
      400.000      1060.00  2.17840e-06
      400.000      1070.00  2.09556e-06
      400.000      1080.00  2.01760e-06
      400.000      1090.00  1.94407e-06
      400.000      1100.00  1.87589e-06
      400.000      1110.00  1.81421e-06
      400.000      1120.00  1.75730e-06
      400.000      1130.00  1.70846e-06
      400.000      1140.00  1.66365e-06
      400.000      1150.00  1.62634e-06
      400.000      1160.00  1.59404e-06
      400.000      1170.00  1.56510e-06
      400.000      1180.00  1.54580e-06
      400.000      1190.00  1.52538e-06
      400.000      1200.00  1.51417e-06
      400.000      1210.00  1.49674e-06
      400.000      1220.00  1.47168e-06
      400.000      1230.00  1.46885e-06
      400.000      1240.00  1.43721e-06
      400.000      1250.00  1.40568e-06
      400.000      1260.00  1.37563e-06
      400.000      1270.00  1.34406e-06
      400.000      1280.00  1.30762e-06
      400.000      1290.00  1.26546e-06
      400.000      1300.00  1.21870e-06
      400.000      1325.00  1.09321e-06
      400.000      1350.00  9.69152e-07
      400.000      1375.00  8.54267e-07
      400.000      1400.00  7.51257e-07
      400.000      1425.00  6.60471e-07
      400.000      1450.00  5.81297e-07
      400.000      1475.00  5.12674e-07
      400.000      1500.00  4.53877e-07
      400.000      1525.00  4.03937e-07
      400.000      1550.00  3.61753e-07
      400.000      1575.00  3.26069e-07
      400.000      1600.00  2.95087e-07
      400.000      1625.00  2.67270e-07
      400.000      1650.00  2.41459e-07
      400.000      1675.00  2.17404e-07
      400.000      1700.00  1.94741e-07
      400.000      1725.00  1.74207e-07
      400.000      1750.00  1.56055e-07
      400.000      1775.00  1.40226e-07
      400.000      1800.00  1.26511e-07
      400.000      1825.00  1.14583e-07
      400.000      1850.00  1.04212e-07
      400.000      1875.00  9.51674e-08
      400.000      1900.00  8.72736e-08
      400.000      1925.00  8.04572e-08
      400.000      1950.00  7.46821e-08
      400.000      1975.00  6.98842e-08
      400.000      2000.00  6.59076e-08
      400.000      2025.00  6.25193e-08
      400.000      2050.00  5.94549e-08
      400.000      2075.00  5.61408e-08
      400.000      2100.00  5.29366e-08
      400.000      2125.00  4.95898e-08
      400.000      2150.00  4.62553e-08
      400.000      2175.00  4.30266e-08
      400.000      2200.00  3.99545e-08
      400.000      2225.00  3.70640e-08
      400.000      2250.00  3.43531e-08
      400.000      2275.00  3.18144e-08
      400.000      2300.00  2.94352e-08
      400.000      2325.00  2.72193e-08
      400.000      2350.00  2.51567e-08
      400.000      2375.00  2.32501e-08
      400.000      2400.00  2.15007e-08

