      40.0000     0.100000  2.31544e-12
      40.0000     0.200000  9.24932e-12
      40.0000     0.300000  2.07889e-11
      40.0000     0.400000  3.69279e-11
      40.0000     0.500000  5.76661e-11
      40.0000     0.600000  8.30084e-11
      40.0000     0.700000  1.12964e-10
      40.0000     0.800000  1.47547e-10
      40.0000     0.900000  1.86780e-10
      40.0000      1.00000  2.30687e-10
      40.0000      1.10000  2.79298e-10
      40.0000      1.20000  3.32652e-10
      40.0000      1.30000  3.90793e-10
      40.0000      1.40000  4.53763e-10
      40.0000      1.50000  5.21615e-10
      40.0000      1.60000  5.94405e-10
      40.0000      1.70000  6.72182e-10
      40.0000      2.00000  9.35908e-10
      40.0000      2.50000  1.47789e-09
      40.0000      3.00000  2.14337e-09
      40.0000      3.50000  2.91927e-09
      40.0000      4.00000  3.79253e-09
      40.0000      4.50000  4.75615e-09
      40.0000      5.00000  5.80791e-09
      40.0000      5.50000  6.94732e-09
      40.0000      6.00000  8.17364e-09
      40.0000      6.50000  9.48549e-09
      40.0000      7.00000  1.08812e-08
      40.0000      7.50000  1.23584e-08
      40.0000      8.00000  1.39150e-08
      40.0000      8.50000  1.55485e-08
      40.0000      9.00000  1.72568e-08
      40.0000      9.50000  1.90379e-08
      40.0000      10.0000  2.08899e-08
      40.0000      10.5000  2.28115e-08
      40.0000      11.0000  2.48014e-08
      40.0000      11.5000  2.68586e-08
      40.0000      12.0000  2.89825e-08
      40.0000      14.0000  3.81251e-08
      40.0000      16.0000  4.82129e-08
      40.0000      18.0000  5.90239e-08
      40.0000      20.0000  7.02531e-08
      40.0000      25.0000  9.83125e-08
      40.0000      30.0000  1.23934e-07
      40.0000      35.0000  1.45407e-07
      40.0000      40.0000  1.62180e-07
      40.0000      45.0000  1.74394e-07
      40.0000      50.0000  1.82557e-07
      40.0000      55.0000  1.87304e-07
      40.0000      60.0000  1.89248e-07
      40.0000      65.0000  1.88970e-07
      40.0000      70.0000  1.86969e-07
      40.0000      75.0000  1.83684e-07
      40.0000      80.0000  1.79453e-07
      40.0000      85.0000  1.74549e-07
      40.0000      90.0000  1.69201e-07
      40.0000      95.0000  1.63574e-07
      40.0000      100.000  1.57812e-07
      40.0000      110.000  1.46246e-07
      40.0000      120.000  1.35020e-07
      40.0000      130.000  1.24427e-07
      40.0000      140.000  1.14592e-07
      40.0000      150.000  1.05544e-07
      40.0000      160.000  9.72919e-08
      40.0000      170.000  8.98621e-08
      40.0000      180.000  8.31256e-08
      40.0000      190.000  7.71568e-08
      40.0000      200.000  7.20323e-08
      40.0000      210.000  6.79260e-08
      40.0000      220.000  6.52152e-08
      40.0000      230.000  6.45286e-08
      40.0000      240.000  6.69095e-08
      40.0000      250.000  7.43317e-08
      40.0000      260.000  9.05136e-08
      40.0000      270.000  1.22058e-07
      40.0000      280.000  1.85272e-07
      40.0000      290.000  3.11501e-07
      40.0000      300.000  5.56167e-07
      40.0000      310.000  9.44492e-07
      40.0000      320.000  1.65333e-06
      40.0000      330.000  2.75447e-06
      40.0000      340.000  4.19591e-06
      40.0000      350.000  6.32520e-06
      40.0000      360.000  8.17673e-06
      40.0000      365.000  7.75855e-06
      40.0000      370.000  7.94524e-06
      40.0000      380.000  7.84361e-06
      40.0000      390.000  6.89047e-06
      40.0000      400.000  5.83495e-06
      40.0000      410.000  4.74564e-06
      40.0000      420.000  3.95999e-06
      40.0000      430.000  3.31187e-06
      40.0000      440.000  2.78505e-06
      40.0000      450.000  2.35742e-06
      40.0000      460.000  2.01131e-06
      40.0000      470.000  1.73091e-06
      40.0000      480.000  1.50522e-06
      40.0000      490.000  1.32731e-06
      40.0000      500.000  1.19411e-06
      40.0000      510.000  1.10933e-06
      40.0000      520.000  1.08845e-06
      40.0000      530.000  1.18982e-06
      40.0000      540.000  1.42090e-06
      40.0000      550.000  1.90075e-06
      40.0000      560.000  2.73554e-06
      40.0000      570.000  3.86252e-06
      40.0000      580.000  5.46836e-06
      40.0000      590.000  6.83342e-06
      40.0000      600.000  6.83899e-06
      40.0000      610.000  6.81507e-06
      40.0000      620.000  6.11739e-06
      40.0000      630.000  5.20418e-06
      40.0000      640.000  4.26476e-06
      40.0000      650.000  3.55272e-06
      40.0000      660.000  2.96719e-06
      40.0000      670.000  2.49530e-06
      40.0000      680.000  2.11854e-06
      40.0000      690.000  1.81908e-06
      40.0000      700.000  1.58354e-06
      40.0000      710.000  1.39313e-06
      40.0000      720.000  1.22226e-06
      40.0000      730.000  1.07979e-06
      40.0000      740.000  9.48767e-07
      40.0000      750.000  8.33914e-07
      40.0000      760.000  7.34768e-07
      40.0000      770.000  6.49757e-07
      40.0000      780.000  5.76938e-07
      40.0000      790.000  5.14457e-07
      40.0000      800.000  4.60521e-07
      40.0000      810.000  4.13731e-07
      40.0000      820.000  3.72977e-07
      40.0000      830.000  3.37335e-07
      40.0000      840.000  3.06226e-07
      40.0000      850.000  2.78719e-07
      40.0000      860.000  2.54681e-07
      40.0000      870.000  2.33834e-07
      40.0000      880.000  2.17061e-07
      40.0000      890.000  2.03673e-07
      40.0000      900.000  1.95396e-07
      40.0000      910.000  1.93729e-07
      40.0000      920.000  1.99256e-07
      40.0000      930.000  2.11733e-07
      40.0000      940.000  2.35889e-07
      40.0000      950.000  2.31557e-07
      40.0000      960.000  2.22529e-07
      40.0000      970.000  2.06584e-07
      40.0000      980.000  1.83657e-07
      40.0000      990.000  1.60664e-07
      40.0000      1000.00  1.40296e-07
      40.0000      1010.00  1.23027e-07
      40.0000      1020.00  1.08583e-07
      40.0000      1030.00  9.65225e-08
      40.0000      1040.00  8.64166e-08
      40.0000      1050.00  7.78497e-08
      40.0000      1060.00  7.05753e-08
      40.0000      1070.00  6.43727e-08
      40.0000      1080.00  5.91095e-08
      40.0000      1090.00  5.47102e-08
      40.0000      1100.00  5.13049e-08
      40.0000      1110.00  4.86823e-08
      40.0000      1120.00  4.72162e-08
      40.0000      1130.00  4.72614e-08
      40.0000      1140.00  4.94611e-08
      40.0000      1150.00  5.42459e-08
      40.0000      1160.00  6.17883e-08
      40.0000      1170.00  7.30120e-08
      40.0000      1180.00  7.70418e-08
      40.0000      1190.00  7.57542e-08
      40.0000      1200.00  7.32363e-08
      40.0000      1210.00  6.76122e-08
      40.0000      1220.00  6.12738e-08
      40.0000      1230.00  5.52747e-08
      40.0000      1240.00  4.99294e-08
      40.0000      1250.00  4.52569e-08
      40.0000      1260.00  4.11858e-08
      40.0000      1270.00  3.76220e-08
      40.0000      1280.00  3.44805e-08
      40.0000      1290.00  3.16923e-08
      40.0000      1300.00  2.92023e-08
      40.0000      1325.00  2.40087e-08
      40.0000      1350.00  1.99327e-08
      40.0000      1375.00  1.66717e-08
      40.0000      1400.00  1.40220e-08
      40.0000      1425.00  1.18522e-08
      40.0000      1450.00  1.00673e-08
      40.0000      1475.00  8.59953e-09
      40.0000      1500.00  7.40468e-09
      40.0000      1525.00  6.53779e-09
      40.0000      1550.00  6.10437e-09
      40.0000      1575.00  6.57802e-09
      40.0000      1600.00  8.19719e-09
      40.0000      1625.00  1.19896e-08
      40.0000      1650.00  1.27780e-08
      40.0000      1675.00  1.30799e-08
      40.0000      1700.00  1.24267e-08
      40.0000      1725.00  1.11257e-08
      40.0000      1750.00  9.65075e-09
      40.0000      1775.00  8.23900e-09
      40.0000      1800.00  6.97910e-09
      40.0000      1825.00  5.89171e-09
      40.0000      1850.00  4.96875e-09
      40.0000      1875.00  4.19185e-09
      40.0000      1900.00  3.54059e-09
      40.0000      1925.00  2.99612e-09
      40.0000      1950.00  2.54074e-09
      40.0000      1975.00  2.15953e-09
      40.0000      2000.00  1.83955e-09
      40.0000      2025.00  1.57091e-09
      40.0000      2050.00  1.34491e-09
      40.0000      2075.00  1.15429e-09
      40.0000      2100.00  9.92789e-10
      40.0000      2125.00  8.55879e-10
      40.0000      2150.00  7.39866e-10
      40.0000      2175.00  6.41033e-10
      40.0000      2200.00  5.56435e-10
      40.0000      2225.00  4.83912e-10
      40.0000      2250.00  4.21901e-10
      40.0000      2275.00  3.68662e-10
      40.0000      2300.00  3.22711e-10
      40.0000      2325.00  2.82853e-10
      40.0000      2350.00  2.48395e-10
      40.0000      2375.00  2.18654e-10
      40.0000      2400.00  1.92886e-10

      51.6620     0.100000  1.64903e-12
      51.6620     0.200000  6.59048e-12
      51.6620     0.300000  1.48185e-11
      51.6620     0.400000  2.63312e-11
      51.6620     0.500000  4.11298e-11
      51.6620     0.600000  5.92199e-11
      51.6620     0.700000  8.06114e-11
      51.6620     0.800000  1.05317e-10
      51.6620     0.900000  1.33352e-10
      51.6620      1.00000  1.64739e-10
      51.6620      1.10000  1.99496e-10
      51.6620      1.20000  2.37647e-10
      51.6620      1.30000  2.79217e-10
      51.6620      1.40000  3.24226e-10
      51.6620      1.50000  3.72692e-10
      51.6620      1.60000  4.24628e-10
      51.6620      1.70000  4.80046e-10
      51.6620      2.00000  6.67151e-10
      51.6620      2.50000  1.04734e-09
      51.6620      3.00000  1.50900e-09
      51.6620      3.50000  2.04734e-09
      51.6620      4.00000  2.65922e-09
      51.6620      4.50000  3.34305e-09
      51.6620      5.00000  4.09765e-09
      51.6620      5.50000  4.92195e-09
      51.6620      6.00000  5.81456e-09
      51.6620      6.50000  6.77408e-09
      51.6620      7.00000  7.79905e-09
      51.6620      7.50000  8.88768e-09
      51.6620      8.00000  1.00385e-08
      51.6620      8.50000  1.12497e-08
      51.6620      9.00000  1.25199e-08
      51.6620      9.50000  1.38477e-08
      51.6620      10.0000  1.52319e-08
      51.6620      10.5000  1.66714e-08
      51.6620      11.0000  1.81655e-08
      51.6620      11.5000  1.97134e-08
      51.6620      12.0000  2.13146e-08
      51.6620      14.0000  2.82372e-08
      51.6620      16.0000  3.59254e-08
      51.6620      18.0000  4.42431e-08
      51.6620      20.0000  5.30137e-08
      51.6620      25.0000  7.57829e-08
      51.6620      30.0000  9.79628e-08
      51.6620      35.0000  1.17972e-07
      51.6620      40.0000  1.34989e-07
      51.6620      45.0000  1.48749e-07
      51.6620      50.0000  1.59339e-07
      51.6620      55.0000  1.67021e-07
      51.6620      60.0000  1.72133e-07
      51.6620      65.0000  1.75044e-07
      51.6620      70.0000  1.76114e-07
      51.6620      75.0000  1.75683e-07
      51.6620      80.0000  1.74045e-07
      51.6620      85.0000  1.71452e-07
      51.6620      90.0000  1.68118e-07
      51.6620      95.0000  1.64239e-07
      51.6620      100.000  1.59963e-07
      51.6620      110.000  1.50697e-07
      51.6620      120.000  1.41036e-07
      51.6620      130.000  1.31453e-07
      51.6620      140.000  1.22264e-07
      51.6620      150.000  1.13573e-07
      51.6620      160.000  1.05614e-07
      51.6620      170.000  9.84604e-08
      51.6620      180.000  9.21997e-08
      51.6620      190.000  8.68541e-08
      51.6620      200.000  8.36193e-08
      51.6620      210.000  8.05933e-08
      51.6620      220.000  8.13296e-08
      51.6620      230.000  8.66158e-08
      51.6620      240.000  9.76230e-08
      51.6620      250.000  1.16608e-07
      51.6620      260.000  1.55427e-07
      51.6620      270.000  2.18651e-07
      51.6620      280.000  3.25140e-07
      51.6620      290.000  5.01583e-07
      51.6620      300.000  8.14098e-07
      51.6620      310.000  1.29887e-06
      51.6620      320.000  2.06541e-06
      51.6620      330.000  3.11473e-06
      51.6620      340.000  4.31960e-06
      51.6620      350.000  5.90239e-06
      51.6620      360.000  7.62950e-06
      51.6620      365.000  7.22137e-06
      51.6620      370.000  7.38685e-06
      51.6620      380.000  7.35885e-06
      51.6620      390.000  6.57545e-06
      51.6620      400.000  5.68391e-06
      51.6620      410.000  4.64291e-06
      51.6620      420.000  3.95614e-06
      51.6620      430.000  3.36789e-06
      51.6620      440.000  2.87533e-06
      51.6620      450.000  2.46742e-06
      51.6620      460.000  2.13188e-06
      51.6620      470.000  1.85959e-06
      51.6620      480.000  1.63789e-06
      51.6620      490.000  1.47032e-06
      51.6620      500.000  1.36016e-06
      51.6620      510.000  1.30272e-06
      51.6620      520.000  1.32481e-06
      51.6620      530.000  1.50059e-06
      51.6620      540.000  1.79251e-06
      51.6620      550.000  2.30384e-06
      51.6620      560.000  3.07766e-06
      51.6620      570.000  4.02306e-06
      51.6620      580.000  5.26668e-06
      51.6620      590.000  6.36651e-06
      51.6620      600.000  6.40127e-06
      51.6620      610.000  6.41190e-06
      51.6620      620.000  5.83820e-06
      51.6620      630.000  5.06930e-06
      51.6620      640.000  4.19656e-06
      51.6620      650.000  3.56930e-06
      51.6620      660.000  3.03424e-06
      51.6620      670.000  2.58948e-06
      51.6620      680.000  2.22463e-06
      51.6620      690.000  1.92591e-06
      51.6620      700.000  1.68404e-06
      51.6620      710.000  1.48293e-06
      51.6620      720.000  1.30463e-06
      51.6620      730.000  1.15438e-06
      51.6620      740.000  1.01952e-06
      51.6620      750.000  9.01101e-07
      51.6620      760.000  7.97988e-07
      51.6620      770.000  7.08751e-07
      51.6620      780.000  6.31689e-07
      51.6620      790.000  5.64983e-07
      51.6620      800.000  5.07114e-07
      51.6620      810.000  4.56654e-07
      51.6620      820.000  4.12553e-07
      51.6620      830.000  3.73911e-07
      51.6620      840.000  3.40042e-07
      51.6620      850.000  3.10311e-07
      51.6620      860.000  2.84605e-07
      51.6620      870.000  2.62405e-07
      51.6620      880.000  2.44084e-07
      51.6620      890.000  2.30479e-07
      51.6620      900.000  2.22853e-07
      51.6620      910.000  2.19309e-07
      51.6620      920.000  2.20790e-07
      51.6620      930.000  2.31064e-07
      51.6620      940.000  2.41616e-07
      51.6620      950.000  2.34265e-07
      51.6620      960.000  2.24510e-07
      51.6620      970.000  2.09850e-07
      51.6620      980.000  1.89694e-07
      51.6620      990.000  1.68868e-07
      51.6620      1000.00  1.49747e-07
      51.6620      1010.00  1.33010e-07
      51.6620      1020.00  1.18629e-07
      51.6620      1030.00  1.06334e-07
      51.6620      1040.00  9.58369e-08
      51.6620      1050.00  8.68632e-08
      51.6620      1060.00  7.91782e-08
      51.6620      1070.00  7.26510e-08
      51.6620      1080.00  6.72750e-08
      51.6620      1090.00  6.25780e-08
      51.6620      1100.00  5.88880e-08
      51.6620      1110.00  5.62505e-08
      51.6620      1120.00  5.52866e-08
      51.6620      1130.00  5.55511e-08
      51.6620      1140.00  5.72959e-08
      51.6620      1150.00  6.11194e-08
      51.6620      1160.00  7.00198e-08
      51.6620      1170.00  7.53552e-08
      51.6620      1180.00  7.62030e-08
      51.6620      1190.00  7.49493e-08
      51.6620      1200.00  7.25435e-08
      51.6620      1210.00  6.78041e-08
      51.6620      1220.00  6.22562e-08
      51.6620      1230.00  5.68152e-08
      51.6620      1240.00  5.18265e-08
      51.6620      1250.00  4.73638e-08
      51.6620      1260.00  4.33990e-08
      51.6620      1270.00  3.98740e-08
      51.6620      1280.00  3.67311e-08
      51.6620      1290.00  3.39129e-08
      51.6620      1300.00  3.13775e-08
      51.6620      1325.00  2.60292e-08
      51.6620      1350.00  2.17756e-08
      51.6620      1375.00  1.83333e-08
      51.6620      1400.00  1.55141e-08
      51.6620      1425.00  1.31907e-08
      51.6620      1450.00  1.12730e-08
      51.6620      1475.00  9.70487e-09
      51.6620      1500.00  8.47084e-09
      51.6620      1525.00  7.61777e-09
      51.6620      1550.00  7.37741e-09
      51.6620      1575.00  7.85698e-09
      51.6620      1600.00  9.41336e-09
      51.6620      1625.00  1.22179e-08
      51.6620      1650.00  1.28268e-08
      51.6620      1675.00  1.30079e-08
      51.6620      1700.00  1.24277e-08
      51.6620      1725.00  1.12831e-08
      51.6620      1750.00  9.93739e-09
      51.6620      1775.00  8.60544e-09
      51.6620      1800.00  7.38175e-09
      51.6620      1825.00  6.30068e-09
      51.6620      1850.00  5.36493e-09
      51.6620      1875.00  4.56440e-09
      51.6620      1900.00  3.88424e-09
      51.6620      1925.00  3.30833e-09
      51.6620      1950.00  2.82198e-09
      51.6620      1975.00  2.41092e-09
      51.6620      2000.00  2.06334e-09
      51.6620      2025.00  1.76954e-09
      51.6620      2050.00  1.52068e-09
      51.6620      2075.00  1.30946e-09
      51.6620      2100.00  1.12993e-09
      51.6620      2125.00  9.77014e-10
      51.6620      2150.00  8.46689e-10
      51.6620      2175.00  7.35210e-10
      51.6620      2200.00  6.39618e-10
      51.6620      2225.00  5.57499e-10
      51.6620      2250.00  4.86952e-10
      51.6620      2275.00  4.26162e-10
      51.6620      2300.00  3.73601e-10
      51.6620      2325.00  3.28031e-10
      51.6620      2350.00  2.88545e-10
      51.6620      2375.00  2.54287e-10
      51.6620      2400.00  2.24488e-10

      66.7240     0.100000  1.18218e-12
      66.7240     0.200000  4.72886e-12
      66.7240     0.300000  1.06420e-11
      66.7240     0.400000  1.89255e-11
      66.7240     0.500000  2.95851e-11
      66.7240     0.600000  4.26274e-11
      66.7240     0.700000  5.80605e-11
      66.7240     0.800000  7.58908e-11
      66.7240     0.900000  9.61264e-11
      66.7240      1.00000  1.18774e-10
      66.7240      1.10000  1.43834e-10
      66.7240      1.20000  1.71315e-10
      66.7240      1.30000  2.01210e-10
      66.7240      1.40000  2.33520e-10
      66.7240      1.50000  2.68239e-10
      66.7240      1.60000  3.05360e-10
      66.7240      1.70000  3.44873e-10
      66.7240      2.00000  4.77664e-10
      66.7240      2.50000  7.45701e-10
      66.7240      3.00000  1.07086e-09
      66.7240      3.50000  1.45201e-09
      66.7240      4.00000  1.88832e-09
      66.7240      4.50000  2.37906e-09
      66.7240      5.00000  2.92351e-09
      66.7240      5.50000  3.52103e-09
      66.7240      6.00000  4.17079e-09
      66.7240      6.50000  4.87197e-09
      66.7240      7.00000  5.62350e-09
      66.7240      7.50000  6.42430e-09
      66.7240      8.00000  7.27314e-09
      66.7240      8.50000  8.16878e-09
      66.7240      9.00000  9.11019e-09
      66.7240      9.50000  1.00963e-08
      66.7240      10.0000  1.11264e-08
      66.7240      10.5000  1.21998e-08
      66.7240      11.0000  1.33161e-08
      66.7240      11.5000  1.44749e-08
      66.7240      12.0000  1.56756e-08
      66.7240      14.0000  2.08881e-08
      66.7240      16.0000  2.67151e-08
      66.7240      18.0000  3.30745e-08
      66.7240      20.0000  3.98619e-08
      66.7240      25.0000  5.80065e-08
      66.7240      30.0000  7.65963e-08
      66.7240      35.0000  9.43606e-08
      66.7240      40.0000  1.10484e-07
      66.7240      45.0000  1.24537e-07
      66.7240      50.0000  1.36349e-07
      66.7240      55.0000  1.45929e-07
      66.7240      60.0000  1.53392e-07
      66.7240      65.0000  1.58916e-07
      66.7240      70.0000  1.62709e-07
      66.7240      75.0000  1.64985e-07
      66.7240      80.0000  1.65967e-07
      66.7240      85.0000  1.65850e-07
      66.7240      90.0000  1.64809e-07
      66.7240      95.0000  1.63042e-07
      66.7240      100.000  1.60653e-07
      66.7240      110.000  1.54570e-07
      66.7240      120.000  1.47363e-07
      66.7240      130.000  1.39717e-07
      66.7240      140.000  1.31922e-07
      66.7240      150.000  1.24551e-07
      66.7240      160.000  1.17810e-07
      66.7240      170.000  1.11640e-07
      66.7240      180.000  1.07136e-07
      66.7240      190.000  1.04124e-07
      66.7240      200.000  1.02808e-07
      66.7240      210.000  1.06141e-07
      66.7240      220.000  1.12888e-07
      66.7240      230.000  1.25740e-07
      66.7240      240.000  1.52167e-07
      66.7240      250.000  1.91890e-07
      66.7240      260.000  2.54702e-07
      66.7240      270.000  3.55517e-07
      66.7240      280.000  5.09136e-07
      66.7240      290.000  7.44371e-07
      66.7240      300.000  1.11953e-06
      66.7240      310.000  1.63613e-06
      66.7240      320.000  2.36604e-06
      66.7240      330.000  3.31822e-06
      66.7240      340.000  4.37591e-06
      66.7240      350.000  5.50954e-06
      66.7240      360.000  7.07680e-06
      66.7240      365.000  6.70998e-06
      66.7240      370.000  6.87176e-06
      66.7240      380.000  6.90033e-06
      66.7240      390.000  6.26490e-06
      66.7240      400.000  5.52555e-06
      66.7240      410.000  4.57001e-06
      66.7240      420.000  3.98158e-06
      66.7240      430.000  3.45616e-06
      66.7240      440.000  3.00514e-06
      66.7240      450.000  2.62307e-06
      66.7240      460.000  2.30317e-06
      66.7240      470.000  2.04352e-06
      66.7240      480.000  1.83895e-06
      66.7240      490.000  1.69388e-06
      66.7240      500.000  1.59719e-06
      66.7240      510.000  1.58329e-06
      66.7240      520.000  1.63445e-06
      66.7240      530.000  1.86849e-06
      66.7240      540.000  2.17975e-06
      66.7240      550.000  2.68102e-06
      66.7240      560.000  3.43434e-06
      66.7240      570.000  4.29408e-06
      66.7240      580.000  5.06161e-06
      66.7240      590.000  6.02103e-06
      66.7240      600.000  6.02702e-06
      66.7240      610.000  6.06563e-06
      66.7240      620.000  5.59488e-06
      66.7240      630.000  4.95446e-06
      66.7240      640.000  4.15985e-06
      66.7240      650.000  3.61394e-06
      66.7240      660.000  3.13046e-06
      66.7240      670.000  2.71505e-06
      66.7240      680.000  2.36359e-06
      66.7240      690.000  2.06839e-06
      66.7240      700.000  1.82045e-06
      66.7240      710.000  1.61123e-06
      66.7240      720.000  1.42499e-06
      66.7240      730.000  1.26666e-06
      66.7240      740.000  1.12604e-06
      66.7240      750.000  1.00241e-06
      66.7240      760.000  8.94434e-07
      66.7240      770.000  8.00588e-07
      66.7240      780.000  7.20686e-07
      66.7240      790.000  6.49746e-07
      66.7240      800.000  5.90753e-07
      66.7240      810.000  5.36730e-07
      66.7240      820.000  4.89819e-07
      66.7240      830.000  4.46974e-07
      66.7240      840.000  4.09084e-07
      66.7240      850.000  3.74567e-07
      66.7240      860.000  3.44268e-07
      66.7240      870.000  3.17643e-07
      66.7240      880.000  2.96079e-07
      66.7240      890.000  2.78366e-07
      66.7240      900.000  2.67287e-07
      66.7240      910.000  2.59144e-07
      66.7240      920.000  2.58810e-07
      66.7240      930.000  2.56199e-07
      66.7240      940.000  2.59101e-07
      66.7240      950.000  2.50400e-07
      66.7240      960.000  2.38941e-07
      66.7240      970.000  2.24178e-07
      66.7240      980.000  2.05332e-07
      66.7240      990.000  1.85658e-07
      66.7240      1000.00  1.67093e-07
      66.7240      1010.00  1.50397e-07
      66.7240      1020.00  1.35675e-07
      66.7240      1030.00  1.22786e-07
      66.7240      1040.00  1.11648e-07
      66.7240      1050.00  1.01942e-07
      66.7240      1060.00  9.36027e-08
      66.7240      1070.00  8.63870e-08
      66.7240      1080.00  8.03363e-08
      66.7240      1090.00  7.52368e-08
      66.7240      1100.00  7.14028e-08
      66.7240      1110.00  6.83896e-08
      66.7240      1120.00  6.73300e-08
      66.7240      1130.00  6.66344e-08
      66.7240      1140.00  6.92053e-08
      66.7240      1150.00  7.08900e-08
      66.7240      1160.00  7.57086e-08
      66.7240      1170.00  7.81567e-08
      66.7240      1180.00  7.91572e-08
      66.7240      1190.00  7.76426e-08
      66.7240      1200.00  7.51241e-08
      66.7240      1210.00  7.08663e-08
      66.7240      1220.00  6.58249e-08
      66.7240      1230.00  6.07454e-08
      66.7240      1240.00  5.59624e-08
      66.7240      1250.00  5.15815e-08
      66.7240      1260.00  4.76112e-08
      66.7240      1270.00  4.40231e-08
      66.7240      1280.00  4.07811e-08
      66.7240      1290.00  3.78445e-08
      66.7240      1300.00  3.51774e-08
      66.7240      1325.00  2.94886e-08
      66.7240      1350.00  2.49119e-08
      66.7240      1375.00  2.12191e-08
      66.7240      1400.00  1.81667e-08
      66.7240      1425.00  1.55964e-08
      66.7240      1450.00  1.34235e-08
      66.7240      1475.00  1.16759e-08
      66.7240      1500.00  1.03517e-08
      66.7240      1525.00  9.50648e-09
      66.7240      1550.00  9.22088e-09
      66.7240      1575.00  9.73421e-09
      66.7240      1600.00  1.11502e-08
      66.7240      1625.00  1.29332e-08
      66.7240      1650.00  1.33392e-08
      66.7240      1675.00  1.33778e-08
      66.7240      1700.00  1.28175e-08
      66.7240      1725.00  1.17764e-08
      66.7240      1750.00  1.05253e-08
      66.7240      1775.00  9.24890e-09
      66.7240      1800.00  8.04446e-09
      66.7240      1825.00  6.95337e-09
      66.7240      1850.00  5.98835e-09
      66.7240      1875.00  5.14756e-09
      66.7240      1900.00  4.42162e-09
      66.7240      1925.00  3.79847e-09
      66.7240      1950.00  3.26558e-09
      66.7240      1975.00  2.81195e-09
      66.7240      2000.00  2.42546e-09
      66.7240      2025.00  2.09799e-09
      66.7240      2050.00  1.82421e-09
      66.7240      2075.00  1.58468e-09
      66.7240      2100.00  1.37951e-09
      66.7240      2125.00  1.20232e-09
      66.7240      2150.00  1.04827e-09
      66.7240      2175.00  9.14464e-10
      66.7240      2200.00  7.98555e-10
      66.7240      2225.00  6.98243e-10
      66.7240      2250.00  6.11250e-10
      66.7240      2275.00  5.35849e-10
      66.7240      2300.00  4.70485e-10
      66.7240      2325.00  4.13781e-10
      66.7240      2350.00  3.64459e-10
      66.7240      2375.00  3.21451e-10
      66.7240      2400.00  2.83932e-10

      86.1770     0.100000  8.70958e-13
      86.1770     0.200000  3.48460e-12
      86.1770     0.300000  7.84191e-12
      86.1770     0.400000  1.39438e-11
      86.1770     0.500000  2.17902e-11
      86.1770     0.600000  3.13813e-11
      86.1770     0.700000  4.27159e-11
      86.1770     0.800000  5.57933e-11
      86.1770     0.900000  7.06101e-11
      86.1770      1.00000  8.71667e-11
      86.1770      1.10000  1.05457e-10
      86.1770      1.20000  1.25479e-10
      86.1770      1.30000  1.47231e-10
      86.1770      1.40000  1.70708e-10
      86.1770      1.50000  1.95907e-10
      86.1770      1.60000  2.22826e-10
      86.1770      1.70000  2.51460e-10
      86.1770      2.00000  3.47626e-10
      86.1770      2.50000  5.41960e-10
      86.1770      3.00000  7.78649e-10
      86.1770      3.50000  1.05752e-09
      86.1770      4.00000  1.37838e-09
      86.1770      4.50000  1.74105e-09
      86.1770      5.00000  2.14523e-09
      86.1770      5.50000  2.59046e-09
      86.1770      6.00000  3.07604e-09
      86.1770      6.50000  3.60110e-09
      86.1770      7.00000  4.16472e-09
      86.1770      7.50000  4.76586e-09
      86.1770      8.00000  5.40347e-09
      86.1770      8.50000  6.07675e-09
      86.1770      9.00000  6.78507e-09
      86.1770      9.50000  7.52782e-09
      86.1770      10.0000  8.30463e-09
      86.1770      10.5000  9.11534e-09
      86.1770      11.0000  9.95946e-09
      86.1770      11.5000  1.08371e-08
      86.1770      12.0000  1.17479e-08
      86.1770      14.0000  1.57175e-08
      86.1770      16.0000  2.01852e-08
      86.1770      18.0000  2.51035e-08
      86.1770      20.0000  3.04121e-08
      86.1770      25.0000  4.49569e-08
      86.1770      30.0000  6.04457e-08
      86.1770      35.0000  7.58816e-08
      86.1770      40.0000  9.05760e-08
      86.1770      45.0000  1.04091e-07
      86.1770      50.0000  1.16163e-07
      86.1770      55.0000  1.26677e-07
      86.1770      60.0000  1.35615e-07
      86.1770      65.0000  1.43007e-07
      86.1770      70.0000  1.48920e-07
      86.1770      75.0000  1.53477e-07
      86.1770      80.0000  1.56825e-07
      86.1770      85.0000  1.59084e-07
      86.1770      90.0000  1.60349e-07
      86.1770      95.0000  1.60784e-07
      86.1770      100.000  1.60540e-07
      86.1770      110.000  1.58318e-07
      86.1770      120.000  1.54523e-07
      86.1770      130.000  1.49781e-07
      86.1770      140.000  1.44753e-07
      86.1770      150.000  1.39821e-07
      86.1770      160.000  1.35676e-07
      86.1770      170.000  1.32570e-07
      86.1770      180.000  1.31551e-07
      86.1770      190.000  1.32854e-07
      86.1770      200.000  1.38181e-07
      86.1770      210.000  1.48268e-07
      86.1770      220.000  1.66571e-07
      86.1770      230.000  1.95117e-07
      86.1770      240.000  2.38625e-07
      86.1770      250.000  3.03704e-07
      86.1770      260.000  3.99732e-07
      86.1770      270.000  5.40115e-07
      86.1770      280.000  7.44032e-07
      86.1770      290.000  1.03681e-06
      86.1770      300.000  1.44719e-06
      86.1770      310.000  1.91985e-06
      86.1770      320.000  2.60399e-06
      86.1770      330.000  3.39842e-06
      86.1770      340.000  4.21160e-06
      86.1770      350.000  5.10417e-06
      86.1770      360.000  5.94622e-06
      86.1770      365.000  5.86400e-06
      86.1770      370.000  5.98717e-06
      86.1770      380.000  6.01546e-06
      86.1770      390.000  5.64139e-06
      86.1770      400.000  5.13516e-06
      86.1770      410.000  4.49701e-06
      86.1770      420.000  4.00544e-06
      86.1770      430.000  3.55141e-06
      86.1770      440.000  3.15116e-06
      86.1770      450.000  2.80538e-06
      86.1770      460.000  2.51458e-06
      86.1770      470.000  2.27798e-06
      86.1770      480.000  2.09568e-06
      86.1770      490.000  1.97002e-06
      86.1770      500.000  1.90660e-06
      86.1770      510.000  1.91487e-06
      86.1770      520.000  2.00933e-06
      86.1770      530.000  2.24904e-06
      86.1770      540.000  2.59216e-06
      86.1770      550.000  3.09034e-06
      86.1770      560.000  3.73573e-06
      86.1770      570.000  4.37899e-06
      86.1770      580.000  5.11794e-06
      86.1770      590.000  5.50395e-06
      86.1770      600.000  5.52976e-06
      86.1770      610.000  5.53183e-06
      86.1770      620.000  5.21586e-06
      86.1770      630.000  4.74315e-06
      86.1770      640.000  4.18041e-06
      86.1770      650.000  3.70407e-06
      86.1770      660.000  3.26782e-06
      86.1770      670.000  2.88106e-06
      86.1770      680.000  2.54427e-06
      86.1770      690.000  2.25284e-06
      86.1770      700.000  2.00293e-06
      86.1770      710.000  1.78564e-06
      86.1770      720.000  1.59331e-06
      86.1770      730.000  1.42819e-06
      86.1770      740.000  1.28277e-06
      86.1770      750.000  1.15590e-06
      86.1770      760.000  1.04616e-06
      86.1770      770.000  9.52385e-07
      86.1770      780.000  8.72975e-07
      86.1770      790.000  8.05540e-07
      86.1770      800.000  7.46358e-07
      86.1770      810.000  6.97294e-07
      86.1770      820.000  6.47840e-07
      86.1770      830.000  6.00556e-07
      86.1770      840.000  5.56609e-07
      86.1770      850.000  5.13337e-07
      86.1770      860.000  4.72266e-07
      86.1770      870.000  4.35224e-07
      86.1770      880.000  4.03156e-07
      86.1770      890.000  3.76451e-07
      86.1770      900.000  3.55277e-07
      86.1770      910.000  3.39209e-07
      86.1770      920.000  3.26869e-07
      86.1770      930.000  3.16557e-07
      86.1770      940.000  3.09119e-07
      86.1770      950.000  2.95496e-07
      86.1770      960.000  2.79565e-07
      86.1770      970.000  2.62242e-07
      86.1770      980.000  2.42070e-07
      86.1770      990.000  2.21290e-07
      86.1770      1000.00  2.01619e-07
      86.1770      1010.00  1.83522e-07
      86.1770      1020.00  1.67362e-07
      86.1770      1030.00  1.52921e-07
      86.1770      1040.00  1.40192e-07
      86.1770      1050.00  1.29000e-07
      86.1770      1060.00  1.19223e-07
      86.1770      1070.00  1.10743e-07
      86.1770      1080.00  1.03494e-07
      86.1770      1090.00  9.74324e-08
      86.1770      1100.00  9.25703e-08
      86.1770      1110.00  8.89651e-08
      86.1770      1120.00  8.67516e-08
      86.1770      1130.00  8.61489e-08
      86.1770      1140.00  8.74735e-08
      86.1770      1150.00  9.04304e-08
      86.1770      1160.00  9.17085e-08
      86.1770      1170.00  9.46869e-08
      86.1770      1180.00  8.89450e-08
      86.1770      1190.00  8.66802e-08
      86.1770      1200.00  8.37219e-08
      86.1770      1210.00  7.93843e-08
      86.1770      1220.00  7.43198e-08
      86.1770      1230.00  6.91744e-08
      86.1770      1240.00  6.42546e-08
      86.1770      1250.00  5.96681e-08
      86.1770      1260.00  5.54430e-08
      86.1770      1270.00  5.15748e-08
      86.1770      1280.00  4.80357e-08
      86.1770      1290.00  4.48030e-08
      86.1770      1300.00  4.18436e-08
      86.1770      1325.00  3.54855e-08
      86.1770      1350.00  3.03801e-08
      86.1770      1375.00  2.63136e-08
      86.1770      1400.00  2.30170e-08
      86.1770      1425.00  2.00438e-08
      86.1770      1450.00  1.74023e-08
      86.1770      1475.00  1.51950e-08
      86.1770      1500.00  1.35631e-08
      86.1770      1525.00  1.25149e-08
      86.1770      1550.00  1.21007e-08
      86.1770      1575.00  1.23339e-08
      86.1770      1600.00  1.31937e-08
      86.1770      1625.00  1.44428e-08
      86.1770      1650.00  1.45923e-08
      86.1770      1675.00  1.44412e-08
      86.1770      1700.00  1.38305e-08
      86.1770      1725.00  1.28125e-08
      86.1770      1750.00  1.15936e-08
      86.1770      1775.00  1.03283e-08
      86.1770      1800.00  9.10761e-09
      86.1770      1825.00  7.97684e-09
      86.1770      1850.00  6.95627e-09
      86.1770      1875.00  6.05123e-09
      86.1770      1900.00  5.25667e-09
      86.1770      1925.00  4.56656e-09
      86.1770      1950.00  3.97093e-09
      86.1770      1975.00  3.46185e-09
      86.1770      2000.00  3.03001e-09
      86.1770      2025.00  2.66744e-09
      86.1770      2050.00  2.36561e-09
      86.1770      2075.00  2.10204e-09
      86.1770      2100.00  1.86355e-09
      86.1770      2125.00  1.65114e-09
      86.1770      2150.00  1.45891e-09
      86.1770      2175.00  1.28556e-09
      86.1770      2200.00  1.13084e-09
      86.1770      2225.00  9.93969e-10
      86.1770      2250.00  8.73459e-10
      86.1770      2275.00  7.67813e-10
      86.1770      2300.00  6.75505e-10
      86.1770      2325.00  5.94780e-10
      86.1770      2350.00  5.24281e-10
      86.1770      2375.00  4.62582e-10
      86.1770      2400.00  4.08745e-10

      111.302     0.100000  6.54065e-13
      111.302     0.200000  2.61500e-12
      111.302     0.300000  5.88086e-12
      111.302     0.400000  1.04496e-11
      111.302     0.500000  1.63194e-11
      111.302     0.600000  2.34882e-11
      111.302     0.700000  3.19546e-11
      111.302     0.800000  4.17166e-11
      111.302     0.900000  5.27722e-11
      111.302      1.00000  6.51213e-11
      111.302      1.10000  7.87615e-11
      111.302      1.20000  9.36932e-11
      111.302      1.30000  1.09914e-10
      111.302      1.40000  1.27423e-10
      111.302      1.50000  1.46223e-10
      111.302      1.60000  1.66308e-10
      111.302      1.70000  1.87685e-10
      111.302      2.00000  2.59536e-10
      111.302      2.50000  4.05065e-10
      111.302      3.00000  5.82861e-10
      111.302      3.50000  7.92955e-10
      111.302      4.00000  1.03531e-09
      111.302      4.50000  1.30975e-09
      111.302      5.00000  1.61590e-09
      111.302      5.50000  1.95331e-09
      111.302      6.00000  2.32128e-09
      111.302      6.50000  2.71918e-09
      111.302      7.00000  3.14641e-09
      111.302      7.50000  3.60233e-09
      111.302      8.00000  4.08645e-09
      111.302      8.50000  4.59843e-09
      111.302      9.00000  5.13807e-09
      111.302      9.50000  5.70500e-09
      111.302      10.0000  6.29923e-09
      111.302      10.5000  6.92046e-09
      111.302      11.0000  7.56866e-09
      111.302      11.5000  8.24385e-09
      111.302      12.0000  8.94561e-09
      111.302      14.0000  1.20160e-08
      111.302      16.0000  1.54928e-08
      111.302      18.0000  1.93481e-08
      111.302      20.0000  2.35476e-08
      111.302      25.0000  3.52678e-08
      111.302      30.0000  4.81261e-08
      111.302      35.0000  6.14010e-08
      111.302      40.0000  7.45451e-08
      111.302      45.0000  8.71746e-08
      111.302      50.0000  9.90230e-08
      111.302      55.0000  1.09900e-07
      111.302      60.0000  1.19694e-07
      111.302      65.0000  1.28367e-07
      111.302      70.0000  1.35911e-07
      111.302      75.0000  1.42372e-07
      111.302      80.0000  1.47796e-07
      111.302      85.0000  1.52211e-07
      111.302      90.0000  1.55729e-07
      111.302      95.0000  1.58444e-07
      111.302      100.000  1.60511e-07
      111.302      110.000  1.62762e-07
      111.302      120.000  1.63151e-07
      111.302      130.000  1.62823e-07
      111.302      140.000  1.61557e-07
      111.302      150.000  1.60507e-07
      111.302      160.000  1.61070e-07
      111.302      170.000  1.62791e-07
      111.302      180.000  1.67209e-07
      111.302      190.000  1.76346e-07
      111.302      200.000  1.89023e-07
      111.302      210.000  2.10135e-07
      111.302      220.000  2.40486e-07
      111.302      230.000  2.84013e-07
      111.302      240.000  3.46024e-07
      111.302      250.000  4.31340e-07
      111.302      260.000  5.60435e-07
      111.302      270.000  7.12722e-07
      111.302      280.000  9.36398e-07
      111.302      290.000  1.22767e-06
      111.302      300.000  1.60311e-06
      111.302      310.000  2.10186e-06
      111.302      320.000  2.68978e-06
      111.302      330.000  3.39317e-06
      111.302      340.000  3.97176e-06
      111.302      350.000  4.63511e-06
      111.302      360.000  5.12543e-06
      111.302      365.000  5.14947e-06
      111.302      370.000  5.24926e-06
      111.302      380.000  5.29763e-06
      111.302      390.000  5.08923e-06
      111.302      400.000  4.75169e-06
      111.302      410.000  4.32657e-06
      111.302      420.000  3.94059e-06
      111.302      430.000  3.57605e-06
      111.302      440.000  3.24400e-06
      111.302      450.000  2.95384e-06
      111.302      460.000  2.70819e-06
      111.302      470.000  2.51057e-06
      111.302      480.000  2.37798e-06
      111.302      490.000  2.27147e-06
      111.302      500.000  2.24629e-06
      111.302      510.000  2.27840e-06
      111.302      520.000  2.39801e-06
      111.302      530.000  2.63681e-06
      111.302      540.000  2.92630e-06
      111.302      550.000  3.36677e-06
      111.302      560.000  3.88443e-06
      111.302      570.000  4.29729e-06
      111.302      580.000  4.88336e-06
      111.302      590.000  5.17231e-06
      111.302      600.000  5.20641e-06
      111.302      610.000  5.19960e-06
      111.302      620.000  4.97907e-06
      111.302      630.000  4.62285e-06
      111.302      640.000  4.20645e-06
      111.302      650.000  3.79976e-06
      111.302      660.000  3.41423e-06
      111.302      670.000  3.06239e-06
      111.302      680.000  2.74599e-06
      111.302      690.000  2.46692e-06
      111.302      700.000  2.22064e-06
      111.302      710.000  2.00544e-06
      111.302      720.000  1.81648e-06
      111.302      730.000  1.65124e-06
      111.302      740.000  1.51033e-06
      111.302      750.000  1.38888e-06
      111.302      760.000  1.28880e-06
      111.302      770.000  1.20752e-06
      111.302      780.000  1.14471e-06
      111.302      790.000  1.12647e-06
      111.302      800.000  1.05311e-06
      111.302      810.000  1.04523e-06
      111.302      820.000  9.79096e-07
      111.302      830.000  9.27808e-07
      111.302      840.000  8.77100e-07
      111.302      850.000  8.18693e-07
      111.302      860.000  7.57283e-07
      111.302      870.000  6.97036e-07
      111.302      880.000  6.42503e-07
      111.302      890.000  5.93769e-07
      111.302      900.000  5.51748e-07
      111.302      910.000  5.15799e-07
      111.302      920.000  4.84522e-07
      111.302      930.000  4.64802e-07
      111.302      940.000  4.32855e-07
      111.302      950.000  4.06617e-07
      111.302      960.000  3.80740e-07
      111.302      970.000  3.55645e-07
      111.302      980.000  3.29631e-07
      111.302      990.000  3.04205e-07
      111.302      1000.00  2.80454e-07
      111.302      1010.00  2.58977e-07
      111.302      1020.00  2.39078e-07
      111.302      1030.00  2.22401e-07
      111.302      1040.00  2.05404e-07
      111.302      1050.00  1.90744e-07
      111.302      1060.00  1.77605e-07
      111.302      1070.00  1.65709e-07
      111.302      1080.00  1.55183e-07
      111.302      1090.00  1.45804e-07
      111.302      1100.00  1.38288e-07
      111.302      1110.00  1.31470e-07
      111.302      1120.00  1.26522e-07
      111.302      1130.00  1.22807e-07
      111.302      1140.00  1.20338e-07
      111.302      1150.00  1.21261e-07
      111.302      1160.00  1.17308e-07
      111.302      1170.00  1.17792e-07
      111.302      1180.00  1.13572e-07
      111.302      1190.00  1.09625e-07
      111.302      1200.00  1.05328e-07
      111.302      1210.00  9.99247e-08
      111.302      1220.00  9.39272e-08
      111.302      1230.00  8.78948e-08
      111.302      1240.00  8.20985e-08
      111.302      1250.00  7.66471e-08
      111.302      1260.00  7.15699e-08
      111.302      1270.00  6.68833e-08
      111.302      1280.00  6.25715e-08
      111.302      1290.00  5.86111e-08
      111.302      1300.00  5.49817e-08
      111.302      1325.00  4.72234e-08
      111.302      1350.00  4.11615e-08
      111.302      1375.00  3.65623e-08
      111.302      1400.00  3.28494e-08
      111.302      1425.00  2.91122e-08
      111.302      1450.00  2.53914e-08
      111.302      1475.00  2.21609e-08
      111.302      1500.00  1.96971e-08
      111.302      1525.00  1.80023e-08
      111.302      1550.00  1.70368e-08
      111.302      1575.00  1.67163e-08
      111.302      1600.00  1.69373e-08
      111.302      1625.00  1.74443e-08
      111.302      1650.00  1.71763e-08
      111.302      1675.00  1.66833e-08
      111.302      1700.00  1.58617e-08
      111.302      1725.00  1.47322e-08
      111.302      1750.00  1.34416e-08
      111.302      1775.00  1.21092e-08
      111.302      1800.00  1.08127e-08
      111.302      1825.00  9.59563e-09
      111.302      1850.00  8.48169e-09
      111.302      1875.00  7.47938e-09
      111.302      1900.00  6.59056e-09
      111.302      1925.00  5.81403e-09
      111.302      1950.00  5.14654e-09
      111.302      1975.00  4.58347e-09
      111.302      2000.00  4.11710e-09
      111.302      2025.00  3.73660e-09
      111.302      2050.00  3.43226e-09
      111.302      2075.00  3.14308e-09
      111.302      2100.00  2.86619e-09
      111.302      2125.00  2.60632e-09
      111.302      2150.00  2.35314e-09
      111.302      2175.00  2.10921e-09
      111.302      2200.00  1.88040e-09
      111.302      2225.00  1.67006e-09
      111.302      2250.00  1.47931e-09
      111.302      2275.00  1.30830e-09
      111.302      2300.00  1.15620e-09
      111.302      2325.00  1.02176e-09
      111.302      2350.00  9.03306e-10
      111.302      2375.00  7.99197e-10
      111.302      2400.00  7.08106e-10

      143.753     0.100000  5.02807e-13
      143.753     0.200000  2.01038e-12
      143.753     0.300000  4.52161e-12
      143.753     0.400000  8.03550e-12
      143.753     0.500000  1.25510e-11
      143.753     0.600000  1.80678e-11
      143.753     0.700000  2.45852e-11
      143.753     0.800000  3.21022e-11
      143.753     0.900000  4.06196e-11
      143.753      1.00000  5.01364e-11
      143.753      1.10000  6.06527e-11
      143.753      1.20000  7.21684e-11
      143.753      1.30000  8.46827e-11
      143.753      1.40000  9.81971e-11
      143.753      1.50000  1.12711e-10
      143.753      1.60000  1.28226e-10
      143.753      1.70000  1.44739e-10
      143.753      2.00000  2.00284e-10
      143.753      2.50000  3.12869e-10
      143.753      3.00000  4.50450e-10
      143.753      3.50000  6.12939e-10
      143.753      4.00000  8.00171e-10
      143.753      4.50000  1.01192e-09
      143.753      5.00000  1.24789e-09
      143.753      5.50000  1.50778e-09
      143.753      6.00000  1.79129e-09
      143.753      6.50000  2.09810e-09
      143.753      7.00000  2.42809e-09
      143.753      7.50000  2.78092e-09
      143.753      8.00000  3.15655e-09
      143.753      8.50000  3.55481e-09
      143.753      9.00000  3.97550e-09
      143.753      9.50000  4.41870e-09
      143.753      10.0000  4.88410e-09
      143.753      10.5000  5.37177e-09
      143.753      11.0000  5.88145e-09
      143.753      11.5000  6.41317e-09
      143.753      12.0000  6.96661e-09
      143.753      14.0000  9.39482e-09
      143.753      16.0000  1.21555e-08
      143.753      18.0000  1.52312e-08
      143.753      20.0000  1.86010e-08
      143.753      25.0000  2.81375e-08
      143.753      30.0000  3.88719e-08
      143.753      35.0000  5.03153e-08
      143.753      40.0000  6.20645e-08
      143.753      45.0000  7.37927e-08
      143.753      50.0000  8.52393e-08
      143.753      55.0000  9.62012e-08
      143.753      60.0000  1.06565e-07
      143.753      65.0000  1.16183e-07
      143.753      70.0000  1.25020e-07
      143.753      75.0000  1.33056e-07
      143.753      80.0000  1.40280e-07
      143.753      85.0000  1.46714e-07
      143.753      90.0000  1.52469e-07
      143.753      95.0000  1.57551e-07
      143.753      100.000  1.61876e-07
      143.753      110.000  1.69063e-07
      143.753      120.000  1.74536e-07
      143.753      130.000  1.79038e-07
      143.753      140.000  1.83176e-07
      143.753      150.000  1.87741e-07
      143.753      160.000  1.93650e-07
      143.753      170.000  2.01590e-07
      143.753      180.000  2.12966e-07
      143.753      190.000  2.28946e-07
      143.753      200.000  2.51152e-07
      143.753      210.000  2.82296e-07
      143.753      220.000  3.23744e-07
      143.753      230.000  3.80107e-07
      143.753      240.000  4.55078e-07
      143.753      250.000  5.53599e-07
      143.753      260.000  6.85795e-07
      143.753      270.000  8.52597e-07
      143.753      280.000  1.06821e-06
      143.753      290.000  1.34297e-06
      143.753      300.000  1.67997e-06
      143.753      310.000  2.12112e-06
      143.753      320.000  2.56454e-06
      143.753      330.000  3.13379e-06
      143.753      340.000  3.51326e-06
      143.753      350.000  4.13148e-06
      143.753      360.000  4.30868e-06
      143.753      365.000  4.36901e-06
      143.753      370.000  4.45241e-06
      143.753      380.000  4.52303e-06
      143.753      390.000  4.42811e-06
      143.753      400.000  4.22999e-06
      143.753      410.000  3.95032e-06
      143.753      420.000  3.68822e-06
      143.753      430.000  3.43313e-06
      143.753      440.000  3.19057e-06
      143.753      450.000  2.97824e-06
      143.753      460.000  2.79961e-06
      143.753      470.000  2.65839e-06
      143.753      480.000  2.57535e-06
      143.753      490.000  2.51561e-06
      143.753      500.000  2.52199e-06
      143.753      510.000  2.58955e-06
      143.753      520.000  2.71679e-06
      143.753      530.000  2.93367e-06
      143.753      540.000  3.24902e-06
      143.753      550.000  3.56480e-06
      143.753      560.000  4.03446e-06
      143.753      570.000  4.30049e-06
      143.753      580.000  4.77932e-06
      143.753      590.000  4.91888e-06
      143.753      600.000  4.95590e-06
      143.753      610.000  4.95178e-06
      143.753      620.000  4.79873e-06
      143.753      630.000  4.53317e-06
      143.753      640.000  4.19714e-06
      143.753      650.000  3.86793e-06
      143.753      660.000  3.54453e-06
      143.753      670.000  3.23956e-06
      143.753      680.000  2.95978e-06
      143.753      690.000  2.70742e-06
      143.753      700.000  2.48228e-06
      143.753      710.000  2.28432e-06
      143.753      720.000  2.11310e-06
      143.753      730.000  1.96812e-06
      143.753      740.000  1.84921e-06
      143.753      750.000  1.75702e-06
      143.753      760.000  1.68657e-06
      143.753      770.000  1.64346e-06
      143.753      780.000  1.61482e-06
      143.753      790.000  1.60180e-06
      143.753      800.000  1.60251e-06
      143.753      810.000  1.59056e-06
      143.753      820.000  1.54883e-06
      143.753      830.000  1.49726e-06
      143.753      840.000  1.44129e-06
      143.753      850.000  1.36516e-06
      143.753      860.000  1.27597e-06
      143.753      870.000  1.18336e-06
      143.753      880.000  1.09366e-06
      143.753      890.000  1.00966e-06
      143.753      900.000  9.32717e-07
      143.753      910.000  8.65203e-07
      143.753      920.000  8.01731e-07
      143.753      930.000  7.45265e-07
      143.753      940.000  6.94259e-07
      143.753      950.000  6.45676e-07
      143.753      960.000  6.01491e-07
      143.753      970.000  5.61148e-07
      143.753      980.000  5.22798e-07
      143.753      990.000  4.87578e-07
      143.753      1000.00  4.55403e-07
      143.753      1010.00  4.26053e-07
      143.753      1020.00  4.00841e-07
      143.753      1030.00  3.76334e-07
      143.753      1040.00  3.52839e-07
      143.753      1050.00  3.30949e-07
      143.753      1060.00  3.10722e-07
      143.753      1070.00  2.91526e-07
      143.753      1080.00  2.73021e-07
      143.753      1090.00  2.56162e-07
      143.753      1100.00  2.41232e-07
      143.753      1110.00  2.27719e-07
      143.753      1120.00  2.16953e-07
      143.753      1130.00  2.06642e-07
      143.753      1140.00  1.98265e-07
      143.753      1150.00  1.92552e-07
      143.753      1160.00  1.84392e-07
      143.753      1170.00  1.78126e-07
      143.753      1180.00  1.70484e-07
      143.753      1190.00  1.62819e-07
      143.753      1200.00  1.55101e-07
      143.753      1210.00  1.46716e-07
      143.753      1220.00  1.38050e-07
      143.753      1230.00  1.29513e-07
      143.753      1240.00  1.21346e-07
      143.753      1250.00  1.13648e-07
      143.753      1260.00  1.06472e-07
      143.753      1270.00  9.98288e-08
      143.753      1280.00  9.36943e-08
      143.753      1290.00  8.80766e-08
      143.753      1300.00  8.29217e-08
      143.753      1325.00  7.20471e-08
      143.753      1350.00  6.38131e-08
      143.753      1375.00  5.77625e-08
      143.753      1400.00  5.26933e-08
      143.753      1425.00  4.72096e-08
      143.753      1450.00  4.14376e-08
      143.753      1475.00  3.61127e-08
      143.753      1500.00  3.18301e-08
      143.753      1525.00  2.86344e-08
      143.753      1550.00  2.64216e-08
      143.753      1575.00  2.50351e-08
      143.753      1600.00  2.42863e-08
      143.753      1625.00  2.37753e-08
      143.753      1650.00  2.27440e-08
      143.753      1675.00  2.15455e-08
      143.753      1700.00  2.01438e-08
      143.753      1725.00  1.85896e-08
      143.753      1750.00  1.69793e-08
      143.753      1775.00  1.53882e-08
      143.753      1800.00  1.38723e-08
      143.753      1825.00  1.24637e-08
      143.753      1850.00  1.11678e-08
      143.753      1875.00  9.99987e-09
      143.753      1900.00  8.96008e-09
      143.753      1925.00  8.05792e-09
      143.753      1950.00  7.29643e-09
      143.753      1975.00  6.67111e-09
      143.753      2000.00  6.16910e-09
      143.753      2025.00  5.77179e-09
      143.753      2050.00  5.46296e-09
      143.753      2075.00  5.14401e-09
      143.753      2100.00  4.81174e-09
      143.753      2125.00  4.47995e-09
      143.753      2150.00  4.13263e-09
      143.753      2175.00  3.77593e-09
      143.753      2200.00  3.42304e-09
      143.753      2225.00  3.08470e-09
      143.753      2250.00  2.76770e-09
      143.753      2275.00  2.47569e-09
      143.753      2300.00  2.21009e-09
      143.753      2325.00  1.97131e-09
      143.753      2350.00  1.75861e-09
      143.753      2375.00  1.57083e-09
      143.753      2400.00  1.40637e-09

      185.664     0.100000  4.02200e-13
      185.664     0.200000  1.60850e-12
      185.664     0.300000  3.61858e-12
      185.664     0.400000  6.43207e-12
      185.664     0.500000  1.00485e-11
      185.664     0.600000  1.44680e-11
      185.664     0.700000  1.96902e-11
      185.664     0.800000  2.57150e-11
      185.664     0.900000  3.25411e-11
      185.664      1.00000  4.01694e-11
      185.664      1.10000  4.85999e-11
      185.664      1.20000  5.78320e-11
      185.664      1.30000  6.78652e-11
      185.664      1.40000  7.86991e-11
      185.664      1.50000  9.03328e-11
      185.664      1.60000  1.02768e-10
      185.664      1.70000  1.16003e-10
      185.664      2.00000  1.60505e-10
      185.664      2.50000  2.50638e-10
      185.664      3.00000  3.60661e-10
      185.664      3.50000  4.90481e-10
      185.664      4.00000  6.40007e-10
      185.664      4.50000  8.09107e-10
      185.664      5.00000  9.97691e-10
      185.664      5.50000  1.20564e-09
      185.664      6.00000  1.43281e-09
      185.664      6.50000  1.67919e-09
      185.664      7.00000  1.94463e-09
      185.664      7.50000  2.22904e-09
      185.664      8.00000  2.53238e-09
      185.664      8.50000  2.85450e-09
      185.664      9.00000  3.19536e-09
      185.664      9.50000  3.55490e-09
      185.664      10.0000  3.93286e-09
      185.664      10.5000  4.32942e-09
      185.664      11.0000  4.74409e-09
      185.664      11.5000  5.17708e-09
      185.664      12.0000  5.62815e-09
      185.664      14.0000  7.61003e-09
      185.664      16.0000  9.86977e-09
      185.664      18.0000  1.23969e-08
      185.664      20.0000  1.51783e-08
      185.664      25.0000  2.31389e-08
      185.664      30.0000  3.22868e-08
      185.664      35.0000  4.23008e-08
      185.664      40.0000  5.28797e-08
      185.664      45.0000  6.37653e-08
      185.664      50.0000  7.47312e-08
      185.664      55.0000  8.55882e-08
      185.664      60.0000  9.61869e-08
      185.664      65.0000  1.06431e-07
      185.664      70.0000  1.16220e-07
      185.664      75.0000  1.25503e-07
      185.664      80.0000  1.34272e-07
      185.664      85.0000  1.42473e-07
      185.664      90.0000  1.50155e-07
      185.664      95.0000  1.57292e-07
      185.664      100.000  1.63965e-07
      185.664      110.000  1.76004e-07
      185.664      120.000  1.86718e-07
      185.664      130.000  1.96718e-07
      185.664      140.000  2.06314e-07
      185.664      150.000  2.16533e-07
      185.664      160.000  2.28222e-07
      185.664      170.000  2.42293e-07
      185.664      180.000  2.59862e-07
      185.664      190.000  2.82257e-07
      185.664      200.000  3.11100e-07
      185.664      210.000  3.48221e-07
      185.664      220.000  3.95837e-07
      185.664      230.000  4.56384e-07
      185.664      240.000  5.33235e-07
      185.664      250.000  6.30775e-07
      185.664      260.000  7.54290e-07
      185.664      270.000  9.11798e-07
      185.664      280.000  1.09967e-06
      185.664      290.000  1.31396e-06
      185.664      300.000  1.58331e-06
      185.664      310.000  1.92948e-06
      185.664      320.000  2.25094e-06
      185.664      330.000  2.58828e-06
      185.664      340.000  2.90931e-06
      185.664      350.000  3.24085e-06
      185.664      360.000  3.45363e-06
      185.664      365.000  3.51766e-06
      185.664      370.000  3.58775e-06
      185.664      380.000  3.67146e-06
      185.664      390.000  3.65498e-06
      185.664      400.000  3.56538e-06
      185.664      410.000  3.41779e-06
      185.664      420.000  3.27019e-06
      185.664      430.000  3.11913e-06
      185.664      440.000  2.97664e-06
      185.664      450.000  2.85160e-06
      185.664      460.000  2.75170e-06
      185.664      470.000  2.68960e-06
      185.664      480.000  2.63727e-06
      185.664      490.000  2.63597e-06
      185.664      500.000  2.67987e-06
      185.664      510.000  2.77235e-06
      185.664      520.000  2.91753e-06
      185.664      530.000  3.12129e-06
      185.664      540.000  3.37630e-06
      185.664      550.000  3.69227e-06
      185.664      560.000  4.06006e-06
      185.664      570.000  4.21479e-06
      185.664      580.000  4.45528e-06
      185.664      590.000  4.65132e-06
      185.664      600.000  4.69225e-06
      185.664      610.000  4.69909e-06
      185.664      620.000  4.60122e-06
      185.664      630.000  4.41536e-06
      185.664      640.000  4.16362e-06
      185.664      650.000  3.91346e-06
      185.664      660.000  3.66007e-06
      185.664      670.000  3.41548e-06
      185.664      680.000  3.18693e-06
      185.664      690.000  2.97926e-06
      185.664      700.000  2.79520e-06
      185.664      710.000  2.63666e-06
      185.664      720.000  2.50509e-06
      185.664      730.000  2.40463e-06
      185.664      740.000  2.32647e-06
      185.664      750.000  2.26839e-06
      185.664      760.000  2.24562e-06
      185.664      770.000  2.24772e-06
      185.664      780.000  2.26937e-06
      185.664      790.000  2.29911e-06
      185.664      800.000  2.32050e-06
      185.664      810.000  2.35984e-06
      185.664      820.000  2.30801e-06
      185.664      830.000  2.26419e-06
      185.664      840.000  2.20667e-06
      185.664      850.000  2.11862e-06
      185.664      860.000  2.00657e-06
      185.664      870.000  1.88340e-06
      185.664      880.000  1.75808e-06
      185.664      890.000  1.63634e-06
      185.664      900.000  1.52193e-06
      185.664      910.000  1.41436e-06
      185.664      920.000  1.31367e-06
      185.664      930.000  1.22318e-06
      185.664      940.000  1.14206e-06
      185.664      950.000  1.06770e-06
      185.664      960.000  9.99489e-07
      185.664      970.000  9.39161e-07
      185.664      980.000  8.85211e-07
      185.664      990.000  8.37228e-07
      185.664      1000.00  7.94835e-07
      185.664      1010.00  7.56705e-07
      185.664      1020.00  7.21092e-07
      185.664      1030.00  6.90400e-07
      185.664      1040.00  6.53324e-07
      185.664      1050.00  6.20018e-07
      185.664      1060.00  5.88013e-07
      185.664      1070.00  5.55435e-07
      185.664      1080.00  5.22751e-07
      185.664      1090.00  4.91166e-07
      185.664      1100.00  4.61547e-07
      185.664      1110.00  4.33677e-07
      185.664      1120.00  4.08443e-07
      185.664      1130.00  3.85552e-07
      185.664      1140.00  3.64847e-07
      185.664      1150.00  3.45923e-07
      185.664      1160.00  3.28647e-07
      185.664      1170.00  3.11438e-07
      185.664      1180.00  2.94365e-07
      185.664      1190.00  2.78519e-07
      185.664      1200.00  2.63212e-07
      185.664      1210.00  2.48042e-07
      185.664      1220.00  2.33187e-07
      185.664      1230.00  2.18924e-07
      185.664      1240.00  2.05433e-07
      185.664      1250.00  1.92792e-07
      185.664      1260.00  1.81018e-07
      185.664      1270.00  1.70121e-07
      185.664      1280.00  1.60057e-07
      185.664      1290.00  1.50832e-07
      185.664      1300.00  1.42387e-07
      185.664      1325.00  1.24488e-07
      185.664      1350.00  1.10936e-07
      185.664      1375.00  1.00612e-07
      185.664      1400.00  9.13744e-08
      185.664      1425.00  8.20642e-08
      185.664      1450.00  7.24315e-08
      185.664      1475.00  6.33535e-08
      185.664      1500.00  5.57145e-08
      185.664      1525.00  4.96251e-08
      185.664      1550.00  4.50952e-08
      185.664      1575.00  4.17592e-08
      185.664      1600.00  3.93045e-08
      185.664      1625.00  3.73781e-08
      185.664      1650.00  3.49203e-08
      185.664      1675.00  3.23088e-08
      185.664      1700.00  2.95954e-08
      185.664      1725.00  2.69530e-08
      185.664      1750.00  2.44667e-08
      185.664      1775.00  2.21769e-08
      185.664      1800.00  2.00989e-08
      185.664      1825.00  1.82405e-08
      185.664      1850.00  1.65539e-08
      185.664      1875.00  1.50261e-08
      185.664      1900.00  1.36554e-08
      185.664      1925.00  1.24633e-08
      185.664      1950.00  1.14674e-08
      185.664      1975.00  1.06566e-08
      185.664      2000.00  1.00304e-08
      185.664      2025.00  9.51652e-09
      185.664      2050.00  9.08546e-09
      185.664      2075.00  8.67547e-09
      185.664      2100.00  8.21431e-09
      185.664      2125.00  7.74240e-09
      185.664      2150.00  7.23855e-09
      185.664      2175.00  6.70790e-09
      185.664      2200.00  6.16948e-09
      185.664      2225.00  5.64004e-09
      185.664      2250.00  5.13297e-09
      185.664      2275.00  4.65612e-09
      185.664      2300.00  4.21502e-09
      185.664      2325.00  3.81358e-09
      185.664      2350.00  3.45199e-09
      185.664      2375.00  3.12924e-09
      185.664      2400.00  2.84661e-09

      239.794     0.100000  3.26104e-13
      239.794     0.200000  1.30421e-12
      239.794     0.300000  2.93400e-12
      239.794     0.400000  5.21516e-12
      239.794     0.500000  8.14728e-12
      239.794     0.600000  1.17302e-11
      239.794     0.700000  1.59636e-11
      239.794     0.800000  2.08473e-11
      239.794     0.900000  2.63805e-11
      239.794      1.00000  3.25633e-11
      239.794      1.10000  3.93952e-11
      239.794      1.20000  4.68754e-11
      239.794      1.30000  5.50056e-11
      239.794      1.40000  6.37851e-11
      239.794      1.50000  7.32097e-11
      239.794      1.60000  8.32839e-11
      239.794      1.70000  9.40047e-11
      239.794      2.00000  1.30051e-10
      239.794      2.50000  2.03053e-10
      239.794      3.00000  2.92180e-10
      239.794      3.50000  3.97399e-10
      239.794      4.00000  5.18680e-10
      239.794      4.50000  6.55976e-10
      239.794      5.00000  8.09242e-10
      239.794      5.50000  9.78445e-10
      239.794      6.00000  1.16352e-09
      239.794      6.50000  1.36440e-09
      239.794      7.00000  1.58105e-09
      239.794      7.50000  1.81341e-09
      239.794      8.00000  2.06137e-09
      239.794      8.50000  2.32489e-09
      239.794      9.00000  2.60388e-09
      239.794      9.50000  2.89832e-09
      239.794      10.0000  3.20820e-09
      239.794      10.5000  3.53308e-09
      239.794      11.0000  3.87318e-09
      239.794      11.5000  4.22846e-09
      239.794      12.0000  4.59882e-09
      239.794      14.0000  6.22916e-09
      239.794      16.0000  8.09376e-09
      239.794      18.0000  1.01866e-08
      239.794      20.0000  1.24997e-08
      239.794      25.0000  1.91812e-08
      239.794      30.0000  2.69908e-08
      239.794      35.0000  3.57122e-08
      239.794      40.0000  4.51302e-08
      239.794      45.0000  5.50473e-08
      239.794      50.0000  6.52841e-08
      239.794      55.0000  7.56925e-08
      239.794      60.0000  8.61367e-08
      239.794      65.0000  9.65296e-08
      239.794      70.0000  1.06754e-07
      239.794      75.0000  1.16764e-07
      239.794      80.0000  1.26525e-07
      239.794      85.0000  1.35981e-07
      239.794      90.0000  1.45104e-07
      239.794      95.0000  1.53938e-07
      239.794      100.000  1.62449e-07
      239.794      110.000  1.78633e-07
      239.794      120.000  1.93894e-07
      239.794      130.000  2.08659e-07
      239.794      140.000  2.23501e-07
      239.794      150.000  2.38838e-07
      239.794      160.000  2.55425e-07
      239.794      170.000  2.74374e-07
      239.794      180.000  2.96491e-07
      239.794      190.000  3.23018e-07
      239.794      200.000  3.53872e-07
      239.794      210.000  3.92925e-07
      239.794      220.000  4.40010e-07
      239.794      230.000  4.96797e-07
      239.794      240.000  5.68128e-07
      239.794      250.000  6.55950e-07
      239.794      260.000  7.58642e-07
      239.794      270.000  8.80492e-07
      239.794      280.000  1.03136e-06
      239.794      290.000  1.20614e-06
      239.794      300.000  1.41232e-06
      239.794      310.000  1.63006e-06
      239.794      320.000  1.85860e-06
      239.794      330.000  2.08561e-06
      239.794      340.000  2.29507e-06
      239.794      350.000  2.50591e-06
      239.794      360.000  2.66760e-06
      239.794      365.000  2.72719e-06
      239.794      370.000  2.78510e-06
      239.794      380.000  2.87286e-06
      239.794      390.000  2.90525e-06
      239.794      400.000  2.89001e-06
      239.794      410.000  2.84147e-06
      239.794      420.000  2.78334e-06
      239.794      430.000  2.72194e-06
      239.794      440.000  2.66476e-06
      239.794      450.000  2.62450e-06
      239.794      460.000  2.58434e-06
      239.794      470.000  2.57511e-06
      239.794      480.000  2.58859e-06
      239.794      490.000  2.62688e-06
      239.794      500.000  2.70267e-06
      239.794      510.000  2.81717e-06
      239.794      520.000  2.96719e-06
      239.794      530.000  3.13663e-06
      239.794      540.000  3.34251e-06
      239.794      550.000  3.56865e-06
      239.794      560.000  3.80600e-06
      239.794      570.000  4.10157e-06
      239.794      580.000  4.21161e-06
      239.794      590.000  4.31330e-06
      239.794      600.000  4.36765e-06
      239.794      610.000  4.39094e-06
      239.794      620.000  4.34466e-06
      239.794      630.000  4.23227e-06
      239.794      640.000  4.06828e-06
      239.794      650.000  3.90104e-06
      239.794      660.000  3.72426e-06
      239.794      670.000  3.55304e-06
      239.794      680.000  3.39214e-06
      239.794      690.000  3.24611e-06
      239.794      700.000  3.12189e-06
      239.794      710.000  3.01953e-06
      239.794      720.000  2.94129e-06
      239.794      730.000  2.88411e-06
      239.794      740.000  2.86008e-06
      239.794      750.000  2.86316e-06
      239.794      760.000  2.90391e-06
      239.794      770.000  2.92489e-06
      239.794      780.000  3.00123e-06
      239.794      790.000  3.05804e-06
      239.794      800.000  3.05342e-06
      239.794      810.000  3.12607e-06
      239.794      820.000  3.09404e-06
      239.794      830.000  3.06191e-06
      239.794      840.000  3.01113e-06
      239.794      850.000  2.92542e-06
      239.794      860.000  2.80765e-06
      239.794      870.000  2.67117e-06
      239.794      880.000  2.52643e-06
      239.794      890.000  2.38215e-06
      239.794      900.000  2.24173e-06
      239.794      910.000  2.10854e-06
      239.794      920.000  1.98471e-06
      239.794      930.000  1.87069e-06
      239.794      940.000  1.76552e-06
      239.794      950.000  1.67013e-06
      239.794      960.000  1.58668e-06
      239.794      970.000  1.51332e-06
      239.794      980.000  1.44811e-06
      239.794      990.000  1.39090e-06
      239.794      1000.00  1.34454e-06
      239.794      1010.00  1.29898e-06
      239.794      1020.00  1.24625e-06
      239.794      1030.00  1.21128e-06
      239.794      1040.00  1.16106e-06
      239.794      1050.00  1.11449e-06
      239.794      1060.00  1.06789e-06
      239.794      1070.00  1.01804e-06
      239.794      1080.00  9.65408e-07
      239.794      1090.00  9.12035e-07
      239.794      1100.00  8.59643e-07
      239.794      1110.00  8.09542e-07
      239.794      1120.00  7.62732e-07
      239.794      1130.00  7.17618e-07
      239.794      1140.00  6.75760e-07
      239.794      1150.00  6.36865e-07
      239.794      1160.00  6.00296e-07
      239.794      1170.00  5.65556e-07
      239.794      1180.00  5.32547e-07
      239.794      1190.00  5.01723e-07
      239.794      1200.00  4.72609e-07
      239.794      1210.00  4.44821e-07
      239.794      1220.00  4.18311e-07
      239.794      1230.00  3.93275e-07
      239.794      1240.00  3.69777e-07
      239.794      1250.00  3.47811e-07
      239.794      1260.00  3.27362e-07
      239.794      1270.00  3.08398e-07
      239.794      1280.00  2.90830e-07
      239.794      1290.00  2.74595e-07
      239.794      1300.00  2.59682e-07
      239.794      1325.00  2.27632e-07
      239.794      1350.00  2.02166e-07
      239.794      1375.00  1.83481e-07
      239.794      1400.00  1.63379e-07
      239.794      1425.00  1.46250e-07
      239.794      1450.00  1.29660e-07
      239.794      1475.00  1.14205e-07
      239.794      1500.00  1.00911e-07
      239.794      1525.00  8.99051e-08
      239.794      1550.00  8.11784e-08
      239.794      1575.00  7.44922e-08
      239.794      1600.00  6.90908e-08
      239.794      1625.00  6.42165e-08
      239.794      1650.00  5.91838e-08
      239.794      1675.00  5.40436e-08
      239.794      1700.00  4.89138e-08
      239.794      1725.00  4.41601e-08
      239.794      1750.00  3.99022e-08
      239.794      1775.00  3.61656e-08
      239.794      1800.00  3.29375e-08
      239.794      1825.00  3.01250e-08
      239.794      1850.00  2.75788e-08
      239.794      1875.00  2.52617e-08
      239.794      1900.00  2.31243e-08
      239.794      1925.00  2.12161e-08
      239.794      1950.00  1.95728e-08
      239.794      1975.00  1.82316e-08
      239.794      2000.00  1.71396e-08
      239.794      2025.00  1.62506e-08
      239.794      2050.00  1.54765e-08
      239.794      2075.00  1.46785e-08
      239.794      2100.00  1.38924e-08
      239.794      2125.00  1.31101e-08
      239.794      2150.00  1.23056e-08
      239.794      2175.00  1.14819e-08
      239.794      2200.00  1.06570e-08
      239.794      2225.00  9.84947e-09
      239.794      2250.00  9.07358e-09
      239.794      2275.00  8.34097e-09
      239.794      2300.00  7.66064e-09
      239.794      2325.00  7.03722e-09
      239.794      2350.00  6.47358e-09
      239.794      2375.00  5.96749e-09
      239.794      2400.00  5.51548e-09

      309.705     0.100000  2.63268e-13
      309.705     0.200000  1.05295e-12
      309.705     0.300000  2.36882e-12
      309.705     0.400000  4.21075e-12
      309.705     0.500000  6.57855e-12
      309.705     0.600000  9.47197e-12
      309.705     0.700000  1.28908e-11
      309.705     0.800000  1.68352e-11
      309.705     0.900000  2.13046e-11
      309.705      1.00000  2.62990e-11
      309.705      1.10000  3.18186e-11
      309.705      1.20000  3.78621e-11
      309.705      1.30000  4.44310e-11
      309.705      1.40000  5.15237e-11
      309.705      1.50000  5.91409e-11
      309.705      1.60000  6.72826e-11
      309.705      1.70000  7.59469e-11
      309.705      2.00000  1.05084e-10
      309.705      2.50000  1.64110e-10
      309.705      3.00000  2.36204e-10
      309.705      3.50000  3.21344e-10
      309.705      4.00000  4.19490e-10
      309.705      4.50000  5.30645e-10
      309.705      5.00000  6.54758e-10
      309.705      5.50000  7.91800e-10
      309.705      6.00000  9.41734e-10
      309.705      6.50000  1.10453e-09
      309.705      7.00000  1.28016e-09
      309.705      7.50000  1.46858e-09
      309.705      8.00000  1.66978e-09
      309.705      8.50000  1.88364e-09
      309.705      9.00000  2.11021e-09
      309.705      9.50000  2.34936e-09
      309.705      10.0000  2.60116e-09
      309.705      10.5000  2.86552e-09
      309.705      11.0000  3.14239e-09
      309.705      11.5000  3.43176e-09
      309.705      12.0000  3.73363e-09
      309.705      14.0000  5.06496e-09
      309.705      16.0000  6.59138e-09
      309.705      18.0000  8.30998e-09
      309.705      20.0000  1.02150e-08
      309.705      25.0000  1.57553e-08
      309.705      30.0000  2.23134e-08
      309.705      35.0000  2.97549e-08
      309.705      40.0000  3.79327e-08
      309.705      45.0000  4.67089e-08
      309.705      50.0000  5.59616e-08
      309.705      55.0000  6.55626e-08
      309.705      60.0000  7.54113e-08
      309.705      65.0000  8.54173e-08
      309.705      70.0000  9.55135e-08
      309.705      75.0000  1.05629e-07
      309.705      80.0000  1.15700e-07
      309.705      85.0000  1.25702e-07
      309.705      90.0000  1.35620e-07
      309.705      95.0000  1.45384e-07
      309.705      100.000  1.55017e-07
      309.705      110.000  1.73957e-07
      309.705      120.000  1.92419e-07
      309.705      130.000  2.10768e-07
      309.705      140.000  2.29320e-07
      309.705      150.000  2.48233e-07
      309.705      160.000  2.68361e-07
      309.705      170.000  2.90097e-07
      309.705      180.000  3.14547e-07
      309.705      190.000  3.41586e-07
      309.705      200.000  3.73517e-07
      309.705      210.000  4.09489e-07
      309.705      220.000  4.52909e-07
      309.705      230.000  5.04380e-07
      309.705      240.000  5.62178e-07
      309.705      250.000  6.31745e-07
      309.705      260.000  7.11887e-07
      309.705      270.000  8.08927e-07
      309.705      280.000  9.11624e-07
      309.705      290.000  1.03997e-06
      309.705      300.000  1.16442e-06
      309.705      310.000  1.31860e-06
      309.705      320.000  1.50104e-06
      309.705      330.000  1.62418e-06
      309.705      340.000  1.76539e-06
      309.705      350.000  1.96139e-06
      309.705      360.000  2.02186e-06
      309.705      365.000  2.07069e-06
      309.705      370.000  2.11787e-06
      309.705      380.000  2.20095e-06
      309.705      390.000  2.25516e-06
      309.705      400.000  2.28372e-06
      309.705      410.000  2.28930e-06
      309.705      420.000  2.29365e-06
      309.705      430.000  2.29575e-06
      309.705      440.000  2.29823e-06
      309.705      450.000  2.30954e-06
      309.705      460.000  2.32744e-06
      309.705      470.000  2.36290e-06
      309.705      480.000  2.41939e-06
      309.705      490.000  2.48144e-06
      309.705      500.000  2.57315e-06
      309.705      510.000  2.68217e-06
      309.705      520.000  2.82313e-06
      309.705      530.000  2.97642e-06
      309.705      540.000  3.14341e-06
      309.705      550.000  3.32053e-06
      309.705      560.000  3.50350e-06
      309.705      570.000  3.66081e-06
      309.705      580.000  3.78087e-06
      309.705      590.000  3.89212e-06
      309.705      600.000  3.95713e-06
      309.705      610.000  3.99975e-06
      309.705      620.000  3.99971e-06
      309.705      630.000  3.95180e-06
      309.705      640.000  3.86079e-06
      309.705      650.000  3.77294e-06
      309.705      660.000  3.67960e-06
      309.705      670.000  3.58465e-06
      309.705      680.000  3.49915e-06
      309.705      690.000  3.42739e-06
      309.705      700.000  3.36235e-06
      309.705      710.000  3.31968e-06
      309.705      720.000  3.29437e-06
      309.705      730.000  3.29653e-06
      309.705      740.000  3.30812e-06
      309.705      750.000  3.35552e-06
      309.705      760.000  3.39785e-06
      309.705      770.000  3.48289e-06
      309.705      780.000  3.63099e-06
      309.705      790.000  3.61746e-06
      309.705      800.000  3.70365e-06
      309.705      810.000  3.71085e-06
      309.705      820.000  3.69400e-06
      309.705      830.000  3.67469e-06
      309.705      840.000  3.64011e-06
      309.705      850.000  3.57276e-06
      309.705      860.000  3.47291e-06
      309.705      870.000  3.35127e-06
      309.705      880.000  3.21857e-06
      309.705      890.000  3.08148e-06
      309.705      900.000  2.94619e-06
      309.705      910.000  2.81773e-06
      309.705      920.000  2.69134e-06
      309.705      930.000  2.57780e-06
      309.705      940.000  2.47217e-06
      309.705      950.000  2.37955e-06
      309.705      960.000  2.29496e-06
      309.705      970.000  2.22549e-06
      309.705      980.000  2.15902e-06
      309.705      990.000  2.10934e-06
      309.705      1000.00  2.09654e-06
      309.705      1010.00  2.01248e-06
      309.705      1020.00  1.97551e-06
      309.705      1030.00  1.92003e-06
      309.705      1040.00  1.86100e-06
      309.705      1050.00  1.80530e-06
      309.705      1060.00  1.74845e-06
      309.705      1070.00  1.68583e-06
      309.705      1080.00  1.61719e-06
      309.705      1090.00  1.54491e-06
      309.705      1100.00  1.47224e-06
      309.705      1110.00  1.40112e-06
      309.705      1120.00  1.33259e-06
      309.705      1130.00  1.26743e-06
      309.705      1140.00  1.20695e-06
      309.705      1150.00  1.14834e-06
      309.705      1160.00  1.09591e-06
      309.705      1170.00  1.04575e-06
      309.705      1180.00  1.00047e-06
      309.705      1190.00  9.57775e-07
      309.705      1200.00  9.20068e-07
      309.705      1210.00  8.81989e-07
      309.705      1220.00  8.48896e-07
      309.705      1230.00  8.21037e-07
      309.705      1240.00  7.83364e-07
      309.705      1250.00  7.49621e-07
      309.705      1260.00  7.17908e-07
      309.705      1270.00  6.87305e-07
      309.705      1280.00  6.56745e-07
      309.705      1290.00  6.25923e-07
      309.705      1300.00  5.95447e-07
      309.705      1325.00  5.23418e-07
      309.705      1350.00  4.60191e-07
      309.705      1375.00  4.05690e-07
      309.705      1400.00  3.57674e-07
      309.705      1425.00  3.15499e-07
      309.705      1450.00  2.77692e-07
      309.705      1475.00  2.44169e-07
      309.705      1500.00  2.15441e-07
      309.705      1525.00  1.91259e-07
      309.705      1550.00  1.71212e-07
      309.705      1575.00  1.54845e-07
      309.705      1600.00  1.40964e-07
      309.705      1625.00  1.28507e-07
      309.705      1650.00  1.16779e-07
      309.705      1675.00  1.05624e-07
      309.705      1700.00  9.50818e-08
      309.705      1725.00  8.56069e-08
      309.705      1750.00  7.73161e-08
      309.705      1775.00  7.01914e-08
      309.705      1800.00  6.41608e-08
      309.705      1825.00  5.88618e-08
      309.705      1850.00  5.40243e-08
      309.705      1875.00  4.95525e-08
      309.705      1900.00  4.53769e-08
      309.705      1925.00  4.14716e-08
      309.705      1950.00  3.80714e-08
      309.705      1975.00  3.52219e-08
      309.705      2000.00  3.27758e-08
      309.705      2025.00  3.06939e-08
      309.705      2050.00  2.89718e-08
      309.705      2075.00  2.71666e-08
      309.705      2100.00  2.54720e-08
      309.705      2125.00  2.38090e-08
      309.705      2150.00  2.21900e-08
      309.705      2175.00  2.06339e-08
      309.705      2200.00  1.91576e-08
      309.705      2225.00  1.77708e-08
      309.705      2250.00  1.64845e-08
      309.705      2275.00  1.52797e-08
      309.705      2300.00  1.41625e-08
      309.705      2325.00  1.31387e-08
      309.705      2350.00  1.21991e-08
      309.705      2375.00  1.13504e-08
      309.705      2400.00  1.05966e-08

      400.000     0.100000  2.10863e-13
      400.000     0.200000  8.43387e-13
      400.000     0.300000  1.89746e-12
      400.000     0.400000  3.37292e-12
      400.000     0.500000  5.26982e-12
      400.000     0.600000  7.58788e-12
      400.000     0.700000  1.03270e-11
      400.000     0.800000  1.34872e-11
      400.000     0.900000  1.70682e-11
      400.000      1.00000  2.10703e-11
      400.000      1.10000  2.54928e-11
      400.000      1.20000  3.03363e-11
      400.000      1.30000  3.56004e-11
      400.000      1.40000  4.12844e-11
      400.000      1.50000  4.73890e-11
      400.000      1.60000  5.39132e-11
      400.000      1.70000  6.08578e-11
      400.000      2.00000  8.42111e-11
      400.000      2.50000  1.31526e-10
      400.000      3.00000  1.89320e-10
      400.000      3.50000  2.57579e-10
      400.000      4.00000  3.36287e-10
      400.000      4.50000  4.25436e-10
      400.000      5.00000  5.25002e-10
      400.000      5.50000  6.34970e-10
      400.000      6.00000  7.55339e-10
      400.000      6.50000  8.86088e-10
      400.000      7.00000  1.02717e-09
      400.000      7.50000  1.17861e-09
      400.000      8.00000  1.34041e-09
      400.000      8.50000  1.51244e-09
      400.000      9.00000  1.69483e-09
      400.000      9.50000  1.88746e-09
      400.000      10.0000  2.09032e-09
      400.000      10.5000  2.30336e-09
      400.000      11.0000  2.52668e-09
      400.000      11.5000  2.76015e-09
      400.000      12.0000  3.00382e-09
      400.000      14.0000  4.07938e-09
      400.000      16.0000  5.31532e-09
      400.000      18.0000  6.71002e-09
      400.000      20.0000  8.25948e-09
      400.000      25.0000  1.27920e-08
      400.000      30.0000  1.82097e-08
      400.000      35.0000  2.44315e-08
      400.000      40.0000  3.13684e-08
      400.000      45.0000  3.89328e-08
      400.000      50.0000  4.70261e-08
      400.000      55.0000  5.55658e-08
      400.000      60.0000  6.44699e-08
      400.000      65.0000  7.36779e-08
      400.000      70.0000  8.31275e-08
      400.000      75.0000  9.27584e-08
      400.000      80.0000  1.02521e-07
      400.000      85.0000  1.12386e-07
      400.000      90.0000  1.22361e-07
      400.000      95.0000  1.32309e-07
      400.000      100.000  1.42304e-07
      400.000      110.000  1.62323e-07
      400.000      120.000  1.82461e-07
      400.000      130.000  2.02685e-07
      400.000      140.000  2.23278e-07
      400.000      150.000  2.44413e-07
      400.000      160.000  2.66369e-07
      400.000      170.000  2.89801e-07
      400.000      180.000  3.14722e-07
      400.000      190.000  3.42193e-07
      400.000      200.000  3.72185e-07
      400.000      210.000  4.05649e-07
      400.000      220.000  4.43664e-07
      400.000      230.000  4.85820e-07
      400.000      240.000  5.35215e-07
      400.000      250.000  5.88906e-07
      400.000      260.000  6.51621e-07
      400.000      270.000  7.20512e-07
      400.000      280.000  7.95696e-07
      400.000      290.000  8.85780e-07
      400.000      300.000  9.73967e-07
      400.000      310.000  1.07844e-06
      400.000      320.000  1.17637e-06
      400.000      330.000  1.27815e-06
      400.000      340.000  1.38858e-06
      400.000      350.000  1.47301e-06
      400.000      360.000  1.55495e-06
      400.000      365.000  1.59417e-06
      400.000      370.000  1.63361e-06
      400.000      380.000  1.70817e-06
      400.000      390.000  1.76994e-06
      400.000      400.000  1.81892e-06
      400.000      410.000  1.85439e-06
      400.000      420.000  1.89272e-06
      400.000      430.000  1.92801e-06
      400.000      440.000  1.96473e-06
      400.000      450.000  2.00783e-06
      400.000      460.000  2.05492e-06
      400.000      470.000  2.11275e-06
      400.000      480.000  2.17990e-06
      400.000      490.000  2.25570e-06
      400.000      500.000  2.35189e-06
      400.000      510.000  2.45281e-06
      400.000      520.000  2.57949e-06
      400.000      530.000  2.70225e-06
      400.000      540.000  2.83846e-06
      400.000      550.000  3.01113e-06
      400.000      560.000  3.10964e-06
      400.000      570.000  3.22793e-06
      400.000      580.000  3.34307e-06
      400.000      590.000  3.42683e-06
      400.000      600.000  3.49668e-06
      400.000      610.000  3.55708e-06
      400.000      620.000  3.59263e-06
      400.000      630.000  3.59997e-06
      400.000      640.000  3.57677e-06
      400.000      650.000  3.55787e-06
      400.000      660.000  3.53173e-06
      400.000      670.000  3.50500e-06
      400.000      680.000  3.48428e-06
      400.000      690.000  3.46856e-06
      400.000      700.000  3.46763e-06
      400.000      710.000  3.47339e-06
      400.000      720.000  3.49987e-06
      400.000      730.000  3.53439e-06
      400.000      740.000  3.57936e-06
      400.000      750.000  3.65569e-06
      400.000      760.000  3.72200e-06
      400.000      770.000  3.81318e-06
      400.000      780.000  3.88998e-06
      400.000      790.000  3.91851e-06
      400.000      800.000  4.04025e-06
      400.000      810.000  4.04383e-06
      400.000      820.000  4.04516e-06
      400.000      830.000  4.04662e-06
      400.000      840.000  4.03615e-06
      400.000      850.000  4.00013e-06
      400.000      860.000  3.93659e-06
      400.000      870.000  3.85250e-06
      400.000      880.000  3.75449e-06
      400.000      890.000  3.64997e-06
      400.000      900.000  3.54599e-06
      400.000      910.000  3.44240e-06
      400.000      920.000  3.34635e-06
      400.000      930.000  3.25423e-06
      400.000      940.000  3.17409e-06
      400.000      950.000  3.09883e-06
      400.000      960.000  3.03227e-06
      400.000      970.000  2.98236e-06
      400.000      980.000  2.93123e-06
      400.000      990.000  2.89358e-06
      400.000      1000.00  2.85421e-06
      400.000      1010.00  2.79747e-06
      400.000      1020.00  2.78284e-06
      400.000      1030.00  2.72204e-06
      400.000      1040.00  2.66281e-06
      400.000      1050.00  2.60715e-06
      400.000      1060.00  2.54982e-06
      400.000      1070.00  2.48453e-06
      400.000      1080.00  2.41108e-06
      400.000      1090.00  2.33129e-06
      400.000      1100.00  2.24854e-06
      400.000      1110.00  2.16621e-06
      400.000      1120.00  2.08484e-06
      400.000      1130.00  2.00751e-06
      400.000      1140.00  1.93300e-06
      400.000      1150.00  1.86315e-06
      400.000      1160.00  1.79867e-06
      400.000      1170.00  1.73729e-06
      400.000      1180.00  1.68343e-06
      400.000      1190.00  1.63081e-06
      400.000      1200.00  1.58578e-06
      400.000      1210.00  1.53897e-06
      400.000      1220.00  1.48956e-06
      400.000      1230.00  1.45543e-06
      400.000      1240.00  1.40586e-06
      400.000      1250.00  1.35814e-06
      400.000      1260.00  1.31309e-06
      400.000      1270.00  1.26878e-06
      400.000      1280.00  1.22317e-06
      400.000      1290.00  1.17563e-06
      400.000      1300.00  1.12678e-06
      400.000      1325.00  1.00533e-06
      400.000      1350.00  8.91960e-07
      400.000      1375.00  7.89585e-07
      400.000      1400.00  6.98374e-07
      400.000      1425.00  6.17663e-07
      400.000      1450.00  5.46309e-07
      400.000      1475.00  4.83328e-07
      400.000      1500.00  4.28684e-07
      400.000      1525.00  3.81722e-07
      400.000      1550.00  3.41718e-07
      400.000      1575.00  3.07767e-07
      400.000      1600.00  2.78036e-07
      400.000      1625.00  2.51286e-07
      400.000      1650.00  2.27315e-07
      400.000      1675.00  2.05403e-07
      400.000      1700.00  1.85301e-07
      400.000      1725.00  1.67363e-07
      400.000      1750.00  1.51643e-07
      400.000      1775.00  1.38019e-07
      400.000      1800.00  1.26202e-07
      400.000      1825.00  1.15691e-07
      400.000      1850.00  1.06190e-07
      400.000      1875.00  9.74403e-08
      400.000      1900.00  8.92518e-08
      400.000      1925.00  8.16906e-08
      400.000      1950.00  7.49470e-08
      400.000      1975.00  6.90589e-08
      400.000      2000.00  6.39564e-08
      400.000      2025.00  5.95098e-08
      400.000      2050.00  5.55609e-08
      400.000      2075.00  5.16960e-08
      400.000      2100.00  4.81421e-08
      400.000      2125.00  4.47152e-08
      400.000      2150.00  4.14682e-08
      400.000      2175.00  3.84456e-08
      400.000      2200.00  3.56656e-08
      400.000      2225.00  3.31293e-08
      400.000      2250.00  3.08111e-08
      400.000      2275.00  2.86781e-08
      400.000      2300.00  2.66988e-08
      400.000      2325.00  2.48767e-08
      400.000      2350.00  2.31880e-08
      400.000      2375.00  2.16471e-08
      400.000      2400.00  2.02530e-08

