40 1.00 0.000000E+00
40 1.50 0.659283E-13
40 2.00 0.148253E-10
40 2.10 0.311911E-10
40 2.20 0.636050E-10
40 2.30 0.123168E-09
40 2.40 0.211456E-09
40 2.50 0.292554E-09
40 2.60 0.318339E-09
40 2.70 0.297903E-09
40 2.80 0.263781E-09
40 3.00 0.208081E-09
40 3.20 0.175662E-09
40 4.00 0.138416E-09
40 5.00 0.149126E-09
40 6.00 0.201948E-09
40 7.00 0.352282E-09
40 8.00 0.637656E-09
40 9.00 0.913586E-09
40 10.00 0.110051E-08
40 11.00 0.127294E-08
40 12.00 0.147475E-08
40 13.00 0.169874E-08
40 15.00 0.211026E-08
40 20.00 0.259602E-08
40 25.00 0.274905E-08
40 30.00 0.282281E-08
40 40.00 0.285457E-08
40 50.00 0.278487E-08
40 60.00 0.265719E-08
40 70.00 0.250085E-08
40 80.00 0.233212E-08
40 90.00 0.216375E-08
40 100.00 0.200102E-08

51.662 1.00 0.000000E+00
51.662 1.50 0.346542E-13
51.662 2.00 0.780821E-11
51.662 2.10 0.164343E-10
51.662 2.20 0.335262E-10
51.662 2.30 0.649475E-10
51.662 2.40 0.111547E-09
51.662 2.50 0.154389E-09
51.662 2.60 0.168063E-09
51.662 2.70 0.157336E-09
51.662 2.80 0.139369E-09
51.662 3.00 0.110027E-09
51.662 3.20 0.929573E-10
51.662 4.00 0.734733E-10
51.662 5.00 0.794281E-10
51.662 6.00 0.107769E-09
51.662 7.00 0.188098E-09
51.662 8.00 0.341002E-09
51.662 9.00 0.490168E-09
51.662 10.00 0.592961E-09
51.662 11.00 0.688997E-09
51.662 12.00 0.801849E-09
51.662 13.00 0.927625E-09
51.662 15.00 0.116144E-08
51.662 20.00 0.145347E-08
51.662 25.00 0.156322E-08
51.662 30.00 0.162855E-08
51.662 40.00 0.169030E-08
51.662 50.00 0.168636E-08
51.662 60.00 0.163999E-08
51.662 70.00 0.156847E-08
51.662 80.00 0.148235E-08
51.662 90.00 0.139063E-08
51.662 100.00 0.129776E-08

66.724 1.00 0.000000E+00
66.724 1.50 0.184577E-13
66.724 2.00 0.416530E-11
66.724 2.10 0.876963E-11
66.724 2.20 0.178957E-10
66.724 2.30 0.346784E-10
66.724 2.40 0.595784E-10
66.724 2.50 0.824861E-10
66.724 2.60 0.898193E-10
66.724 2.70 0.841122E-10
66.724 2.80 0.745302E-10
66.724 3.00 0.588749E-10
66.724 3.20 0.497715E-10
66.724 4.00 0.394342E-10
66.724 5.00 0.427443E-10
66.724 6.00 0.580854E-10
66.724 7.00 0.101430E-09
66.724 8.00 0.184115E-09
66.724 9.00 0.265342E-09
66.724 10.00 0.322063E-09
66.724 11.00 0.375577E-09
66.724 12.00 0.438664E-09
66.724 13.00 0.509215E-09
66.724 15.00 0.641595E-09
66.724 20.00 0.814151E-09
66.724 25.00 0.886940E-09
66.724 30.00 0.935326E-09
66.724 40.00 0.992925E-09
66.724 50.00 0.101085E-08
66.724 60.00 0.100093E-08
66.724 70.00 0.972653E-09
66.724 80.00 0.932230E-09
66.724 90.00 0.885328E-09
66.724 100.00 0.835049E-09

86.177 1.00 0.000000E+00
86.177 1.50 0.103764E-13
86.177 2.00 0.234445E-11
86.177 2.10 0.493718E-11
86.177 2.20 0.100774E-10
86.177 2.30 0.195329E-10
86.177 2.40 0.335660E-10
86.177 2.50 0.464831E-10
86.177 2.60 0.506277E-10
86.177 2.70 0.474222E-10
86.177 2.80 0.420299E-10
86.177 3.00 0.332172E-10
86.177 3.20 0.280945E-10
86.177 4.00 0.223012E-10
86.177 5.00 0.242238E-10
86.177 6.00 0.329582E-10
86.177 7.00 0.575763E-10
86.177 8.00 0.104617E-09
86.177 9.00 0.151082E-09
86.177 10.00 0.183862E-09
86.177 11.00 0.215022E-09
86.177 12.00 0.251853E-09
86.177 13.00 0.293152E-09
86.177 15.00 0.371215E-09
86.177 20.00 0.476339E-09
86.177 25.00 0.524374E-09
86.177 30.00 0.558561E-09
86.177 40.00 0.604318E-09
86.177 50.00 0.626106E-09
86.177 60.00 0.630030E-09
86.177 70.00 0.621336E-09
86.177 80.00 0.603586E-09
86.177 90.00 0.580275E-09
86.177 100.00 0.553417E-09

111.302 1.00 0.000000E+00
111.302 1.50 0.660538E-14
111.302 2.00 0.149383E-11
111.302 2.10 0.314645E-11
111.302 2.20 0.642352E-11
111.302 2.30 0.124529E-10
111.302 2.40 0.214034E-10
111.302 2.50 0.296456E-10
111.302 2.60 0.322949E-10
111.302 2.70 0.302558E-10
111.302 2.80 0.268204E-10
111.302 3.00 0.212047E-10
111.302 3.20 0.179411E-10
111.302 4.00 0.142624E-10
111.302 5.00 0.155173E-10
111.302 6.00 0.211328E-10
111.302 7.00 0.369306E-10
111.302 8.00 0.671573E-10
111.302 9.00 0.971415E-10
111.302 10.00 0.118463E-09
111.302 11.00 0.138849E-09
111.302 12.00 0.162995E-09
111.302 13.00 0.190129E-09
111.302 15.00 0.241713E-09
111.302 20.00 0.312931E-09
111.302 25.00 0.347398E-09
111.302 30.00 0.373082E-09
111.302 40.00 0.410019E-09
111.302 50.00 0.431123E-09
111.302 60.00 0.439889E-09
111.302 70.00 0.439506E-09
111.302 80.00 0.432185E-09
111.302 90.00 0.420248E-09
111.302 100.00 0.405067E-09

143.753 1.00 0.000000E+00
143.753 1.50 0.478886E-14
143.753 2.00 0.108383E-11
143.753 2.10 0.228319E-11
143.753 2.20 0.466183E-11
143.753 2.30 0.903891E-11
143.753 2.40 0.155379E-10
143.753 2.50 0.215245E-10
143.753 2.60 0.234514E-10
143.753 2.70 0.219738E-10
143.753 2.80 0.194817E-10
143.753 3.00 0.154070E-10
143.753 3.20 0.130395E-10
143.753 4.00 0.103776E-10
143.753 5.00 0.113050E-10
143.753 6.00 0.154079E-10
143.753 7.00 0.269336E-10
143.753 8.00 0.490092E-10
143.753 9.00 0.709803E-10
143.753 10.00 0.866998E-10
143.753 11.00 0.101798E-09
143.753 12.00 0.119709E-09
143.753 13.00 0.139872E-09
143.753 15.00 0.178375E-09
143.753 20.00 0.232561E-09
143.753 25.00 0.259913E-09
143.753 30.00 0.280969E-09
143.753 40.00 0.312744E-09
143.753 50.00 0.332870E-09
143.753 60.00 0.343610E-09
143.753 70.00 0.347138E-09
143.753 80.00 0.344982E-09
143.753 90.00 0.338842E-09
143.753 100.00 0.329736E-09

185.664 1.00 0.000000E+00
185.664 1.50 0.356503E-14
185.664 2.00 0.807326E-12
185.664 2.10 0.170091E-11
185.664 2.20 0.347332E-11
185.664 2.30 0.673522E-11
185.664 2.40 0.115792E-10
185.664 2.50 0.160423E-10
185.664 2.60 0.174804E-10
185.664 2.70 0.163808E-10
185.664 2.80 0.145246E-10
185.664 3.00 0.114893E-10
185.664 3.20 0.972597E-11
185.664 4.00 0.774733E-11
185.664 5.00 0.844803E-11
185.664 6.00 0.115209E-10
185.664 7.00 0.201436E-10
185.664 8.00 0.366721E-10
185.664 9.00 0.531649E-10
185.664 10.00 0.650212E-10
185.664 11.00 0.764485E-10
185.664 12.00 0.900221E-10
185.664 13.00 0.105323E-09
185.664 15.00 0.134642E-09
185.664 20.00 0.176517E-09
185.664 25.00 0.198326E-09
185.664 30.00 0.215513E-09
185.664 40.00 0.242343E-09
185.664 50.00 0.260493E-09
185.664 60.00 0.271470E-09
185.664 70.00 0.276789E-09
185.664 80.00 0.277519E-09
185.664 90.00 0.274919E-09
185.664 100.00 0.269743E-09

239.794 1.00 0.000000E+00
239.794 1.50 0.248740E-14
239.794 2.00 0.563554E-12
239.794 2.10 0.118742E-11
239.794 2.20 0.242497E-11
239.794 2.30 0.470275E-11
239.794 2.40 0.808566E-11
239.794 2.50 0.112032E-10
239.794 2.60 0.122086E-10
239.794 2.70 0.114416E-10
239.794 2.80 0.101460E-10
239.794 3.00 0.802707E-11
239.794 3.20 0.679628E-11
239.794 4.00 0.541736E-11
239.794 5.00 0.591186E-11
239.794 6.00 0.806603E-11
239.794 7.00 0.141054E-10
239.794 8.00 0.256895E-10
239.794 9.00 0.372717E-10
239.794 10.00 0.456284E-10
239.794 11.00 0.537044E-10
239.794 12.00 0.633070E-10
239.794 13.00 0.741426E-10
239.794 15.00 0.949627E-10
239.794 20.00 0.125036E-09
239.794 25.00 0.141071E-09
239.794 30.00 0.153927E-09
239.794 40.00 0.174494E-09
239.794 50.00 0.189045E-09
239.794 60.00 0.198528E-09
239.794 70.00 0.203936E-09
239.794 80.00 0.205967E-09
239.794 90.00 0.205488E-09
239.794 100.00 0.203013E-09

309.705 1.00 0.000000E+00
309.705 1.50 0.159489E-14
309.705 2.00 0.361477E-12
309.705 2.10 0.761692E-12
309.705 2.20 0.155564E-11
309.705 2.30 0.301707E-11
309.705 2.40 0.518773E-11
309.705 2.50 0.718840E-11
309.705 2.60 0.783402E-11
309.705 2.70 0.734237E-11
309.705 2.80 0.651137E-11
309.705 3.00 0.515222E-11
309.705 3.20 0.436282E-11
309.705 4.00 0.347947E-11
309.705 5.00 0.379934E-11
309.705 6.00 0.518564E-11
309.705 7.00 0.906964E-11
309.705 8.00 0.165231E-10
309.705 9.00 0.239870E-10
309.705 10.00 0.293876E-10
309.705 11.00 0.346176E-10
309.705 12.00 0.408410E-10
309.705 13.00 0.478694E-10
309.705 15.00 0.614024E-10
309.705 20.00 0.811209E-10
309.705 25.00 0.918227E-10
309.705 30.00 0.100514E-09
309.705 40.00 0.114672E-09
309.705 50.00 0.125013E-09
309.705 60.00 0.132090E-09
309.705 70.00 0.136505E-09
309.705 80.00 0.138679E-09
309.705 90.00 0.139156E-09
309.705 100.00 0.138259E-09

400 1.00 0.000000E+00
400 1.50 0.956110E-15
400 2.00 0.216762E-12
400 2.10 0.456777E-12
400 2.20 0.932948E-12
400 2.30 0.180948E-11
400 2.40 0.311150E-11
400 2.50 0.431169E-11
400 2.60 0.469919E-11
400 2.70 0.440450E-11
400 2.80 0.390621E-11
400 3.00 0.309117E-11
400 3.20 0.261782E-11
400 4.00 0.208865E-11
400 5.00 0.228171E-11
400 6.00 0.311514E-11
400 7.00 0.544897E-11
400 8.00 0.992934E-11
400 9.00 0.144213E-10
400 10.00 0.176787E-10
400 11.00 0.208383E-10
400 12.00 0.246003E-10
400 13.00 0.288516E-10
400 15.00 0.370508E-10
400 20.00 0.490781E-10
400 25.00 0.556941E-10
400 30.00 0.611200E-10
400 40.00 0.700781E-10
400 50.00 0.767749E-10
400 60.00 0.815157E-10
400 70.00 0.846441E-10
400 80.00 0.863978E-10
400 90.00 0.870982E-10
400 100.00 0.869328E-10

