40 254.39 0.281414E-08
40 264.39 0.510606E-08
40 274.39 0.938983E-08
40 284.39 0.175875E-07
40 294.39 0.337295E-07
40 304.39 0.669204E-07
40 314.39 0.139746E-06
40 324.39 0.318487E-06
40 329.39 0.507658E-06
40 334.39 0.844186E-06
40 339.39 0.126654E-05
40 341.39 0.126449E-05
40 342.39 0.121106E-05
40 343.39 0.115693E-05
40 344.39 0.113219E-05
40 345.39 0.113378E-05
40 346.39 0.110307E-05
40 347.39 0.105218E-05
40 348.39 0.114113E-05
40 349.39 0.151484E-05
40 350.39 0.279084E-05
40 351.19 0.938383E-05
40 351.39 0.107941E-04
40 351.59 0.539180E-05
40 351.69 0.304971E-05
40 351.79 0.164485E-05
40 351.89 0.863788E-06
40 351.99 0.438785E-06
40 352.09 0.209907E-06
40 352.19 0.900151E-07
40 352.29 0.313061E-07
40 352.39 0.690440E-08
40 352.89 0.393274E-13
40 353.39 0.000000E+00
40 355.39 0.000000E+00
40 355.89 0.176685E-08
40 356.39 0.225987E-06
40 356.49 0.432141E-06
40 356.59 0.804586E-06
40 356.69 0.142842E-05
40 356.79 0.225686E-05
40 356.89 0.288350E-05
40 356.99 0.290690E-05
40 357.09 0.252766E-05
40 357.19 0.208539E-05
40 357.39 0.143903E-05
40 357.59 0.107277E-05
40 358.39 0.555541E-06
40 359.39 0.436927E-06
40 360.39 0.599979E-06
40 361.39 0.118440E-05
40 362.39 0.205523E-05
40 363.39 0.245637E-05
40 364.39 0.232887E-05
40 365.39 0.208503E-05
40 366.39 0.188387E-05
40 367.39 0.173215E-05
40 369.39 0.150021E-05
40 374.39 0.106001E-05
40 379.39 0.787397E-06
40 384.39 0.617561E-06
40 394.39 0.420280E-06
40 404.39 0.309485E-06
40 414.39 0.238934E-06
40 424.39 0.190484E-06
40 434.39 0.155302E-06
40 444.39 0.128955E-06
40 454.39 0.108552E-06

51.662 254.39 0.426116E-08
51.662 264.39 0.712988E-08
51.662 274.39 0.120907E-07
51.662 284.39 0.208825E-07
51.662 294.39 0.369287E-07
51.662 304.39 0.675586E-07
51.662 314.39 0.130085E-06
51.662 324.39 0.273367E-06
51.662 329.39 0.418418E-06
51.662 334.39 0.668117E-06
51.662 339.39 0.962284E-06
51.662 341.39 0.944811E-06
51.662 342.39 0.897188E-06
51.662 343.39 0.849650E-06
51.662 344.39 0.824202E-06
51.662 345.39 0.818342E-06
51.662 346.39 0.790091E-06
51.662 347.39 0.748651E-06
51.662 348.39 0.806407E-06
51.662 349.39 0.106235E-05
51.662 350.39 0.194153E-05
51.662 351.19 0.648577E-05
51.662 351.39 0.744844E-05
51.662 351.59 0.371490E-05
51.662 351.69 0.209985E-05
51.662 351.79 0.113201E-05
51.662 351.89 0.594323E-06
51.662 351.99 0.301855E-06
51.662 352.09 0.144372E-06
51.662 352.19 0.619098E-07
51.662 352.29 0.215523E-07
51.662 352.39 0.478218E-08
51.662 352.89 0.476527E-12
51.662 353.39 0.000000E+00
51.662 355.39 0.000000E+00
51.662 355.89 0.119052E-08
51.662 356.39 0.152272E-06
51.662 356.49 0.291181E-06
51.662 356.59 0.542137E-06
51.662 356.69 0.962485E-06
51.662 356.79 0.152069E-05
51.662 356.89 0.194293E-05
51.662 356.99 0.195869E-05
51.662 357.09 0.170316E-05
51.662 357.19 0.140515E-05
51.662 357.39 0.969632E-06
51.662 357.59 0.722834E-06
51.662 358.39 0.374259E-06
51.662 359.39 0.293825E-06
51.662 360.39 0.401627E-06
51.662 361.39 0.789984E-06
51.662 362.39 0.136902E-05
51.662 363.39 0.163590E-05
51.662 364.39 0.155142E-05
51.662 365.39 0.138971E-05
51.662 366.39 0.125643E-05
51.662 367.39 0.115596E-05
51.662 369.39 0.100208E-05
51.662 374.39 0.708503E-06
51.662 379.39 0.526292E-06
51.662 384.39 0.412750E-06
51.662 394.39 0.280870E-06
51.662 404.39 0.206815E-06
51.662 414.39 0.159663E-06
51.662 424.39 0.127284E-06
51.662 434.39 0.103773E-06
51.662 444.39 0.861662E-07
51.662 454.39 0.725322E-07

66.724 254.39 0.536044E-08
66.724 264.39 0.842782E-08
66.724 274.39 0.134276E-07
66.724 284.39 0.217874E-07
66.724 294.39 0.361934E-07
66.724 304.39 0.621963E-07
66.724 314.39 0.112489E-06
66.724 324.39 0.222029E-06
66.724 329.39 0.329351E-06
66.724 334.39 0.509660E-06
66.724 339.39 0.711330E-06
66.724 341.39 0.689580E-06
66.724 342.39 0.650605E-06
66.724 343.39 0.612115E-06
66.724 344.39 0.589883E-06
66.724 345.39 0.581902E-06
66.724 346.39 0.558400E-06
66.724 347.39 0.526139E-06
66.724 348.39 0.563486E-06
66.724 349.39 0.737806E-06
66.724 350.39 0.133986E-05
66.724 351.19 0.445243E-05
66.724 351.39 0.510719E-05
66.724 351.59 0.254602E-05
66.724 351.69 0.144022E-05
66.724 351.79 0.778205E-06
66.724 351.89 0.410326E-06
66.724 351.99 0.209453E-06
66.724 352.09 0.100639E-06
66.724 352.19 0.434178E-07
66.724 352.29 0.153337E-07
66.724 352.39 0.359548E-08
66.724 352.89 0.300561E-11
66.724 353.39 0.000000E+00
66.724 355.39 0.000000E+00
66.724 355.89 0.804854E-09
66.724 356.39 0.102945E-06
66.724 356.49 0.196855E-06
66.724 356.59 0.366516E-06
66.724 356.69 0.650697E-06
66.724 356.79 0.102808E-05
66.724 356.89 0.131354E-05
66.724 356.99 0.132420E-05
66.724 357.09 0.115144E-05
66.724 357.19 0.949971E-06
66.724 357.39 0.655531E-06
66.724 357.59 0.488676E-06
66.724 358.39 0.252975E-06
66.724 359.39 0.198232E-06
66.724 360.39 0.269643E-06
66.724 361.39 0.528328E-06
66.724 362.39 0.914284E-06
66.724 363.39 0.109229E-05
66.724 364.39 0.103621E-05
66.724 365.39 0.928728E-06
66.724 366.39 0.840233E-06
66.724 367.39 0.773565E-06
66.724 369.39 0.671259E-06
66.724 374.39 0.474946E-06
66.724 379.39 0.352808E-06
66.724 384.39 0.276681E-06
66.724 394.39 0.188266E-06
66.724 404.39 0.138623E-06
66.724 414.39 0.107017E-06
66.724 424.39 0.853134E-07
66.724 434.39 0.695549E-07
66.724 444.39 0.577535E-07
66.724 454.39 0.486151E-07

86.177 254.39 0.576132E-08
86.177 264.39 0.863996E-08
86.177 274.39 0.131276E-07
86.177 284.39 0.203101E-07
86.177 294.39 0.321655E-07
86.177 304.39 0.526891E-07
86.177 314.39 0.908258E-07
86.177 324.39 0.170844E-06
86.177 329.39 0.247387E-06
86.177 334.39 0.373706E-06
86.177 339.39 0.509368E-06
86.177 341.39 0.489393E-06
86.177 342.39 0.459768E-06
86.177 343.39 0.430784E-06
86.177 344.39 0.413434E-06
86.177 345.39 0.406035E-06
86.177 346.39 0.387514E-06
86.177 347.39 0.362697E-06
86.177 348.39 0.385930E-06
86.177 349.39 0.502467E-06
86.177 350.39 0.907423E-06
86.177 351.19 0.300017E-05
86.177 351.39 0.343914E-05
86.177 351.59 0.171980E-05
86.177 351.69 0.979275E-06
86.177 351.79 0.536785E-06
86.177 351.89 0.289841E-06
86.177 351.99 0.151933E-06
86.177 352.09 0.747528E-07
86.177 352.19 0.332151E-07
86.177 352.29 0.124942E-07
86.177 352.39 0.357592E-08
86.177 352.89 0.112699E-10
86.177 353.39 0.000000E+00
86.177 355.39 0.000000E+00
86.177 355.89 0.547075E-09
86.177 356.39 0.699744E-07
86.177 356.49 0.133808E-06
86.177 356.59 0.249133E-06
86.177 356.69 0.442301E-06
86.177 356.79 0.698824E-06
86.177 356.89 0.892864E-06
86.177 356.99 0.900111E-06
86.177 357.09 0.782686E-06
86.177 357.19 0.645739E-06
86.177 357.39 0.445596E-06
86.177 357.59 0.332171E-06
86.177 358.39 0.171896E-06
86.177 359.39 0.134185E-06
86.177 360.39 0.180702E-06
86.177 361.39 0.351219E-06
86.177 362.39 0.605999E-06
86.177 363.39 0.723684E-06
86.177 364.39 0.686979E-06
86.177 365.39 0.616473E-06
86.177 366.39 0.558545E-06
86.177 367.39 0.514962E-06
86.177 369.39 0.447799E-06
86.177 374.39 0.317339E-06
86.177 379.39 0.235758E-06
86.177 384.39 0.184882E-06
86.177 394.39 0.125800E-06
86.177 404.39 0.926318E-07
86.177 414.39 0.715157E-07
86.177 424.39 0.570157E-07
86.177 434.39 0.464871E-07
86.177 444.39 0.386016E-07
86.177 454.39 0.324953E-07

111.302 254.39 0.531697E-08
111.302 264.39 0.769732E-08
111.302 274.39 0.112874E-07
111.302 284.39 0.168499E-07
111.302 294.39 0.257430E-07
111.302 304.39 0.406708E-07
111.302 314.39 0.676040E-07
111.302 324.39 0.122590E-06
111.302 329.39 0.174274E-06
111.302 334.39 0.258480E-06
111.302 339.39 0.346530E-06
111.302 341.39 0.331501E-06
111.302 342.39 0.311068E-06
111.302 343.39 0.291306E-06
111.302 344.39 0.279472E-06
111.302 345.39 0.273980E-06
111.302 346.39 0.259819E-06
111.302 347.39 0.240303E-06
111.302 348.39 0.252881E-06
111.302 349.39 0.326887E-06
111.302 350.39 0.586646E-06
111.302 351.19 0.192607E-05
111.302 351.39 0.220863E-05
111.302 351.59 0.111879E-05
111.302 351.69 0.651704E-06
111.302 351.79 0.374025E-06
111.302 351.89 0.216539E-06
111.302 351.99 0.121812E-06
111.302 352.09 0.634895E-07
111.302 352.19 0.301165E-07
111.302 352.29 0.127834E-07
111.302 352.39 0.480925E-08
111.302 352.89 0.271777E-10
111.302 353.39 0.000000E+00
111.302 355.39 0.000000E+00
111.302 355.89 0.374851E-09
111.302 356.39 0.479473E-07
111.302 356.49 0.916879E-07
111.302 356.59 0.170712E-06
111.302 356.69 0.303078E-06
111.302 356.79 0.478860E-06
111.302 356.89 0.611828E-06
111.302 356.99 0.616800E-06
111.302 357.09 0.536339E-06
111.302 357.19 0.442499E-06
111.302 357.39 0.305352E-06
111.302 357.59 0.227616E-06
111.302 358.39 0.117691E-06
111.302 359.39 0.910215E-07
111.302 360.39 0.119549E-06
111.302 361.39 0.227591E-06
111.302 362.39 0.389653E-06
111.302 363.39 0.464812E-06
111.302 364.39 0.442010E-06
111.302 365.39 0.397917E-06
111.302 366.39 0.361906E-06
111.302 367.39 0.334912E-06
111.302 369.39 0.292827E-06
111.302 374.39 0.208367E-06
111.302 379.39 0.154848E-06
111.302 384.39 0.121428E-06
111.302 394.39 0.826268E-07
111.302 404.39 0.608524E-07
111.302 414.39 0.469920E-07
111.302 424.39 0.374739E-07
111.302 434.39 0.305620E-07
111.302 444.39 0.253836E-07
111.302 454.39 0.213730E-07

143.753 254.39 0.417736E-08
143.753 264.39 0.589301E-08
143.753 274.39 0.841871E-08
143.753 284.39 0.122402E-07
143.753 294.39 0.182087E-07
143.753 304.39 0.280041E-07
143.753 314.39 0.453001E-07
143.753 324.39 0.799074E-07
143.753 329.39 0.112019E-06
143.753 334.39 0.163880E-06
143.753 339.39 0.217615E-06
143.753 341.39 0.208487E-06
143.753 342.39 0.196225E-06
143.753 343.39 0.184583E-06
143.753 344.39 0.177931E-06
143.753 345.39 0.174697E-06
143.753 346.39 0.164212E-06
143.753 347.39 0.148637E-06
143.753 348.39 0.153305E-06
143.753 349.39 0.195986E-06
143.753 350.39 0.348613E-06
143.753 351.19 0.113106E-05
143.753 351.39 0.129961E-05
143.753 351.59 0.679220E-06
143.753 351.69 0.416139E-06
143.753 351.79 0.261650E-06
143.753 351.89 0.170352E-06
143.753 351.99 0.105841E-06
143.753 352.09 0.591588E-07
143.753 352.19 0.300796E-07
143.753 352.29 0.142073E-07
143.753 352.39 0.635257E-08
143.753 352.89 0.438657E-10
143.753 353.39 0.000000E+00
143.753 355.39 0.000000E+00
143.753 355.89 0.256096E-09
143.753 356.39 0.327592E-07
143.753 356.49 0.626451E-07
143.753 356.59 0.116640E-06
143.753 356.69 0.207083E-06
143.753 356.79 0.327193E-06
143.753 356.89 0.418054E-06
143.753 356.99 0.421458E-06
143.753 357.09 0.366486E-06
143.753 357.19 0.302369E-06
143.753 357.39 0.208656E-06
143.753 357.59 0.155527E-06
143.753 358.39 0.802997E-07
143.753 359.39 0.610872E-07
143.753 360.39 0.765808E-07
143.753 361.39 0.139886E-06
143.753 362.39 0.235655E-06
143.753 363.39 0.280453E-06
143.753 364.39 0.267677E-06
143.753 365.39 0.242591E-06
143.753 366.39 0.222386E-06
143.753 367.39 0.207373E-06
143.753 369.39 0.183323E-06
143.753 374.39 0.131513E-06
143.753 379.39 0.977938E-07
143.753 384.39 0.766826E-07
143.753 394.39 0.521851E-07
143.753 404.39 0.384494E-07
143.753 414.39 0.297089E-07
143.753 424.39 0.237063E-07
143.753 434.39 0.193463E-07
143.753 444.39 0.160779E-07
143.753 454.39 0.135455E-07

185.664 254.39 0.280271E-08
185.664 264.39 0.388016E-08
185.664 274.39 0.543879E-08
185.664 284.39 0.775685E-08
185.664 294.39 0.113162E-07
185.664 304.39 0.170628E-07
185.664 314.39 0.270512E-07
185.664 324.39 0.467398E-07
185.664 329.39 0.648322E-07
185.664 334.39 0.938901E-07
185.664 339.39 0.124253E-06
185.664 341.39 0.119881E-06
185.664 342.39 0.113615E-06
185.664 343.39 0.107839E-06
185.664 344.39 0.104916E-06
185.664 345.39 0.103445E-06
185.664 346.39 0.961665E-07
185.664 347.39 0.844044E-07
185.664 348.39 0.844956E-07
185.664 349.39 0.106312E-06
185.664 350.39 0.186726E-06
185.664 351.19 0.594509E-06
185.664 351.39 0.686000E-06
185.664 351.59 0.378505E-06
185.664 351.69 0.250742E-06
185.664 351.79 0.177568E-06
185.664 351.89 0.130623E-06
185.664 351.99 0.882330E-07
185.664 352.09 0.518708E-07
185.664 352.19 0.275757E-07
185.664 352.29 0.138241E-07
185.664 352.39 0.668377E-08
185.664 352.89 0.494689E-10
185.664 353.39 0.000000E+00
185.664 355.39 0.000000E+00
185.664 355.89 0.168171E-09
185.664 356.39 0.215138E-07
185.664 356.49 0.411417E-07
185.664 356.59 0.766040E-07
185.664 356.69 0.136006E-06
185.664 356.79 0.214897E-06
185.664 356.89 0.274579E-06
185.664 356.99 0.276821E-06
185.664 357.09 0.240720E-06
185.664 357.19 0.198611E-06
185.664 357.39 0.137059E-06
185.664 357.59 0.102154E-06
185.664 358.39 0.526560E-07
185.664 359.39 0.392895E-07
185.664 360.39 0.464415E-07
185.664 361.39 0.800642E-07
185.664 362.39 0.131642E-06
185.664 363.39 0.156103E-06
185.664 364.39 0.149833E-06
185.664 365.39 0.137173E-06
185.664 366.39 0.127236E-06
185.664 367.39 0.119975E-06
185.664 369.39 0.107746E-06
185.664 374.39 0.781853E-07
185.664 379.39 0.581935E-07
185.664 384.39 0.456311E-07
185.664 394.39 0.310648E-07
185.664 404.39 0.229072E-07
185.664 414.39 0.177185E-07
185.664 424.39 0.141546E-07
185.664 434.39 0.115651E-07
185.664 444.39 0.962209E-08
185.664 454.39 0.811562E-08

239.794 254.39 0.165658E-08
239.794 264.39 0.226245E-08
239.794 274.39 0.312791E-08
239.794 284.39 0.439916E-08
239.794 294.39 0.632727E-08
239.794 304.39 0.940345E-08
239.794 314.39 0.146891E-07
239.794 324.39 0.249917E-07
239.794 329.39 0.343897E-07
239.794 334.39 0.494344E-07
239.794 339.39 0.654702E-07
239.794 341.39 0.638082E-07
239.794 342.39 0.610051E-07
239.794 343.39 0.585320E-07
239.794 344.39 0.575568E-07
239.794 345.39 0.570397E-07
239.794 346.39 0.524325E-07
239.794 347.39 0.444940E-07
239.794 348.39 0.430241E-07
239.794 349.39 0.531088E-07
239.794 350.39 0.918058E-07
239.794 351.19 0.284879E-06
239.794 351.39 0.330833E-06
239.794 351.59 0.196441E-06
239.794 351.69 0.142514E-06
239.794 351.79 0.113014E-06
239.794 351.89 0.912230E-07
239.794 351.99 0.649906E-07
239.794 352.09 0.393247E-07
239.794 352.19 0.214056E-07
239.794 352.29 0.110487E-07
239.794 352.39 0.553009E-08
239.794 352.89 0.420655E-10
239.794 353.39 0.000000E+00
239.794 355.39 0.000000E+00
239.794 355.89 0.102608E-09
239.794 356.39 0.131279E-07
239.794 356.49 0.251057E-07
239.794 356.59 0.467470E-07
239.794 356.69 0.829991E-07
239.794 356.79 0.131146E-06
239.794 356.89 0.167574E-06
239.794 356.99 0.168947E-06
239.794 357.09 0.146918E-06
239.794 357.19 0.121221E-06
239.794 357.39 0.836567E-07
239.794 357.59 0.623490E-07
239.794 358.39 0.320966E-07
239.794 359.39 0.235605E-07
239.794 360.39 0.263923E-07
239.794 361.39 0.428779E-07
239.794 362.39 0.686144E-07
239.794 363.39 0.810274E-07
239.794 364.39 0.782795E-07
239.794 365.39 0.724924E-07
239.794 366.39 0.681228E-07
239.794 367.39 0.650141E-07
239.794 369.39 0.593677E-07
239.794 374.39 0.435974E-07
239.794 379.39 0.324883E-07
239.794 384.39 0.254812E-07
239.794 394.39 0.173621E-07
239.794 404.39 0.128200E-07
239.794 414.39 0.993186E-08
239.794 424.39 0.794753E-08
239.794 434.39 0.650483E-08
239.794 444.39 0.542100E-08
239.794 454.39 0.457990E-08

309.705 254.39 0.903282E-09
309.705 264.39 0.122154E-08
309.705 274.39 0.167207E-08
309.705 284.39 0.232791E-08
309.705 294.39 0.331383E-08
309.705 304.39 0.487333E-08
309.705 314.39 0.753056E-08
309.705 324.39 0.126667E-07
309.705 329.39 0.173260E-07
309.705 334.39 0.247709E-07
309.705 339.39 0.328934E-07
309.705 341.39 0.323907E-07
309.705 342.39 0.312274E-07
309.705 343.39 0.302582E-07
309.705 344.39 0.300353E-07
309.705 345.39 0.298964E-07
309.705 346.39 0.272178E-07
309.705 347.39 0.224116E-07
309.705 348.39 0.209662E-07
309.705 349.39 0.253846E-07
309.705 350.39 0.431181E-07
309.705 351.19 0.129772E-06
309.705 351.39 0.151927E-06
309.705 351.59 0.980495E-07
309.705 351.69 0.776111E-07
309.705 351.79 0.673191E-07
309.705 351.89 0.577862E-07
309.705 351.99 0.424776E-07
309.705 352.09 0.261134E-07
309.705 352.19 0.143925E-07
309.705 352.29 0.753962E-08
309.705 352.39 0.383738E-08
309.705 352.89 0.295556E-10
309.705 353.39 0.000000E+00
309.705 355.39 0.000000E+00
309.705 355.89 0.581788E-10
309.705 356.39 0.744443E-08
309.705 356.49 0.142371E-07
309.705 356.59 0.265103E-07
309.705 356.69 0.470704E-07
309.705 356.79 0.743778E-07
309.705 356.89 0.950402E-07
309.705 356.99 0.958216E-07
309.705 357.09 0.833300E-07
309.705 357.19 0.687569E-07
309.705 357.39 0.474527E-07
309.705 357.59 0.353661E-07
309.705 358.39 0.181911E-07
309.705 359.39 0.132014E-07
309.705 360.39 0.142053E-07
309.705 361.39 0.219702E-07
309.705 362.39 0.343114E-07
309.705 363.39 0.403648E-07
309.705 364.39 0.392324E-07
309.705 365.39 0.367152E-07
309.705 366.39 0.349063E-07
309.705 367.39 0.336664E-07
309.705 369.39 0.311831E-07
309.705 374.39 0.231346E-07
309.705 379.39 0.172623E-07
309.705 384.39 0.135465E-07
309.705 394.39 0.924301E-08
309.705 404.39 0.683712E-08
309.705 414.39 0.530736E-08
309.705 424.39 0.425576E-08
309.705 434.39 0.349059E-08
309.705 444.39 0.291498E-08
309.705 454.39 0.246778E-08

400 254.39 0.472544E-09
400 264.39 0.634467E-09
400 274.39 0.862196E-09
400 284.39 0.119155E-08
400 294.39 0.168348E-08
400 304.39 0.245679E-08
400 314.39 0.376640E-08
400 324.39 0.628206E-08
400 329.39 0.855468E-08
400 334.39 0.121822E-07
400 339.39 0.162261E-07
400 341.39 0.161205E-07
400 342.39 0.156479E-07
400 343.39 0.152802E-07
400 344.39 0.152761E-07
400 345.39 0.152539E-07
400 346.39 0.137839E-07
400 347.39 0.110827E-07
400 348.39 0.100840E-07
400 349.39 0.119984E-07
400 350.39 0.200297E-07
400 351.19 0.583518E-07
400 351.39 0.689286E-07
400 351.59 0.483672E-07
400 351.69 0.412348E-07
400 351.79 0.381750E-07
400 351.89 0.340834E-07
400 351.99 0.255229E-07
400 352.09 0.158328E-07
400 352.19 0.878716E-08
400 352.29 0.464050E-08
400 352.39 0.238297E-08
400 352.89 0.184714E-10
400 353.39 0.000000E+00
400 355.39 0.000000E+00
400 355.89 0.313569E-10
400 356.39 0.401284E-08
400 356.49 0.767456E-08
400 356.59 0.142909E-07
400 356.69 0.253750E-07
400 356.79 0.400971E-07
400 356.89 0.512377E-07
400 356.99 0.516605E-07
400 357.09 0.449271E-07
400 357.19 0.370712E-07
400 357.39 0.255860E-07
400 357.59 0.190693E-07
400 358.39 0.980413E-08
400 359.39 0.706243E-08
400 360.39 0.739373E-08
400 361.39 0.110273E-07
400 362.39 0.168946E-07
400 363.39 0.198150E-07
400 364.39 0.193545E-07
400 365.39 0.182657E-07
400 366.39 0.175256E-07
400 367.39 0.170413E-07
400 369.39 0.159560E-07
400 374.39 0.119311E-07
400 379.39 0.891427E-08
400 384.39 0.700067E-08
400 394.39 0.478487E-08
400 404.39 0.354652E-08
400 414.39 0.275895E-08
400 424.39 0.221720E-08
400 434.39 0.182265E-08
400 444.39 0.152546E-08
400 454.39 0.129429E-08

