40 254.39 0.122118E-08
40 264.39 0.221484E-08
40 274.39 0.407084E-08
40 284.39 0.762002E-08
40 294.39 0.146003E-07
40 304.39 0.289300E-07
40 314.39 0.602952E-07
40 324.39 0.136978E-06
40 329.39 0.217882E-06
40 334.39 0.362208E-06
40 339.39 0.556253E-06
40 341.39 0.579797E-06
40 342.39 0.577056E-06
40 343.39 0.579665E-06
40 344.39 0.598453E-06
40 345.39 0.618971E-06
40 346.39 0.581745E-06
40 347.39 0.490697E-06
40 348.39 0.471915E-06
40 349.39 0.596057E-06
40 350.39 0.108727E-05
40 351.19 0.365328E-05
40 351.39 0.420222E-05
40 351.59 0.209906E-05
40 351.69 0.118727E-05
40 351.79 0.640346E-06
40 351.89 0.336271E-06
40 351.99 0.170815E-06
40 352.09 0.817132E-07
40 352.19 0.350402E-07
40 352.29 0.121855E-07
40 352.39 0.268647E-08
40 352.89 0.920949E-14
40 353.39 0.000000E+00
40 355.39 0.000000E+00
40 355.89 0.157484E-08
40 356.39 0.201428E-06
40 356.49 0.385178E-06
40 356.59 0.717148E-06
40 356.69 0.127319E-05
40 356.79 0.201160E-05
40 356.89 0.257014E-05
40 356.99 0.259099E-05
40 357.09 0.225297E-05
40 357.19 0.185876E-05
40 357.39 0.128254E-05
40 357.59 0.955663E-06
40 358.39 0.491171E-06
40 359.39 0.356377E-06
40 360.39 0.384288E-06
40 361.39 0.596129E-06
40 362.39 0.931948E-06
40 363.39 0.109559E-05
40 364.39 0.106321E-05
40 365.39 0.993093E-06
40 366.39 0.942280E-06
40 367.39 0.907094E-06
40 369.39 0.837518E-06
40 374.39 0.617783E-06
40 379.39 0.458720E-06
40 384.39 0.358291E-06
40 394.39 0.242269E-06
40 404.39 0.177677E-06
40 414.39 0.136805E-06
40 424.39 0.108855E-06
40 434.39 0.886317E-07
40 444.39 0.735042E-07
40 454.39 0.618191E-07

51.662 254.39 0.184694E-08
51.662 264.39 0.308912E-08
51.662 274.39 0.523570E-08
51.662 284.39 0.903721E-08
51.662 294.39 0.159668E-07
51.662 304.39 0.291729E-07
51.662 314.39 0.560646E-07
51.662 324.39 0.117446E-06
51.662 329.39 0.179392E-06
51.662 334.39 0.286362E-06
51.662 339.39 0.422087E-06
51.662 341.39 0.432509E-06
51.662 342.39 0.426681E-06
51.662 343.39 0.424767E-06
51.662 344.39 0.434597E-06
51.662 345.39 0.445631E-06
51.662 346.39 0.415675E-06
51.662 347.39 0.348530E-06
51.662 348.39 0.333266E-06
51.662 349.39 0.417974E-06
51.662 350.39 0.756423E-06
51.662 351.19 0.252517E-05
51.662 351.39 0.289990E-05
51.662 351.59 0.144626E-05
51.662 351.69 0.817448E-06
51.662 351.79 0.440617E-06
51.662 351.89 0.231276E-06
51.662 351.99 0.117432E-06
51.662 352.09 0.561510E-07
51.662 352.19 0.240705E-07
51.662 352.29 0.837285E-08
51.662 352.39 0.185211E-08
51.662 352.89 0.111707E-12
51.662 353.39 0.000000E+00
51.662 355.39 0.000000E+00
51.662 355.89 0.106083E-08
51.662 356.39 0.135684E-06
51.662 356.49 0.259461E-06
51.662 356.59 0.483079E-06
51.662 356.69 0.857637E-06
51.662 356.79 0.135504E-05
51.662 356.89 0.173128E-05
51.662 356.99 0.174532E-05
51.662 357.09 0.151763E-05
51.662 357.19 0.125208E-05
51.662 357.39 0.863937E-06
51.662 357.59 0.643744E-06
51.662 358.39 0.330833E-06
51.662 359.39 0.239840E-06
51.662 360.39 0.257858E-06
51.662 361.39 0.398495E-06
51.662 362.39 0.621769E-06
51.662 363.39 0.730710E-06
51.662 364.39 0.709442E-06
51.662 365.39 0.663190E-06
51.662 366.39 0.629820E-06
51.662 367.39 0.606787E-06
51.662 369.39 0.560835E-06
51.662 374.39 0.413971E-06
51.662 379.39 0.307383E-06
51.662 384.39 0.240073E-06
51.662 394.39 0.162317E-06
51.662 404.39 0.119035E-06
51.662 414.39 0.916488E-07
51.662 424.39 0.729224E-07
51.662 434.39 0.593737E-07
51.662 444.39 0.492391E-07
51.662 454.39 0.414110E-07

66.724 254.39 0.232176E-08
66.724 264.39 0.364888E-08
66.724 274.39 0.581055E-08
66.724 284.39 0.942225E-08
66.724 294.39 0.156382E-07
66.724 304.39 0.268393E-07
66.724 314.39 0.484491E-07
66.724 324.39 0.953297E-07
66.724 329.39 0.141120E-06
66.724 334.39 0.218314E-06
66.724 339.39 0.311758E-06
66.724 341.39 0.315302E-06
66.724 342.39 0.308962E-06
66.724 343.39 0.305470E-06
66.724 344.39 0.310394E-06
66.724 345.39 0.316170E-06
66.724 346.39 0.293178E-06
66.724 347.39 0.244631E-06
66.724 348.39 0.232816E-06
66.724 349.39 0.290361E-06
66.724 350.39 0.522226E-06
66.724 351.19 0.173439E-05
66.724 351.39 0.198935E-05
66.724 351.59 0.991375E-06
66.724 351.69 0.560455E-06
66.724 351.79 0.302441E-06
66.724 351.89 0.159123E-06
66.724 351.99 0.810231E-07
66.724 352.09 0.388410E-07
66.724 352.19 0.167078E-07
66.724 352.29 0.586198E-08
66.724 352.39 0.134196E-08
66.724 352.89 0.707452E-12
66.724 353.39 0.000000E+00
66.724 355.39 0.000000E+00
66.724 355.89 0.715346E-09
66.724 356.39 0.914962E-07
66.724 356.49 0.174963E-06
66.724 356.59 0.325756E-06
66.724 356.69 0.578333E-06
66.724 356.79 0.913747E-06
66.724 356.89 0.116746E-05
66.724 356.99 0.117693E-05
66.724 357.09 0.102339E-05
66.724 357.19 0.844324E-06
66.724 357.39 0.582585E-06
66.724 357.59 0.434099E-06
66.724 358.39 0.223079E-06
66.724 359.39 0.161607E-06
66.724 360.39 0.173303E-06
66.724 361.39 0.266943E-06
66.724 362.39 0.415802E-06
66.724 363.39 0.488519E-06
66.724 364.39 0.474495E-06
66.724 365.39 0.443880E-06
66.724 366.39 0.421878E-06
66.724 367.39 0.406736E-06
66.724 369.39 0.376284E-06
66.724 374.39 0.277919E-06
66.724 379.39 0.206366E-06
66.724 384.39 0.161172E-06
66.724 394.39 0.108966E-06
66.724 404.39 0.799085E-07
66.724 414.39 0.615238E-07
66.724 424.39 0.489526E-07
66.724 434.39 0.398575E-07
66.724 444.39 0.330541E-07
66.724 454.39 0.277991E-07

86.177 254.39 0.249626E-08
86.177 264.39 0.374205E-08
86.177 274.39 0.568280E-08
86.177 284.39 0.878664E-08
86.177 294.39 0.139032E-07
86.177 304.39 0.227460E-07
86.177 314.39 0.391360E-07
86.177 324.39 0.733892E-07
86.177 329.39 0.106056E-06
86.177 334.39 0.160163E-06
86.177 339.39 0.223281E-06
86.177 341.39 0.223663E-06
86.177 342.39 0.218111E-06
86.177 343.39 0.214600E-06
86.177 344.39 0.216995E-06
86.177 345.39 0.219955E-06
86.177 346.39 0.202972E-06
86.177 347.39 0.168547E-06
86.177 348.39 0.159628E-06
86.177 349.39 0.198097E-06
86.177 350.39 0.354435E-06
86.177 351.19 0.117174E-05
86.177 351.39 0.134294E-05
86.177 351.59 0.670265E-06
86.177 351.69 0.380384E-06
86.177 351.79 0.207055E-06
86.177 351.89 0.110545E-06
86.177 351.99 0.572318E-07
86.177 352.09 0.278517E-07
86.177 352.19 0.122109E-07
86.177 352.29 0.446791E-08
86.177 352.39 0.117971E-08
86.177 352.89 0.268251E-11
86.177 353.39 0.000000E+00
86.177 355.39 0.000000E+00
86.177 355.89 0.480016E-09
86.177 356.39 0.613973E-07
86.177 356.49 0.117407E-06
86.177 356.59 0.218596E-06
86.177 356.69 0.388086E-06
86.177 356.79 0.613166E-06
86.177 356.89 0.783421E-06
86.177 356.99 0.789781E-06
86.177 357.09 0.686749E-06
86.177 357.19 0.566588E-06
86.177 357.39 0.390948E-06
86.177 357.59 0.291306E-06
86.177 358.39 0.149691E-06
86.177 359.39 0.108343E-06
86.177 360.39 0.115799E-06
86.177 361.39 0.177605E-06
86.177 362.39 0.276031E-06
86.177 363.39 0.324191E-06
86.177 364.39 0.315063E-06
86.177 365.39 0.295020E-06
86.177 366.39 0.280694E-06
86.177 367.39 0.270876E-06
86.177 369.39 0.250912E-06
86.177 374.39 0.185488E-06
86.177 379.39 0.137748E-06
86.177 384.39 0.107586E-06
86.177 394.39 0.727439E-07
86.177 404.39 0.533509E-07
86.177 414.39 0.410805E-07
86.177 424.39 0.326896E-07
86.177 434.39 0.266183E-07
86.177 444.39 0.220763E-07
86.177 454.39 0.185678E-07

111.302 254.39 0.231043E-08
111.302 264.39 0.334354E-08
111.302 274.39 0.490058E-08
111.302 284.39 0.731136E-08
111.302 294.39 0.111606E-07
111.302 304.39 0.176113E-07
111.302 314.39 0.292211E-07
111.302 324.39 0.528316E-07
111.302 329.39 0.749606E-07
111.302 334.39 0.111151E-06
111.302 339.39 0.152280E-06
111.302 341.39 0.151642E-06
111.302 342.39 0.147494E-06
111.302 343.39 0.144764E-06
111.302 344.39 0.146009E-06
111.302 345.39 0.147541E-06
111.302 346.39 0.135523E-06
111.302 347.39 0.111767E-06
111.302 348.39 0.105080E-06
111.302 349.39 0.129657E-06
111.302 350.39 0.230758E-06
111.302 351.19 0.758705E-06
111.302 351.39 0.869507E-06
111.302 351.59 0.437365E-06
111.302 351.69 0.251774E-06
111.302 351.79 0.141169E-06
111.302 351.89 0.789778E-07
111.302 351.99 0.429676E-07
111.302 352.09 0.218117E-07
111.302 352.19 0.100516E-07
111.302 352.29 0.405629E-08
111.302 352.39 0.137895E-08
111.302 352.89 0.662425E-11
111.302 353.39 0.000000E+00
111.302 355.39 0.000000E+00
111.302 355.89 0.316016E-09
111.302 356.39 0.404222E-07
111.302 356.49 0.772978E-07
111.302 356.59 0.143920E-06
111.302 356.69 0.255511E-06
111.302 356.79 0.403705E-06
111.302 356.89 0.515804E-06
111.302 356.99 0.519995E-06
111.302 357.09 0.452163E-06
111.302 357.19 0.373051E-06
111.302 357.39 0.257411E-06
111.302 357.59 0.191805E-06
111.302 358.39 0.985517E-07
111.302 359.39 0.712069E-07
111.302 360.39 0.756206E-07
111.302 361.39 0.115012E-06
111.302 362.39 0.177970E-06
111.302 363.39 0.208880E-06
111.302 364.39 0.203231E-06
111.302 365.39 0.190671E-06
111.302 366.39 0.181797E-06
111.302 367.39 0.175769E-06
111.302 369.39 0.163226E-06
111.302 374.39 0.120891E-06
111.302 379.39 0.898065E-07
111.302 384.39 0.701546E-07
111.302 394.39 0.474529E-07
111.302 404.39 0.348160E-07
111.302 414.39 0.268187E-07
111.302 424.39 0.213485E-07
111.302 434.39 0.173893E-07
111.302 444.39 0.144263E-07
111.302 454.39 0.121368E-07

143.753 254.39 0.182844E-08
143.753 264.39 0.257851E-08
143.753 274.39 0.368197E-08
143.753 284.39 0.535050E-08
143.753 294.39 0.795325E-08
143.753 304.39 0.122183E-07
143.753 314.39 0.197317E-07
143.753 324.39 0.347118E-07
143.753 329.39 0.485755E-07
143.753 334.39 0.710490E-07
143.753 339.39 0.962432E-07
143.753 341.39 0.956710E-07
143.753 342.39 0.930610E-07
143.753 343.39 0.913827E-07
143.753 344.39 0.921939E-07
143.753 345.39 0.930482E-07
143.753 346.39 0.850292E-07
143.753 347.39 0.693458E-07
143.753 348.39 0.643915E-07
143.753 349.39 0.788061E-07
143.753 350.39 0.139307E-06
143.753 351.19 0.454179E-06
143.753 351.39 0.521081E-06
143.753 351.59 0.267440E-06
143.753 351.69 0.159259E-06
143.753 351.79 0.952834E-07
143.753 351.89 0.583772E-07
143.753 351.99 0.345438E-07
143.753 352.09 0.186839E-07
143.753 352.19 0.920600E-08
143.753 352.29 0.415283E-08
143.753 352.39 0.173412E-08
143.753 352.89 0.111552E-10
143.753 353.39 0.000000E+00
143.753 355.39 0.000000E+00
143.753 355.89 0.199636E-09
143.753 356.39 0.255376E-07
143.753 356.49 0.488354E-07
143.753 356.59 0.909273E-07
143.753 356.69 0.161433E-06
143.753 356.79 0.255066E-06
143.753 356.89 0.325897E-06
143.753 356.99 0.328550E-06
143.753 357.09 0.285696E-06
143.753 357.19 0.235713E-06
143.753 357.39 0.162651E-06
143.753 357.59 0.121198E-06
143.753 358.39 0.622627E-07
143.753 359.39 0.448472E-07
143.753 360.39 0.470730E-07
143.753 361.39 0.704818E-07
143.753 362.39 0.108161E-06
143.753 363.39 0.126782E-06
143.753 364.39 0.123622E-06
143.753 365.39 0.116412E-06
143.753 366.39 0.111440E-06
143.753 367.39 0.108129E-06
143.753 369.39 0.100889E-06
143.753 374.39 0.749840E-07
143.753 379.39 0.557402E-07
143.753 384.39 0.435599E-07
143.753 394.39 0.294882E-07
143.753 404.39 0.216542E-07
143.753 414.39 0.166947E-07
143.753 424.39 0.133005E-07
143.753 434.39 0.108424E-07
143.753 444.39 0.900149E-08
143.753 454.39 0.757809E-08

185.664 254.39 0.124118E-08
185.664 264.39 0.171784E-08
185.664 274.39 0.240693E-08
185.664 284.39 0.343124E-08
185.664 294.39 0.500238E-08
185.664 304.39 0.753555E-08
185.664 314.39 0.119296E-07
185.664 324.39 0.205645E-07
185.664 329.39 0.284821E-07
185.664 334.39 0.412415E-07
185.664 339.39 0.555256E-07
185.664 341.39 0.553104E-07
185.664 342.39 0.539371E-07
185.664 343.39 0.531281E-07
185.664 344.39 0.537434E-07
185.664 345.39 0.542581E-07
185.664 346.39 0.492924E-07
185.664 347.39 0.395837E-07
185.664 348.39 0.361033E-07
185.664 349.39 0.436907E-07
185.664 350.39 0.765115E-07
185.664 351.19 0.246134E-06
185.664 351.39 0.283164E-06
185.664 351.59 0.150917E-06
185.664 351.69 0.952471E-07
185.664 351.79 0.628348E-07
185.664 351.89 0.431328E-07
185.664 351.99 0.278457E-07
185.664 352.09 0.159414E-07
185.664 352.19 0.828294E-08
185.664 352.29 0.403042E-08
185.664 352.39 0.187651E-08
185.664 352.89 0.134440E-10
185.664 353.39 0.000000E+00
185.664 355.39 0.000000E+00
185.664 355.89 0.118576E-09
185.664 356.39 0.151699E-07
185.664 356.49 0.290100E-07
185.664 356.59 0.540154E-07
185.664 356.69 0.959015E-07
185.664 356.79 0.151529E-06
185.664 356.89 0.193613E-06
185.664 356.99 0.195194E-06
185.664 357.09 0.169738E-06
185.664 357.19 0.140045E-06
185.664 357.39 0.966402E-07
185.664 357.59 0.720123E-07
185.664 358.39 0.369871E-07
185.664 359.39 0.265306E-07
185.664 360.39 0.274050E-07
185.664 361.39 0.401340E-07
185.664 362.39 0.608472E-07
185.664 363.39 0.711862E-07
185.664 364.39 0.696364E-07
185.664 365.39 0.659307E-07
185.664 366.39 0.634834E-07
185.664 367.39 0.619141E-07
185.664 369.39 0.581602E-07
185.664 374.39 0.434436E-07
185.664 379.39 0.323264E-07
185.664 384.39 0.252785E-07
185.664 394.39 0.171354E-07
185.664 404.39 0.126012E-07
185.664 414.39 0.972927E-08
185.664 424.39 0.776229E-08
185.664 434.39 0.633652E-08
185.664 444.39 0.526751E-08
185.664 454.39 0.444011E-08

239.794 254.39 0.743766E-09
239.794 264.39 0.101555E-08
239.794 274.39 0.140358E-08
239.794 284.39 0.197331E-08
239.794 294.39 0.283666E-08
239.794 304.39 0.421253E-08
239.794 314.39 0.657261E-08
239.794 324.39 0.111614E-07
239.794 329.39 0.153403E-07
239.794 334.39 0.220495E-07
239.794 339.39 0.296161E-07
239.794 341.39 0.296336E-07
239.794 342.39 0.290084E-07
239.794 343.39 0.286959E-07
239.794 344.39 0.291343E-07
239.794 345.39 0.294408E-07
239.794 346.39 0.265882E-07
239.794 347.39 0.209917E-07
239.794 348.39 0.187561E-07
239.794 349.39 0.223961E-07
239.794 350.39 0.387408E-07
239.794 351.19 0.122217E-06
239.794 351.39 0.141262E-06
239.794 351.59 0.796984E-07
239.794 351.69 0.543696E-07
239.794 351.79 0.400403E-07
239.794 351.89 0.304827E-07
239.794 351.99 0.210183E-07
239.794 352.09 0.124977E-07
239.794 352.19 0.670717E-08
239.794 352.29 0.340261E-08
239.794 352.39 0.166895E-08
239.794 352.89 0.124923E-10
239.794 353.39 0.000000E+00
239.794 355.39 0.000000E+00
239.794 355.89 0.659537E-10
239.794 356.39 0.843873E-08
239.794 356.49 0.161381E-07
239.794 356.59 0.300494E-07
239.794 356.69 0.533525E-07
239.794 356.79 0.843019E-07
239.794 356.89 0.107718E-06
239.794 356.99 0.108600E-06
239.794 357.09 0.944401E-07
239.794 357.19 0.779217E-07
239.794 357.39 0.537738E-07
239.794 357.59 0.400713E-07
239.794 358.39 0.205781E-07
239.794 359.39 0.146996E-07
239.794 360.39 0.149376E-07
239.794 361.39 0.213659E-07
239.794 362.39 0.319624E-07
239.794 363.39 0.373140E-07
239.794 364.39 0.366345E-07
239.794 365.39 0.348952E-07
239.794 366.39 0.338166E-07
239.794 367.39 0.331659E-07
239.794 369.39 0.313842E-07
239.794 374.39 0.235723E-07
239.794 379.39 0.175621E-07
239.794 384.39 0.137451E-07
239.794 394.39 0.933434E-08
239.794 404.39 0.687778E-08
239.794 414.39 0.532082E-08
239.794 424.39 0.425345E-08
239.794 434.39 0.347889E-08
239.794 444.39 0.289734E-08
239.794 454.39 0.244664E-08

309.705 254.39 0.410797E-09
309.705 264.39 0.555438E-09
309.705 274.39 0.760093E-09
309.705 284.39 0.105793E-08
309.705 294.39 0.150534E-08
309.705 304.39 0.221240E-08
309.705 314.39 0.341549E-08
309.705 324.39 0.573644E-08
309.705 329.39 0.783919E-08
309.705 334.39 0.112074E-07
309.705 339.39 0.150510E-07
309.705 341.39 0.151389E-07
309.705 342.39 0.148774E-07
309.705 343.39 0.147772E-07
309.705 344.39 0.150521E-07
309.705 345.39 0.152222E-07
309.705 346.39 0.136743E-07
309.705 347.39 0.106296E-07
309.705 348.39 0.931182E-08
309.705 349.39 0.109657E-07
309.705 350.39 0.186899E-07
309.705 351.19 0.574581E-07
309.705 351.39 0.668562E-07
309.705 351.59 0.405981E-07
309.705 351.69 0.302002E-07
309.705 351.79 0.246148E-07
309.705 351.89 0.202660E-07
309.705 351.99 0.145886E-07
309.705 352.09 0.887419E-08
309.705 352.19 0.485075E-08
309.705 352.29 0.251640E-08
309.705 352.39 0.126678E-08
309.705 352.89 0.967514E-11
309.705 353.39 0.000000E+00
309.705 355.39 0.000000E+00
309.705 355.89 0.348725E-10
309.705 356.39 0.446246E-08
309.705 356.49 0.853421E-08
309.705 356.59 0.158912E-07
309.705 356.69 0.282157E-07
309.705 356.79 0.445847E-07
309.705 356.89 0.569704E-07
309.705 356.99 0.574388E-07
309.705 357.09 0.499509E-07
309.705 357.19 0.412153E-07
309.705 357.39 0.284443E-07
309.705 357.59 0.211970E-07
309.705 358.39 0.108846E-07
309.705 359.39 0.774951E-08
309.705 360.39 0.776886E-08
309.705 361.39 0.108884E-07
309.705 362.39 0.160955E-07
309.705 363.39 0.187549E-07
309.705 364.39 0.184750E-07
309.705 365.39 0.176947E-07
309.705 366.39 0.172470E-07
309.705 367.39 0.169997E-07
309.705 369.39 0.161911E-07
309.705 374.39 0.122224E-07
309.705 379.39 0.911844E-08
309.705 384.39 0.714400E-08
309.705 394.39 0.486201E-08
309.705 404.39 0.359061E-08
309.705 414.39 0.278420E-08
309.705 424.39 0.223080E-08
309.705 434.39 0.182871E-08
309.705 444.39 0.152638E-08
309.705 454.39 0.129173E-08

400 254.39 0.217158E-09
400 264.39 0.291530E-09
400 274.39 0.396082E-09
400 284.39 0.547262E-09
400 294.39 0.772935E-09
400 304.39 0.112742E-08
400 314.39 0.172706E-08
400 324.39 0.287715E-08
400 329.39 0.391509E-08
400 334.39 0.557527E-08
400 339.39 0.749421E-08
400 341.39 0.757543E-08
400 342.39 0.746947E-08
400 343.39 0.744314E-08
400 344.39 0.759955E-08
400 345.39 0.768799E-08
400 346.39 0.687588E-08
400 347.39 0.527731E-08
400 348.39 0.454538E-08
400 349.39 0.528316E-08
400 350.39 0.886039E-08
400 351.19 0.264180E-07
400 351.39 0.309947E-07
400 351.59 0.204473E-07
400 351.69 0.165234E-07
400 351.79 0.146083E-07
400 351.89 0.126901E-07
400 351.99 0.938170E-08
400 352.09 0.578353E-08
400 352.19 0.319445E-08
400 352.29 0.167763E-08
400 352.39 0.856233E-09
400 352.89 0.660668E-11
400 353.39 0.000000E+00
400 355.39 0.000000E+00
400 355.89 0.179125E-10
400 356.39 0.229244E-08
400 356.49 0.438430E-08
400 356.59 0.816408E-08
400 356.69 0.144961E-07
400 356.79 0.229066E-07
400 356.89 0.292709E-07
400 356.99 0.295124E-07
400 357.09 0.256658E-07
400 357.19 0.211779E-07
400 357.39 0.146165E-07
400 357.59 0.108928E-07
400 358.39 0.559341E-08
400 359.39 0.397301E-08
400 360.39 0.394329E-08
400 361.39 0.544171E-08
400 362.39 0.796920E-08
400 363.39 0.927239E-08
400 364.39 0.915888E-08
400 365.39 0.881066E-08
400 366.39 0.862717E-08
400 367.39 0.853695E-08
400 369.39 0.817256E-08
400 374.39 0.619491E-08
400 379.39 0.462792E-08
400 384.39 0.362981E-08
400 394.39 0.247596E-08
400 404.39 0.183282E-08
400 414.39 0.142459E-08
400 424.39 0.114415E-08
400 434.39 0.940147E-09
400 444.39 0.786539E-09
400 454.39 0.667151E-09

